dataset_id,dno_alias,aggregated_device_count_active,total_consumption_active_import,data_collection_log_timestamp,geometry,secondary_substation_unique_id,lv_feeder_unique_id
281800116001,SSEN,46.0,10304.0,2024-12-01 00:30:00+00:00,"{'x': -0.373581, 'y': 51.46935}",SSEN-2818001160,SSEN-281800116001
281800116002,SSEN,19.0,10146.0,2024-12-01 00:30:00+00:00,"{'x': -0.373581, 'y': 51.46935}",SSEN-2818001160,SSEN-281800116002
281800116004,SSEN,18.0,3763.0,2024-12-01 00:30:00+00:00,"{'x': -0.373581, 'y': 51.46935}",SSEN-2818001160,SSEN-281800116004
281800116005,SSEN,43.0,16428.0,2024-12-01 00:30:00+00:00,"{'x': -0.373581, 'y': 51.46935}",SSEN-2818001160,SSEN-281800116005
281800116001,SSEN,46.0,10340.0,2024-12-01 01:00:00+00:00,"{'x': -0.373581, 'y': 51.46935}",SSEN-2818001160,SSEN-281800116001
281800116002,SSEN,19.0,9654.0,2024-12-01 01:00:00+00:00,"{'x': -0.373581, 'y': 51.46935}",SSEN-2818001160,SSEN-281800116002
281800116004,SSEN,18.0,3485.0,2024-12-01 01:00:00+00:00,"{'x': -0.373581, 'y': 51.46935}",SSEN-2818001160,SSEN-281800116004
281800116005,SSEN,43.0,16116.0,2024-12-01 01:00:00+00:00,"{'x': -0.373581, 'y': 51.46935}",SSEN-2818001160,SSEN-281800116005
281800116001,SSEN,46.0,9496.0,2024-12-01 01:30:00+00:00,"{'x': -0.373581, 'y': 51.46935}",SSEN-2818001160,SSEN-281800116001
281800116002,SSEN,19.0,8043.0,2024-12-01 01:30:00+00:00,"{'x': -0.373581, 'y': 51.46935}",SSEN-2818001160,SSEN-281800116002
281800116004,SSEN,18.0,3113.0,2024-12-01 01:30:00+00:00,"{'x': -0.373581, 'y': 51.46935}",SSEN-2818001160,SSEN-281800116004
281800116005,SSEN,43.0,18537.0,2024-12-01 01:30:00+00:00,"{'x': -0.373581, 'y': 51.46935}",SSEN-2818001160,SSEN-281800116005
281800116001,SSEN,46.0,9612.0,2024-12-01 02:00:00+00:00,"{'x': -0.373581, 'y': 51.46935}",SSEN-2818001160,SSEN-281800116001
281800116002,SSEN,19.0,7481.0,2024-12-01 02:00:00+00:00,"{'x': -0.373581, 'y': 51.46935}",SSEN-2818001160,SSEN-281800116002
281800116004,SSEN,18.0,3108.0,2024-12-01 02:00:00+00:00,"{'x': -0.373581, 'y': 51.46935}",SSEN-2818001160,SSEN-281800116004
281800116005,SSEN,43.0,14615.0,2024-12-01 02:00:00+00:00,"{'x': -0.373581, 'y': 51.46935}",SSEN-2818001160,SSEN-281800116005
281800116001,SSEN,46.0,9371.0,2024-12-01 02:30:00+00:00,"{'x': -0.373581, 'y': 51.46935}",SSEN-2818001160,SSEN-281800116001
281800116002,SSEN,19.0,5899.0,2024-12-01 02:30:00+00:00,"{'x': -0.373581, 'y': 51.46935}",SSEN-2818001160,SSEN-281800116002
281800116004,SSEN,18.0,3384.0,2024-12-01 02:30:00+00:00,"{'x': -0.373581, 'y': 51.46935}",SSEN-2818001160,SSEN-281800116004
281800116005,SSEN,43.0,13656.0,2024-12-01 02:30:00+00:00,"{'x': -0.373581, 'y': 51.46935}",SSEN-2818001160,SSEN-281800116005
281800116001,SSEN,46.0,9486.0,2024-12-01 03:00:00+00:00,"{'x': -0.373581, 'y': 51.46935}",SSEN-2818001160,SSEN-281800116001
281800116002,SSEN,19.0,3618.0,2024-12-01 03:00:00+00:00,"{'x': -0.373581, 'y': 51.46935}",SSEN-2818001160,SSEN-281800116002
281800116004,SSEN,18.0,3391.0,2024-12-01 03:00:00+00:00,"{'x': -0.373581, 'y': 51.46935}",SSEN-2818001160,SSEN-281800116004
281800116005,SSEN,43.0,13820.0,2024-12-01 03:00:00+00:00,"{'x': -0.373581, 'y': 51.46935}",SSEN-2818001160,SSEN-281800116005
281800116001,SSEN,46.0,8859.0,2024-12-01 03:30:00+00:00,"{'x': -0.373581, 'y': 51.46935}",SSEN-2818001160,SSEN-281800116001
281800116002,SSEN,19.0,3123.0,2024-12-01 03:30:00+00:00,"{'x': -0.373581, 'y': 51.46935}",SSEN-2818001160,SSEN-281800116002
281800116004,SSEN,18.0,3917.0,2024-12-01 03:30:00+00:00,"{'x': -0.373581, 'y': 51.46935}",SSEN-2818001160,SSEN-281800116004
281800116005,SSEN,43.0,13513.0,2024-12-01 03:30:00+00:00,"{'x': -0.373581, 'y': 51.46935}",SSEN-2818001160,SSEN-281800116005
281800116001,SSEN,46.0,8889.0,2024-12-01 04:00:00+00:00,"{'x': -0.373581, 'y': 51.46935}",SSEN-2818001160,SSEN-281800116001
281800116002,SSEN,19.0,2864.0,2024-12-01 04:00:00+00:00,"{'x': -0.373581, 'y': 51.46935}",SSEN-2818001160,SSEN-281800116002
281800116004,SSEN,18.0,3440.0,2024-12-01 04:00:00+00:00,"{'x': -0.373581, 'y': 51.46935}",SSEN-2818001160,SSEN-281800116004
281800116005,SSEN,43.0,13897.0,2024-12-01 04:00:00+00:00,"{'x': -0.373581, 'y': 51.46935}",SSEN-2818001160,SSEN-281800116005
281800116001,SSEN,46.0,9432.0,2024-12-01 04:30:00+00:00,"{'x': -0.373581, 'y': 51.46935}",SSEN-2818001160,SSEN-281800116001
281800116002,SSEN,19.0,2705.0,2024-12-01 04:30:00+00:00,"{'x': -0.373581, 'y': 51.46935}",SSEN-2818001160,SSEN-281800116002
281800116004,SSEN,18.0,3513.0,2024-12-01 04:30:00+00:00,"{'x': -0.373581, 'y': 51.46935}",SSEN-2818001160,SSEN-281800116004
281800116005,SSEN,43.0,12639.0,2024-12-01 04:30:00+00:00,"{'x': -0.373581, 'y': 51.46935}",SSEN-2818001160,SSEN-281800116005
281800116001,SSEN,46.0,9081.0,2024-12-01 05:00:00+00:00,"{'x': -0.373581, 'y': 51.46935}",SSEN-2818001160,SSEN-281800116001
281800116002,SSEN,19.0,2550.0,2024-12-01 05:00:00+00:00,"{'x': -0.373581, 'y': 51.46935}",SSEN-2818001160,SSEN-281800116002
281800116004,SSEN,18.0,3329.0,2024-12-01 05:00:00+00:00,"{'x': -0.373581, 'y': 51.46935}",SSEN-2818001160,SSEN-281800116004
281800116005,SSEN,43.0,12393.0,2024-12-01 05:00:00+00:00,"{'x': -0.373581, 'y': 51.46935}",SSEN-2818001160,SSEN-281800116005
281800116001,SSEN,46.0,6766.0,2024-12-01 05:30:00+00:00,"{'x': -0.373581, 'y': 51.46935}",SSEN-2818001160,SSEN-281800116001
281800116002,SSEN,19.0,2985.0,2024-12-01 05:30:00+00:00,"{'x': -0.373581, 'y': 51.46935}",SSEN-2818001160,SSEN-281800116002
281800116004,SSEN,18.0,3108.0,2024-12-01 05:30:00+00:00,"{'x': -0.373581, 'y': 51.46935}",SSEN-2818001160,SSEN-281800116004
281800116005,SSEN,43.0,11905.0,2024-12-01 05:30:00+00:00,"{'x': -0.373581, 'y': 51.46935}",SSEN-2818001160,SSEN-281800116005
281800116001,SSEN,46.0,6525.0,2024-12-01 06:00:00+00:00,"{'x': -0.373581, 'y': 51.46935}",SSEN-2818001160,SSEN-281800116001
281800116002,SSEN,19.0,2765.0,2024-12-01 06:00:00+00:00,"{'x': -0.373581, 'y': 51.46935}",SSEN-2818001160,SSEN-281800116002
281800116004,SSEN,18.0,3067.0,2024-12-01 06:00:00+00:00,"{'x': -0.373581, 'y': 51.46935}",SSEN-2818001160,SSEN-281800116004
281800116005,SSEN,43.0,10261.0,2024-12-01 06:00:00+00:00,"{'x': -0.373581, 'y': 51.46935}",SSEN-2818001160,SSEN-281800116005
281800116001,SSEN,46.0,7250.0,2024-12-01 06:30:00+00:00,"{'x': -0.373581, 'y': 51.46935}",SSEN-2818001160,SSEN-281800116001
281800116002,SSEN,19.0,3413.0,2024-12-01 06:30:00+00:00,"{'x': -0.373581, 'y': 51.46935}",SSEN-2818001160,SSEN-281800116002
281800116004,SSEN,18.0,3224.0,2024-12-01 06:30:00+00:00,"{'x': -0.373581, 'y': 51.46935}",SSEN-2818001160,SSEN-281800116004
281800116005,SSEN,43.0,11296.0,2024-12-01 06:30:00+00:00,"{'x': -0.373581, 'y': 51.46935}",SSEN-2818001160,SSEN-281800116005
281800116001,SSEN,46.0,7085.0,2024-12-01 07:00:00+00:00,"{'x': -0.373581, 'y': 51.46935}",SSEN-2818001160,SSEN-281800116001
281800116002,SSEN,19.0,4444.0,2024-12-01 07:00:00+00:00,"{'x': -0.373581, 'y': 51.46935}",SSEN-2818001160,SSEN-281800116002
281800116004,SSEN,18.0,3601.0,2024-12-01 07:00:00+00:00,"{'x': -0.373581, 'y': 51.46935}",SSEN-2818001160,SSEN-281800116004
281800116005,SSEN,43.0,11777.0,2024-12-01 07:00:00+00:00,"{'x': -0.373581, 'y': 51.46935}",SSEN-2818001160,SSEN-281800116005
281800116001,SSEN,46.0,9449.0,2024-12-01 07:30:00+00:00,"{'x': -0.373581, 'y': 51.46935}",SSEN-2818001160,SSEN-281800116001
281800116002,SSEN,19.0,3325.0,2024-12-01 07:30:00+00:00,"{'x': -0.373581, 'y': 51.46935}",SSEN-2818001160,SSEN-281800116002
281800116004,SSEN,18.0,3584.0,2024-12-01 07:30:00+00:00,"{'x': -0.373581, 'y': 51.46935}",SSEN-2818001160,SSEN-281800116004
281800116005,SSEN,43.0,11725.0,2024-12-01 07:30:00+00:00,"{'x': -0.373581, 'y': 51.46935}",SSEN-2818001160,SSEN-281800116005
281800116001,SSEN,46.0,8782.0,2024-12-01 08:00:00+00:00,"{'x': -0.373581, 'y': 51.46935}",SSEN-2818001160,SSEN-281800116001
281800116002,SSEN,19.0,3469.0,2024-12-01 08:00:00+00:00,"{'x': -0.373581, 'y': 51.46935}",SSEN-2818001160,SSEN-281800116002
281800116004,SSEN,18.0,3492.0,2024-12-01 08:00:00+00:00,"{'x': -0.373581, 'y': 51.46935}",SSEN-2818001160,SSEN-281800116004
281800116005,SSEN,43.0,10354.0,2024-12-01 08:00:00+00:00,"{'x': -0.373581, 'y': 51.46935}",SSEN-2818001160,SSEN-281800116005
281800116001,SSEN,46.0,11039.0,2024-12-01 08:30:00+00:00,"{'x': -0.373581, 'y': 51.46935}",SSEN-2818001160,SSEN-281800116001
281800116002,SSEN,19.0,2974.0,2024-12-01 08:30:00+00:00,"{'x': -0.373581, 'y': 51.46935}",SSEN-2818001160,SSEN-281800116002
281800116004,SSEN,18.0,3694.0,2024-12-01 08:30:00+00:00,"{'x': -0.373581, 'y': 51.46935}",SSEN-2818001160,SSEN-281800116004
281800116005,SSEN,43.0,12915.0,2024-12-01 08:30:00+00:00,"{'x': -0.373581, 'y': 51.46935}",SSEN-2818001160,SSEN-281800116005
281800116001,SSEN,46.0,12582.0,2024-12-01 09:00:00+00:00,"{'x': -0.373581, 'y': 51.46935}",SSEN-2818001160,SSEN-281800116001
281800116002,SSEN,19.0,3902.0,2024-12-01 09:00:00+00:00,"{'x': -0.373581, 'y': 51.46935}",SSEN-2818001160,SSEN-281800116002
281800116004,SSEN,18.0,3480.0,2024-12-01 09:00:00+00:00,"{'x': -0.373581, 'y': 51.46935}",SSEN-2818001160,SSEN-281800116004
281800116005,SSEN,43.0,12707.0,2024-12-01 09:00:00+00:00,"{'x': -0.373581, 'y': 51.46935}",SSEN-2818001160,SSEN-281800116005
281800116001,SSEN,46.0,12390.0,2024-12-01 09:30:00+00:00,"{'x': -0.373581, 'y': 51.46935}",SSEN-2818001160,SSEN-281800116001
281800116002,SSEN,19.0,2933.0,2024-12-01 09:30:00+00:00,"{'x': -0.373581, 'y': 51.46935}",SSEN-2818001160,SSEN-281800116002
281800116004,SSEN,18.0,3998.0,2024-12-01 09:30:00+00:00,"{'x': -0.373581, 'y': 51.46935}",SSEN-2818001160,SSEN-281800116004
281800116005,SSEN,43.0,15041.0,2024-12-01 09:30:00+00:00,"{'x': -0.373581, 'y': 51.46935}",SSEN-2818001160,SSEN-281800116005
281800116001,SSEN,46.0,12120.0,2024-12-01 10:00:00+00:00,"{'x': -0.373581, 'y': 51.46935}",SSEN-2818001160,SSEN-281800116001
281800116002,SSEN,19.0,4190.0,2024-12-01 10:00:00+00:00,"{'x': -0.373581, 'y': 51.46935}",SSEN-2818001160,SSEN-281800116002
281800116004,SSEN,18.0,4102.0,2024-12-01 10:00:00+00:00,"{'x': -0.373581, 'y': 51.46935}",SSEN-2818001160,SSEN-281800116004
281800116005,SSEN,43.0,15921.0,2024-12-01 10:00:00+00:00,"{'x': -0.373581, 'y': 51.46935}",SSEN-2818001160,SSEN-281800116005
281800116001,SSEN,46.0,12548.0,2024-12-01 10:30:00+00:00,"{'x': -0.373581, 'y': 51.46935}",SSEN-2818001160,SSEN-281800116001
281800116002,SSEN,19.0,7438.0,2024-12-01 10:30:00+00:00,"{'x': -0.373581, 'y': 51.46935}",SSEN-2818001160,SSEN-281800116002
281800116004,SSEN,18.0,4748.0,2024-12-01 10:30:00+00:00,"{'x': -0.373581, 'y': 51.46935}",SSEN-2818001160,SSEN-281800116004
281800116005,SSEN,43.0,15635.0,2024-12-01 10:30:00+00:00,"{'x': -0.373581, 'y': 51.46935}",SSEN-2818001160,SSEN-281800116005
281800116001,SSEN,46.0,15398.0,2024-12-01 11:00:00+00:00,"{'x': -0.373581, 'y': 51.46935}",SSEN-2818001160,SSEN-281800116001
281800116002,SSEN,19.0,5892.0,2024-12-01 11:00:00+00:00,"{'x': -0.373581, 'y': 51.46935}",SSEN-2818001160,SSEN-281800116002
281800116004,SSEN,18.0,9994.0,2024-12-01 11:00:00+00:00,"{'x': -0.373581, 'y': 51.46935}",SSEN-2818001160,SSEN-281800116004
281800116005,SSEN,43.0,17496.0,2024-12-01 11:00:00+00:00,"{'x': -0.373581, 'y': 51.46935}",SSEN-2818001160,SSEN-281800116005
281800116001,SSEN,46.0,13956.0,2024-12-01 11:30:00+00:00,"{'x': -0.373581, 'y': 51.46935}",SSEN-2818001160,SSEN-281800116001
281800116002,SSEN,19.0,6795.0,2024-12-01 11:30:00+00:00,"{'x': -0.373581, 'y': 51.46935}",SSEN-2818001160,SSEN-281800116002
281800116004,SSEN,18.0,11522.0,2024-12-01 11:30:00+00:00,"{'x': -0.373581, 'y': 51.46935}",SSEN-2818001160,SSEN-281800116004
281800116005,SSEN,43.0,14007.0,2024-12-01 11:30:00+00:00,"{'x': -0.373581, 'y': 51.46935}",SSEN-2818001160,SSEN-281800116005
281800116001,SSEN,46.0,12545.0,2024-12-01 12:00:00+00:00,"{'x': -0.373581, 'y': 51.46935}",SSEN-2818001160,SSEN-281800116001
281800116002,SSEN,19.0,6009.0,2024-12-01 12:00:00+00:00,"{'x': -0.373581, 'y': 51.46935}",SSEN-2818001160,SSEN-281800116002
281800116004,SSEN,18.0,11481.0,2024-12-01 12:00:00+00:00,"{'x': -0.373581, 'y': 51.46935}",SSEN-2818001160,SSEN-281800116004
281800116005,SSEN,43.0,13728.0,2024-12-01 12:00:00+00:00,"{'x': -0.373581, 'y': 51.46935}",SSEN-2818001160,SSEN-281800116005
281800116001,SSEN,46.0,13489.0,2024-12-01 12:30:00+00:00,"{'x': -0.373581, 'y': 51.46935}",SSEN-2818001160,SSEN-281800116001
281800116002,SSEN,19.0,8817.0,2024-12-01 12:30:00+00:00,"{'x': -0.373581, 'y': 51.46935}",SSEN-2818001160,SSEN-281800116002
281800116004,SSEN,18.0,11526.0,2024-12-01 12:30:00+00:00,"{'x': -0.373581, 'y': 51.46935}",SSEN-2818001160,SSEN-281800116004
281800116005,SSEN,43.0,18808.0,2024-12-01 12:30:00+00:00,"{'x': -0.373581, 'y': 51.46935}",SSEN-2818001160,SSEN-281800116005
281800116001,SSEN,46.0,15470.0,2024-12-01 13:00:00+00:00,"{'x': -0.373581, 'y': 51.46935}",SSEN-2818001160,SSEN-281800116001
281800116002,SSEN,19.0,6073.0,2024-12-01 13:00:00+00:00,"{'x': -0.373581, 'y': 51.46935}",SSEN-2818001160,SSEN-281800116002
281800116004,SSEN,18.0,11178.0,2024-12-01 13:00:00+00:00,"{'x': -0.373581, 'y': 51.46935}",SSEN-2818001160,SSEN-281800116004
281800116005,SSEN,43.0,17480.0,2024-12-01 13:00:00+00:00,"{'x': -0.373581, 'y': 51.46935}",SSEN-2818001160,SSEN-281800116005
281800116001,SSEN,46.0,13571.0,2024-12-01 13:30:00+00:00,"{'x': -0.373581, 'y': 51.46935}",SSEN-2818001160,SSEN-281800116001
281800116002,SSEN,19.0,7335.0,2024-12-01 13:30:00+00:00,"{'x': -0.373581, 'y': 51.46935}",SSEN-2818001160,SSEN-281800116002
281800116004,SSEN,18.0,6970.0,2024-12-01 13:30:00+00:00,"{'x': -0.373581, 'y': 51.46935}",SSEN-2818001160,SSEN-281800116004
281800116005,SSEN,43.0,20633.0,2024-12-01 13:30:00+00:00,"{'x': -0.373581, 'y': 51.46935}",SSEN-2818001160,SSEN-281800116005
281800116001,SSEN,46.0,14575.0,2024-12-01 14:00:00+00:00,"{'x': -0.373581, 'y': 51.46935}",SSEN-2818001160,SSEN-281800116001
281800116002,SSEN,19.0,7245.0,2024-12-01 14:00:00+00:00,"{'x': -0.373581, 'y': 51.46935}",SSEN-2818001160,SSEN-281800116002
281800116004,SSEN,18.0,4769.0,2024-12-01 14:00:00+00:00,"{'x': -0.373581, 'y': 51.46935}",SSEN-2818001160,SSEN-281800116004
281800116005,SSEN,43.0,15722.0,2024-12-01 14:00:00+00:00,"{'x': -0.373581, 'y': 51.46935}",SSEN-2818001160,SSEN-281800116005
281800116001,SSEN,46.0,11008.0,2024-12-01 14:30:00+00:00,"{'x': -0.373581, 'y': 51.46935}",SSEN-2818001160,SSEN-281800116001
281800116002,SSEN,19.0,7551.0,2024-12-01 14:30:00+00:00,"{'x': -0.373581, 'y': 51.46935}",SSEN-2818001160,SSEN-281800116002
281800116004,SSEN,18.0,5433.0,2024-12-01 14:30:00+00:00,"{'x': -0.373581, 'y': 51.46935}",SSEN-2818001160,SSEN-281800116004
281800116005,SSEN,43.0,15673.0,2024-12-01 14:30:00+00:00,"{'x': -0.373581, 'y': 51.46935}",SSEN-2818001160,SSEN-281800116005
281800116001,SSEN,46.0,10874.0,2024-12-01 15:00:00+00:00,"{'x': -0.373581, 'y': 51.46935}",SSEN-2818001160,SSEN-281800116001
281800116002,SSEN,19.0,6355.0,2024-12-01 15:00:00+00:00,"{'x': -0.373581, 'y': 51.46935}",SSEN-2818001160,SSEN-281800116002
281800116004,SSEN,18.0,4134.0,2024-12-01 15:00:00+00:00,"{'x': -0.373581, 'y': 51.46935}",SSEN-2818001160,SSEN-281800116004
281800116005,SSEN,43.0,13744.0,2024-12-01 15:00:00+00:00,"{'x': -0.373581, 'y': 51.46935}",SSEN-2818001160,SSEN-281800116005
281800116001,SSEN,46.0,13539.0,2024-12-01 15:30:00+00:00,"{'x': -0.373581, 'y': 51.46935}",SSEN-2818001160,SSEN-281800116001
281800116002,SSEN,19.0,6861.0,2024-12-01 15:30:00+00:00,"{'x': -0.373581, 'y': 51.46935}",SSEN-2818001160,SSEN-281800116002
281800116004,SSEN,18.0,4481.0,2024-12-01 15:30:00+00:00,"{'x': -0.373581, 'y': 51.46935}",SSEN-2818001160,SSEN-281800116004
281800116005,SSEN,43.0,14771.0,2024-12-01 15:30:00+00:00,"{'x': -0.373581, 'y': 51.46935}",SSEN-2818001160,SSEN-281800116005
281800116001,SSEN,46.0,14088.0,2024-12-01 16:00:00+00:00,"{'x': -0.373581, 'y': 51.46935}",SSEN-2818001160,SSEN-281800116001
281800116002,SSEN,19.0,5885.0,2024-12-01 16:00:00+00:00,"{'x': -0.373581, 'y': 51.46935}",SSEN-2818001160,SSEN-281800116002
281800116004,SSEN,18.0,3265.0,2024-12-01 16:00:00+00:00,"{'x': -0.373581, 'y': 51.46935}",SSEN-2818001160,SSEN-281800116004
281800116005,SSEN,43.0,16237.0,2024-12-01 16:00:00+00:00,"{'x': -0.373581, 'y': 51.46935}",SSEN-2818001160,SSEN-281800116005
281800116001,SSEN,46.0,17420.0,2024-12-01 16:30:00+00:00,"{'x': -0.373581, 'y': 51.46935}",SSEN-2818001160,SSEN-281800116001
281800116002,SSEN,19.0,6954.0,2024-12-01 16:30:00+00:00,"{'x': -0.373581, 'y': 51.46935}",SSEN-2818001160,SSEN-281800116002
281800116004,SSEN,18.0,4740.0,2024-12-01 16:30:00+00:00,"{'x': -0.373581, 'y': 51.46935}",SSEN-2818001160,SSEN-281800116004
281800116005,SSEN,43.0,14610.0,2024-12-01 16:30:00+00:00,"{'x': -0.373581, 'y': 51.46935}",SSEN-2818001160,SSEN-281800116005
281800116001,SSEN,46.0,15438.0,2024-12-01 17:00:00+00:00,"{'x': -0.373581, 'y': 51.46935}",SSEN-2818001160,SSEN-281800116001
281800116002,SSEN,19.0,6815.0,2024-12-01 17:00:00+00:00,"{'x': -0.373581, 'y': 51.46935}",SSEN-2818001160,SSEN-281800116002
281800116004,SSEN,18.0,4829.0,2024-12-01 17:00:00+00:00,"{'x': -0.373581, 'y': 51.46935}",SSEN-2818001160,SSEN-281800116004
281800116005,SSEN,43.0,15927.0,2024-12-01 17:00:00+00:00,"{'x': -0.373581, 'y': 51.46935}",SSEN-2818001160,SSEN-281800116005
281800116001,SSEN,46.0,17767.0,2024-12-01 17:30:00+00:00,"{'x': -0.373581, 'y': 51.46935}",SSEN-2818001160,SSEN-281800116001
281800116002,SSEN,19.0,6170.0,2024-12-01 17:30:00+00:00,"{'x': -0.373581, 'y': 51.46935}",SSEN-2818001160,SSEN-281800116002
281800116004,SSEN,18.0,5227.0,2024-12-01 17:30:00+00:00,"{'x': -0.373581, 'y': 51.46935}",SSEN-2818001160,SSEN-281800116004
281800116005,SSEN,43.0,16756.0,2024-12-01 17:30:00+00:00,"{'x': -0.373581, 'y': 51.46935}",SSEN-2818001160,SSEN-281800116005
281800116001,SSEN,46.0,18579.0,2024-12-01 18:00:00+00:00,"{'x': -0.373581, 'y': 51.46935}",SSEN-2818001160,SSEN-281800116001
281800116002,SSEN,19.0,6308.0,2024-12-01 18:00:00+00:00,"{'x': -0.373581, 'y': 51.46935}",SSEN-2818001160,SSEN-281800116002
281800116004,SSEN,18.0,4328.0,2024-12-01 18:00:00+00:00,"{'x': -0.373581, 'y': 51.46935}",SSEN-2818001160,SSEN-281800116004
281800116005,SSEN,43.0,18589.0,2024-12-01 18:00:00+00:00,"{'x': -0.373581, 'y': 51.46935}",SSEN-2818001160,SSEN-281800116005
281800116001,SSEN,46.0,19825.0,2024-12-01 18:30:00+00:00,"{'x': -0.373581, 'y': 51.46935}",SSEN-2818001160,SSEN-281800116001
281800116002,SSEN,19.0,5899.0,2024-12-01 18:30:00+00:00,"{'x': -0.373581, 'y': 51.46935}",SSEN-2818001160,SSEN-281800116002
281800116004,SSEN,18.0,3831.0,2024-12-01 18:30:00+00:00,"{'x': -0.373581, 'y': 51.46935}",SSEN-2818001160,SSEN-281800116004
281800116005,SSEN,43.0,19812.0,2024-12-01 18:30:00+00:00,"{'x': -0.373581, 'y': 51.46935}",SSEN-2818001160,SSEN-281800116005
281800116001,SSEN,46.0,21560.0,2024-12-01 19:00:00+00:00,"{'x': -0.373581, 'y': 51.46935}",SSEN-2818001160,SSEN-281800116001
281800116002,SSEN,19.0,6219.0,2024-12-01 19:00:00+00:00,"{'x': -0.373581, 'y': 51.46935}",SSEN-2818001160,SSEN-281800116002
281800116004,SSEN,18.0,4158.0,2024-12-01 19:00:00+00:00,"{'x': -0.373581, 'y': 51.46935}",SSEN-2818001160,SSEN-281800116004
281800116005,SSEN,43.0,16311.0,2024-12-01 19:00:00+00:00,"{'x': -0.373581, 'y': 51.46935}",SSEN-2818001160,SSEN-281800116005
281800116001,SSEN,46.0,19310.0,2024-12-01 19:30:00+00:00,"{'x': -0.373581, 'y': 51.46935}",SSEN-2818001160,SSEN-281800116001
281800116002,SSEN,19.0,6731.0,2024-12-01 19:30:00+00:00,"{'x': -0.373581, 'y': 51.46935}",SSEN-2818001160,SSEN-281800116002
281800116004,SSEN,18.0,4364.0,2024-12-01 19:30:00+00:00,"{'x': -0.373581, 'y': 51.46935}",SSEN-2818001160,SSEN-281800116004
281800116005,SSEN,43.0,15466.0,2024-12-01 19:30:00+00:00,"{'x': -0.373581, 'y': 51.46935}",SSEN-2818001160,SSEN-281800116005
281800116001,SSEN,46.0,18492.0,2024-12-01 20:00:00+00:00,"{'x': -0.373581, 'y': 51.46935}",SSEN-2818001160,SSEN-281800116001
281800116002,SSEN,19.0,7701.0,2024-12-01 20:00:00+00:00,"{'x': -0.373581, 'y': 51.46935}",SSEN-2818001160,SSEN-281800116002
281800116004,SSEN,18.0,4446.0,2024-12-01 20:00:00+00:00,"{'x': -0.373581, 'y': 51.46935}",SSEN-2818001160,SSEN-281800116004
281800116005,SSEN,43.0,14970.0,2024-12-01 20:00:00+00:00,"{'x': -0.373581, 'y': 51.46935}",SSEN-2818001160,SSEN-281800116005
281800116001,SSEN,46.0,17867.0,2024-12-01 20:30:00+00:00,"{'x': -0.373581, 'y': 51.46935}",SSEN-2818001160,SSEN-281800116001
281800116002,SSEN,19.0,8762.0,2024-12-01 20:30:00+00:00,"{'x': -0.373581, 'y': 51.46935}",SSEN-2818001160,SSEN-281800116002
281800116004,SSEN,18.0,4434.0,2024-12-01 20:30:00+00:00,"{'x': -0.373581, 'y': 51.46935}",SSEN-2818001160,SSEN-281800116004
281800116005,SSEN,43.0,16128.0,2024-12-01 20:30:00+00:00,"{'x': -0.373581, 'y': 51.46935}",SSEN-2818001160,SSEN-281800116005
281800116001,SSEN,46.0,18717.0,2024-12-01 21:00:00+00:00,"{'x': -0.373581, 'y': 51.46935}",SSEN-2818001160,SSEN-281800116001
281800116002,SSEN,19.0,6554.0,2024-12-01 21:00:00+00:00,"{'x': -0.373581, 'y': 51.46935}",SSEN-2818001160,SSEN-281800116002
281800116004,SSEN,18.0,4485.0,2024-12-01 21:00:00+00:00,"{'x': -0.373581, 'y': 51.46935}",SSEN-2818001160,SSEN-281800116004
281800116005,SSEN,43.0,18150.0,2024-12-01 21:00:00+00:00,"{'x': -0.373581, 'y': 51.46935}",SSEN-2818001160,SSEN-281800116005
281800116001,SSEN,46.0,17001.0,2024-12-01 21:30:00+00:00,"{'x': -0.373581, 'y': 51.46935}",SSEN-2818001160,SSEN-281800116001
281800116002,SSEN,19.0,5445.0,2024-12-01 21:30:00+00:00,"{'x': -0.373581, 'y': 51.46935}",SSEN-2818001160,SSEN-281800116002
281800116004,SSEN,18.0,4696.0,2024-12-01 21:30:00+00:00,"{'x': -0.373581, 'y': 51.46935}",SSEN-2818001160,SSEN-281800116004
281800116005,SSEN,43.0,15602.0,2024-12-01 21:30:00+00:00,"{'x': -0.373581, 'y': 51.46935}",SSEN-2818001160,SSEN-281800116005
281800116001,SSEN,46.0,14769.0,2024-12-01 22:00:00+00:00,"{'x': -0.373581, 'y': 51.46935}",SSEN-2818001160,SSEN-281800116001
281800116002,SSEN,19.0,4486.0,2024-12-01 22:00:00+00:00,"{'x': -0.373581, 'y': 51.46935}",SSEN-2818001160,SSEN-281800116002
281800116004,SSEN,18.0,4030.0,2024-12-01 22:00:00+00:00,"{'x': -0.373581, 'y': 51.46935}",SSEN-2818001160,SSEN-281800116004
281800116005,SSEN,43.0,13912.0,2024-12-01 22:00:00+00:00,"{'x': -0.373581, 'y': 51.46935}",SSEN-2818001160,SSEN-281800116005
281800116001,SSEN,46.0,13153.0,2024-12-01 22:30:00+00:00,"{'x': -0.373581, 'y': 51.46935}",SSEN-2818001160,SSEN-281800116001
281800116002,SSEN,19.0,5341.0,2024-12-01 22:30:00+00:00,"{'x': -0.373581, 'y': 51.46935}",SSEN-2818001160,SSEN-281800116002
281800116004,SSEN,18.0,5059.0,2024-12-01 22:30:00+00:00,"{'x': -0.373581, 'y': 51.46935}",SSEN-2818001160,SSEN-281800116004
281800116005,SSEN,43.0,15680.0,2024-12-01 22:30:00+00:00,"{'x': -0.373581, 'y': 51.46935}",SSEN-2818001160,SSEN-281800116005
281800116001,SSEN,46.0,14163.0,2024-12-01 23:00:00+00:00,"{'x': -0.373581, 'y': 51.46935}",SSEN-2818001160,SSEN-281800116001
281800116002,SSEN,19.0,7283.0,2024-12-01 23:00:00+00:00,"{'x': -0.373581, 'y': 51.46935}",SSEN-2818001160,SSEN-281800116002
281800116004,SSEN,18.0,3979.0,2024-12-01 23:00:00+00:00,"{'x': -0.373581, 'y': 51.46935}",SSEN-2818001160,SSEN-281800116004
281800116005,SSEN,43.0,20950.0,2024-12-01 23:00:00+00:00,"{'x': -0.373581, 'y': 51.46935}",SSEN-2818001160,SSEN-281800116005
281800116001,SSEN,46.0,15310.0,2024-12-01 23:30:00+00:00,"{'x': -0.373581, 'y': 51.46935}",SSEN-2818001160,SSEN-281800116001
281800116002,SSEN,19.0,6675.0,2024-12-01 23:30:00+00:00,"{'x': -0.373581, 'y': 51.46935}",SSEN-2818001160,SSEN-281800116002
281800116004,SSEN,18.0,4060.0,2024-12-01 23:30:00+00:00,"{'x': -0.373581, 'y': 51.46935}",SSEN-2818001160,SSEN-281800116004
281800116005,SSEN,43.0,19528.0,2024-12-01 23:30:00+00:00,"{'x': -0.373581, 'y': 51.46935}",SSEN-2818001160,SSEN-281800116005
281800116001,SSEN,46.0,12230.0,2024-12-02 00:00:00+00:00,"{'x': -0.373581, 'y': 51.46935}",SSEN-2818001160,SSEN-281800116001
281800116002,SSEN,19.0,5449.0,2024-12-02 00:00:00+00:00,"{'x': -0.373581, 'y': 51.46935}",SSEN-2818001160,SSEN-281800116002
281800116004,SSEN,18.0,3661.0,2024-12-02 00:00:00+00:00,"{'x': -0.373581, 'y': 51.46935}",SSEN-2818001160,SSEN-281800116004
281800116005,SSEN,43.0,17763.0,2024-12-02 00:00:00+00:00,"{'x': -0.373581, 'y': 51.46935}",SSEN-2818001160,SSEN-281800116005
281800116001,SSEN,46.0,12612.0,2024-12-02 00:30:00+00:00,"{'x': -0.373581, 'y': 51.46935}",SSEN-2818001160,SSEN-281800116001
281800116002,SSEN,19.0,6342.0,2024-12-02 00:30:00+00:00,"{'x': -0.373581, 'y': 51.46935}",SSEN-2818001160,SSEN-281800116002
281800116004,SSEN,18.0,3055.0,2024-12-02 00:30:00+00:00,"{'x': -0.373581, 'y': 51.46935}",SSEN-2818001160,SSEN-281800116004
281800116005,SSEN,43.0,17203.0,2024-12-02 00:30:00+00:00,"{'x': -0.373581, 'y': 51.46935}",SSEN-2818001160,SSEN-281800116005
281800116001,SSEN,46.0,11287.0,2024-12-02 01:00:00+00:00,"{'x': -0.373581, 'y': 51.46935}",SSEN-2818001160,SSEN-281800116001
281800116002,SSEN,19.0,5866.0,2024-12-02 01:00:00+00:00,"{'x': -0.373581, 'y': 51.46935}",SSEN-2818001160,SSEN-281800116002
281800116004,SSEN,18.0,3598.0,2024-12-02 01:00:00+00:00,"{'x': -0.373581, 'y': 51.46935}",SSEN-2818001160,SSEN-281800116004
281800116005,SSEN,43.0,14670.0,2024-12-02 01:00:00+00:00,"{'x': -0.373581, 'y': 51.46935}",SSEN-2818001160,SSEN-281800116005
281800116001,SSEN,46.0,11658.0,2024-12-02 01:30:00+00:00,"{'x': -0.373581, 'y': 51.46935}",SSEN-2818001160,SSEN-281800116001
281800116002,SSEN,19.0,3446.0,2024-12-02 01:30:00+00:00,"{'x': -0.373581, 'y': 51.46935}",SSEN-2818001160,SSEN-281800116002
281800116004,SSEN,18.0,3322.0,2024-12-02 01:30:00+00:00,"{'x': -0.373581, 'y': 51.46935}",SSEN-2818001160,SSEN-281800116004
281800116005,SSEN,43.0,13166.0,2024-12-02 01:30:00+00:00,"{'x': -0.373581, 'y': 51.46935}",SSEN-2818001160,SSEN-281800116005
281800116001,SSEN,46.0,9988.0,2024-12-02 02:00:00+00:00,"{'x': -0.373581, 'y': 51.46935}",SSEN-2818001160,SSEN-281800116001
281800116002,SSEN,19.0,2844.0,2024-12-02 02:00:00+00:00,"{'x': -0.373581, 'y': 51.46935}",SSEN-2818001160,SSEN-281800116002
281800116004,SSEN,18.0,3187.0,2024-12-02 02:00:00+00:00,"{'x': -0.373581, 'y': 51.46935}",SSEN-2818001160,SSEN-281800116004
281800116005,SSEN,43.0,13631.0,2024-12-02 02:00:00+00:00,"{'x': -0.373581, 'y': 51.46935}",SSEN-2818001160,SSEN-281800116005
281800116001,SSEN,46.0,8925.0,2024-12-02 02:30:00+00:00,"{'x': -0.373581, 'y': 51.46935}",SSEN-2818001160,SSEN-281800116001
281800116002,SSEN,19.0,3115.0,2024-12-02 02:30:00+00:00,"{'x': -0.373581, 'y': 51.46935}",SSEN-2818001160,SSEN-281800116002
281800116004,SSEN,18.0,3113.0,2024-12-02 02:30:00+00:00,"{'x': -0.373581, 'y': 51.46935}",SSEN-2818001160,SSEN-281800116004
281800116005,SSEN,43.0,11798.0,2024-12-02 02:30:00+00:00,"{'x': -0.373581, 'y': 51.46935}",SSEN-2818001160,SSEN-281800116005
281800116001,SSEN,46.0,6525.0,2024-12-02 03:00:00+00:00,"{'x': -0.373581, 'y': 51.46935}",SSEN-2818001160,SSEN-281800116001
281800116002,SSEN,19.0,2681.0,2024-12-02 03:00:00+00:00,"{'x': -0.373581, 'y': 51.46935}",SSEN-2818001160,SSEN-281800116002
281800116004,SSEN,18.0,3163.0,2024-12-02 03:00:00+00:00,"{'x': -0.373581, 'y': 51.46935}",SSEN-2818001160,SSEN-281800116004
281800116005,SSEN,43.0,17579.0,2024-12-02 03:00:00+00:00,"{'x': -0.373581, 'y': 51.46935}",SSEN-2818001160,SSEN-281800116005
281800116001,SSEN,46.0,5156.0,2024-12-02 03:30:00+00:00,"{'x': -0.373581, 'y': 51.46935}",SSEN-2818001160,SSEN-281800116001
281800116002,SSEN,19.0,2980.0,2024-12-02 03:30:00+00:00,"{'x': -0.373581, 'y': 51.46935}",SSEN-2818001160,SSEN-281800116002
281800116004,SSEN,18.0,3539.0,2024-12-02 03:30:00+00:00,"{'x': -0.373581, 'y': 51.46935}",SSEN-2818001160,SSEN-281800116004
281800116005,SSEN,43.0,14252.0,2024-12-02 03:30:00+00:00,"{'x': -0.373581, 'y': 51.46935}",SSEN-2818001160,SSEN-281800116005
281800116001,SSEN,46.0,5573.0,2024-12-02 04:00:00+00:00,"{'x': -0.373581, 'y': 51.46935}",SSEN-2818001160,SSEN-281800116001
281800116002,SSEN,19.0,2828.0,2024-12-02 04:00:00+00:00,"{'x': -0.373581, 'y': 51.46935}",SSEN-2818001160,SSEN-281800116002
281800116004,SSEN,18.0,3590.0,2024-12-02 04:00:00+00:00,"{'x': -0.373581, 'y': 51.46935}",SSEN-2818001160,SSEN-281800116004
281800116005,SSEN,43.0,12943.0,2024-12-02 04:00:00+00:00,"{'x': -0.373581, 'y': 51.46935}",SSEN-2818001160,SSEN-281800116005
281800116001,SSEN,46.0,6731.0,2024-12-02 04:30:00+00:00,"{'x': -0.373581, 'y': 51.46935}",SSEN-2818001160,SSEN-281800116001
281800116002,SSEN,19.0,3399.0,2024-12-02 04:30:00+00:00,"{'x': -0.373581, 'y': 51.46935}",SSEN-2818001160,SSEN-281800116002
281800116004,SSEN,18.0,2926.0,2024-12-02 04:30:00+00:00,"{'x': -0.373581, 'y': 51.46935}",SSEN-2818001160,SSEN-281800116004
281800116005,SSEN,43.0,11202.0,2024-12-02 04:30:00+00:00,"{'x': -0.373581, 'y': 51.46935}",SSEN-2818001160,SSEN-281800116005
281800116001,SSEN,46.0,7225.0,2024-12-02 05:00:00+00:00,"{'x': -0.373581, 'y': 51.46935}",SSEN-2818001160,SSEN-281800116001
281800116002,SSEN,19.0,2673.0,2024-12-02 05:00:00+00:00,"{'x': -0.373581, 'y': 51.46935}",SSEN-2818001160,SSEN-281800116002
281800116004,SSEN,18.0,3087.0,2024-12-02 05:00:00+00:00,"{'x': -0.373581, 'y': 51.46935}",SSEN-2818001160,SSEN-281800116004
281800116005,SSEN,43.0,8042.0,2024-12-02 05:00:00+00:00,"{'x': -0.373581, 'y': 51.46935}",SSEN-2818001160,SSEN-281800116005
281800116001,SSEN,46.0,5958.0,2024-12-02 05:30:00+00:00,"{'x': -0.373581, 'y': 51.46935}",SSEN-2818001160,SSEN-281800116001
281800116002,SSEN,19.0,3174.0,2024-12-02 05:30:00+00:00,"{'x': -0.373581, 'y': 51.46935}",SSEN-2818001160,SSEN-281800116002
281800116004,SSEN,18.0,3627.0,2024-12-02 05:30:00+00:00,"{'x': -0.373581, 'y': 51.46935}",SSEN-2818001160,SSEN-281800116004
281800116005,SSEN,43.0,12464.0,2024-12-02 05:30:00+00:00,"{'x': -0.373581, 'y': 51.46935}",SSEN-2818001160,SSEN-281800116005
281800116001,SSEN,46.0,7623.0,2024-12-02 06:00:00+00:00,"{'x': -0.373581, 'y': 51.46935}",SSEN-2818001160,SSEN-281800116001
281800116002,SSEN,19.0,3016.0,2024-12-02 06:00:00+00:00,"{'x': -0.373581, 'y': 51.46935}",SSEN-2818001160,SSEN-281800116002
281800116004,SSEN,18.0,3699.0,2024-12-02 06:00:00+00:00,"{'x': -0.373581, 'y': 51.46935}",SSEN-2818001160,SSEN-281800116004
281800116005,SSEN,43.0,11194.0,2024-12-02 06:00:00+00:00,"{'x': -0.373581, 'y': 51.46935}",SSEN-2818001160,SSEN-281800116005
281800116001,SSEN,46.0,7698.0,2024-12-02 06:30:00+00:00,"{'x': -0.373581, 'y': 51.46935}",SSEN-2818001160,SSEN-281800116001
281800116002,SSEN,19.0,3976.0,2024-12-02 06:30:00+00:00,"{'x': -0.373581, 'y': 51.46935}",SSEN-2818001160,SSEN-281800116002
281800116004,SSEN,18.0,4433.0,2024-12-02 06:30:00+00:00,"{'x': -0.373581, 'y': 51.46935}",SSEN-2818001160,SSEN-281800116004
281800116005,SSEN,43.0,7103.0,2024-12-02 06:30:00+00:00,"{'x': -0.373581, 'y': 51.46935}",SSEN-2818001160,SSEN-281800116005
281800116001,SSEN,46.0,8108.0,2024-12-02 07:00:00+00:00,"{'x': -0.373581, 'y': 51.46935}",SSEN-2818001160,SSEN-281800116001
281800116002,SSEN,19.0,5476.0,2024-12-02 07:00:00+00:00,"{'x': -0.373581, 'y': 51.46935}",SSEN-2818001160,SSEN-281800116002
281800116004,SSEN,18.0,6018.0,2024-12-02 07:00:00+00:00,"{'x': -0.373581, 'y': 51.46935}",SSEN-2818001160,SSEN-281800116004
281800116005,SSEN,43.0,9982.0,2024-12-02 07:00:00+00:00,"{'x': -0.373581, 'y': 51.46935}",SSEN-2818001160,SSEN-281800116005
281800116001,SSEN,46.0,11600.0,2024-12-02 07:30:00+00:00,"{'x': -0.373581, 'y': 51.46935}",SSEN-2818001160,SSEN-281800116001
281800116002,SSEN,19.0,3548.0,2024-12-02 07:30:00+00:00,"{'x': -0.373581, 'y': 51.46935}",SSEN-2818001160,SSEN-281800116002
281800116004,SSEN,18.0,5801.0,2024-12-02 07:30:00+00:00,"{'x': -0.373581, 'y': 51.46935}",SSEN-2818001160,SSEN-281800116004
281800116005,SSEN,43.0,11946.0,2024-12-02 07:30:00+00:00,"{'x': -0.373581, 'y': 51.46935}",SSEN-2818001160,SSEN-281800116005
281800116001,SSEN,46.0,13512.0,2024-12-02 08:00:00+00:00,"{'x': -0.373581, 'y': 51.46935}",SSEN-2818001160,SSEN-281800116001
281800116002,SSEN,19.0,6015.0,2024-12-02 08:00:00+00:00,"{'x': -0.373581, 'y': 51.46935}",SSEN-2818001160,SSEN-281800116002
281800116004,SSEN,18.0,3847.0,2024-12-02 08:00:00+00:00,"{'x': -0.373581, 'y': 51.46935}",SSEN-2818001160,SSEN-281800116004
281800116005,SSEN,43.0,12981.0,2024-12-02 08:00:00+00:00,"{'x': -0.373581, 'y': 51.46935}",SSEN-2818001160,SSEN-281800116005
281800116001,SSEN,46.0,11810.0,2024-12-02 08:30:00+00:00,"{'x': -0.373581, 'y': 51.46935}",SSEN-2818001160,SSEN-281800116001
281800116002,SSEN,19.0,5212.0,2024-12-02 08:30:00+00:00,"{'x': -0.373581, 'y': 51.46935}",SSEN-2818001160,SSEN-281800116002
281800116004,SSEN,18.0,3635.0,2024-12-02 08:30:00+00:00,"{'x': -0.373581, 'y': 51.46935}",SSEN-2818001160,SSEN-281800116004
281800116005,SSEN,43.0,13136.0,2024-12-02 08:30:00+00:00,"{'x': -0.373581, 'y': 51.46935}",SSEN-2818001160,SSEN-281800116005
281800116001,SSEN,46.0,12253.0,2024-12-02 09:00:00+00:00,"{'x': -0.373581, 'y': 51.46935}",SSEN-2818001160,SSEN-281800116001
281800116002,SSEN,19.0,3820.0,2024-12-02 09:00:00+00:00,"{'x': -0.373581, 'y': 51.46935}",SSEN-2818001160,SSEN-281800116002
281800116004,SSEN,18.0,3949.0,2024-12-02 09:00:00+00:00,"{'x': -0.373581, 'y': 51.46935}",SSEN-2818001160,SSEN-281800116004
281800116005,SSEN,43.0,11639.0,2024-12-02 09:00:00+00:00,"{'x': -0.373581, 'y': 51.46935}",SSEN-2818001160,SSEN-281800116005
281800116001,SSEN,46.0,12265.0,2024-12-02 09:30:00+00:00,"{'x': -0.373581, 'y': 51.46935}",SSEN-2818001160,SSEN-281800116001
281800116002,SSEN,19.0,3983.0,2024-12-02 09:30:00+00:00,"{'x': -0.373581, 'y': 51.46935}",SSEN-2818001160,SSEN-281800116002
281800116004,SSEN,18.0,5161.0,2024-12-02 09:30:00+00:00,"{'x': -0.373581, 'y': 51.46935}",SSEN-2818001160,SSEN-281800116004
281800116005,SSEN,43.0,11639.0,2024-12-02 09:30:00+00:00,"{'x': -0.373581, 'y': 51.46935}",SSEN-2818001160,SSEN-281800116005
281800116001,SSEN,46.0,13377.0,2024-12-02 10:00:00+00:00,"{'x': -0.373581, 'y': 51.46935}",SSEN-2818001160,SSEN-281800116001
281800116002,SSEN,19.0,4306.0,2024-12-02 10:00:00+00:00,"{'x': -0.373581, 'y': 51.46935}",SSEN-2818001160,SSEN-281800116002
281800116004,SSEN,18.0,5748.0,2024-12-02 10:00:00+00:00,"{'x': -0.373581, 'y': 51.46935}",SSEN-2818001160,SSEN-281800116004
281800116005,SSEN,43.0,9379.0,2024-12-02 10:00:00+00:00,"{'x': -0.373581, 'y': 51.46935}",SSEN-2818001160,SSEN-281800116005
281800116001,SSEN,46.0,13456.0,2024-12-02 10:30:00+00:00,"{'x': -0.373581, 'y': 51.46935}",SSEN-2818001160,SSEN-281800116001
281800116002,SSEN,19.0,4128.0,2024-12-02 10:30:00+00:00,"{'x': -0.373581, 'y': 51.46935}",SSEN-2818001160,SSEN-281800116002
281800116004,SSEN,18.0,5137.0,2024-12-02 10:30:00+00:00,"{'x': -0.373581, 'y': 51.46935}",SSEN-2818001160,SSEN-281800116004
281800116005,SSEN,43.0,10662.0,2024-12-02 10:30:00+00:00,"{'x': -0.373581, 'y': 51.46935}",SSEN-2818001160,SSEN-281800116005
281800116001,SSEN,46.0,11573.0,2024-12-02 11:00:00+00:00,"{'x': -0.373581, 'y': 51.46935}",SSEN-2818001160,SSEN-281800116001
281800116002,SSEN,19.0,4591.0,2024-12-02 11:00:00+00:00,"{'x': -0.373581, 'y': 51.46935}",SSEN-2818001160,SSEN-281800116002
281800116004,SSEN,18.0,4560.0,2024-12-02 11:00:00+00:00,"{'x': -0.373581, 'y': 51.46935}",SSEN-2818001160,SSEN-281800116004
281800116005,SSEN,43.0,11637.0,2024-12-02 11:00:00+00:00,"{'x': -0.373581, 'y': 51.46935}",SSEN-2818001160,SSEN-281800116005
281800116001,SSEN,46.0,10010.0,2024-12-02 11:30:00+00:00,"{'x': -0.373581, 'y': 51.46935}",SSEN-2818001160,SSEN-281800116001
281800116002,SSEN,19.0,4144.0,2024-12-02 11:30:00+00:00,"{'x': -0.373581, 'y': 51.46935}",SSEN-2818001160,SSEN-281800116002
281800116004,SSEN,18.0,4330.0,2024-12-02 11:30:00+00:00,"{'x': -0.373581, 'y': 51.46935}",SSEN-2818001160,SSEN-281800116004
281800116005,SSEN,43.0,10379.0,2024-12-02 11:30:00+00:00,"{'x': -0.373581, 'y': 51.46935}",SSEN-2818001160,SSEN-281800116005
281800116001,SSEN,46.0,9593.0,2024-12-02 12:00:00+00:00,"{'x': -0.373581, 'y': 51.46935}",SSEN-2818001160,SSEN-281800116001
281800116002,SSEN,19.0,5377.0,2024-12-02 12:00:00+00:00,"{'x': -0.373581, 'y': 51.46935}",SSEN-2818001160,SSEN-281800116002
281800116004,SSEN,18.0,5388.0,2024-12-02 12:00:00+00:00,"{'x': -0.373581, 'y': 51.46935}",SSEN-2818001160,SSEN-281800116004
281800116005,SSEN,43.0,13127.0,2024-12-02 12:00:00+00:00,"{'x': -0.373581, 'y': 51.46935}",SSEN-2818001160,SSEN-281800116005
281800116001,SSEN,46.0,10799.0,2024-12-02 12:30:00+00:00,"{'x': -0.373581, 'y': 51.46935}",SSEN-2818001160,SSEN-281800116001
281800116002,SSEN,19.0,3991.0,2024-12-02 12:30:00+00:00,"{'x': -0.373581, 'y': 51.46935}",SSEN-2818001160,SSEN-281800116002
281800116004,SSEN,18.0,6023.0,2024-12-02 12:30:00+00:00,"{'x': -0.373581, 'y': 51.46935}",SSEN-2818001160,SSEN-281800116004
281800116005,SSEN,43.0,10300.0,2024-12-02 12:30:00+00:00,"{'x': -0.373581, 'y': 51.46935}",SSEN-2818001160,SSEN-281800116005
281800116001,SSEN,46.0,11383.0,2024-12-02 13:00:00+00:00,"{'x': -0.373581, 'y': 51.46935}",SSEN-2818001160,SSEN-281800116001
281800116002,SSEN,19.0,7204.0,2024-12-02 13:00:00+00:00,"{'x': -0.373581, 'y': 51.46935}",SSEN-2818001160,SSEN-281800116002
281800116004,SSEN,18.0,5140.0,2024-12-02 13:00:00+00:00,"{'x': -0.373581, 'y': 51.46935}",SSEN-2818001160,SSEN-281800116004
281800116005,SSEN,43.0,11891.0,2024-12-02 13:00:00+00:00,"{'x': -0.373581, 'y': 51.46935}",SSEN-2818001160,SSEN-281800116005
281800116001,SSEN,46.0,10788.0,2024-12-02 13:30:00+00:00,"{'x': -0.373581, 'y': 51.46935}",SSEN-2818001160,SSEN-281800116001
281800116002,SSEN,19.0,10236.0,2024-12-02 13:30:00+00:00,"{'x': -0.373581, 'y': 51.46935}",SSEN-2818001160,SSEN-281800116002
281800116004,SSEN,18.0,4779.0,2024-12-02 13:30:00+00:00,"{'x': -0.373581, 'y': 51.46935}",SSEN-2818001160,SSEN-281800116004
281800116005,SSEN,43.0,9638.0,2024-12-02 13:30:00+00:00,"{'x': -0.373581, 'y': 51.46935}",SSEN-2818001160,SSEN-281800116005
281800116001,SSEN,46.0,13004.0,2024-12-02 14:00:00+00:00,"{'x': -0.373581, 'y': 51.46935}",SSEN-2818001160,SSEN-281800116001
281800116002,SSEN,19.0,5543.0,2024-12-02 14:00:00+00:00,"{'x': -0.373581, 'y': 51.46935}",SSEN-2818001160,SSEN-281800116002
281800116004,SSEN,18.0,4570.0,2024-12-02 14:00:00+00:00,"{'x': -0.373581, 'y': 51.46935}",SSEN-2818001160,SSEN-281800116004
281800116005,SSEN,43.0,11269.0,2024-12-02 14:00:00+00:00,"{'x': -0.373581, 'y': 51.46935}",SSEN-2818001160,SSEN-281800116005
281800116001,SSEN,46.0,11476.0,2024-12-02 14:30:00+00:00,"{'x': -0.373581, 'y': 51.46935}",SSEN-2818001160,SSEN-281800116001
281800116002,SSEN,19.0,4505.0,2024-12-02 14:30:00+00:00,"{'x': -0.373581, 'y': 51.46935}",SSEN-2818001160,SSEN-281800116002
281800116004,SSEN,18.0,5042.0,2024-12-02 14:30:00+00:00,"{'x': -0.373581, 'y': 51.46935}",SSEN-2818001160,SSEN-281800116004
281800116005,SSEN,43.0,8918.0,2024-12-02 14:30:00+00:00,"{'x': -0.373581, 'y': 51.46935}",SSEN-2818001160,SSEN-281800116005
281800116001,SSEN,46.0,11347.0,2024-12-02 15:00:00+00:00,"{'x': -0.373581, 'y': 51.46935}",SSEN-2818001160,SSEN-281800116001
281800116002,SSEN,19.0,4686.0,2024-12-02 15:00:00+00:00,"{'x': -0.373581, 'y': 51.46935}",SSEN-2818001160,SSEN-281800116002
281800116004,SSEN,18.0,6802.0,2024-12-02 15:00:00+00:00,"{'x': -0.373581, 'y': 51.46935}",SSEN-2818001160,SSEN-281800116004
281800116005,SSEN,43.0,8225.0,2024-12-02 15:00:00+00:00,"{'x': -0.373581, 'y': 51.46935}",SSEN-2818001160,SSEN-281800116005
281800116001,SSEN,46.0,11300.0,2024-12-02 15:30:00+00:00,"{'x': -0.373581, 'y': 51.46935}",SSEN-2818001160,SSEN-281800116001
281800116002,SSEN,19.0,4504.0,2024-12-02 15:30:00+00:00,"{'x': -0.373581, 'y': 51.46935}",SSEN-2818001160,SSEN-281800116002
281800116004,SSEN,18.0,7870.0,2024-12-02 15:30:00+00:00,"{'x': -0.373581, 'y': 51.46935}",SSEN-2818001160,SSEN-281800116004
281800116005,SSEN,43.0,10166.0,2024-12-02 15:30:00+00:00,"{'x': -0.373581, 'y': 51.46935}",SSEN-2818001160,SSEN-281800116005
281800116001,SSEN,46.0,13705.0,2024-12-02 16:00:00+00:00,"{'x': -0.373581, 'y': 51.46935}",SSEN-2818001160,SSEN-281800116001
281800116002,SSEN,19.0,5675.0,2024-12-02 16:00:00+00:00,"{'x': -0.373581, 'y': 51.46935}",SSEN-2818001160,SSEN-281800116002
281800116004,SSEN,18.0,6063.0,2024-12-02 16:00:00+00:00,"{'x': -0.373581, 'y': 51.46935}",SSEN-2818001160,SSEN-281800116004
281800116005,SSEN,43.0,11794.0,2024-12-02 16:00:00+00:00,"{'x': -0.373581, 'y': 51.46935}",SSEN-2818001160,SSEN-281800116005
281800116001,SSEN,46.0,16411.0,2024-12-02 16:30:00+00:00,"{'x': -0.373581, 'y': 51.46935}",SSEN-2818001160,SSEN-281800116001
281800116002,SSEN,19.0,6455.0,2024-12-02 16:30:00+00:00,"{'x': -0.373581, 'y': 51.46935}",SSEN-2818001160,SSEN-281800116002
281800116004,SSEN,18.0,5600.0,2024-12-02 16:30:00+00:00,"{'x': -0.373581, 'y': 51.46935}",SSEN-2818001160,SSEN-281800116004
281800116005,SSEN,43.0,13574.0,2024-12-02 16:30:00+00:00,"{'x': -0.373581, 'y': 51.46935}",SSEN-2818001160,SSEN-281800116005
281800116001,SSEN,46.0,15462.0,2024-12-02 17:00:00+00:00,"{'x': -0.373581, 'y': 51.46935}",SSEN-2818001160,SSEN-281800116001
281800116002,SSEN,19.0,5642.0,2024-12-02 17:00:00+00:00,"{'x': -0.373581, 'y': 51.46935}",SSEN-2818001160,SSEN-281800116002
281800116004,SSEN,18.0,7457.0,2024-12-02 17:00:00+00:00,"{'x': -0.373581, 'y': 51.46935}",SSEN-2818001160,SSEN-281800116004
281800116005,SSEN,43.0,13962.0,2024-12-02 17:00:00+00:00,"{'x': -0.373581, 'y': 51.46935}",SSEN-2818001160,SSEN-281800116005
281800116001,SSEN,46.0,16530.0,2024-12-02 17:30:00+00:00,"{'x': -0.373581, 'y': 51.46935}",SSEN-2818001160,SSEN-281800116001
281800116002,SSEN,19.0,6665.0,2024-12-02 17:30:00+00:00,"{'x': -0.373581, 'y': 51.46935}",SSEN-2818001160,SSEN-281800116002
281800116004,SSEN,18.0,4856.0,2024-12-02 17:30:00+00:00,"{'x': -0.373581, 'y': 51.46935}",SSEN-2818001160,SSEN-281800116004
281800116005,SSEN,43.0,14425.0,2024-12-02 17:30:00+00:00,"{'x': -0.373581, 'y': 51.46935}",SSEN-2818001160,SSEN-281800116005
281800116001,SSEN,46.0,20997.0,2024-12-02 18:00:00+00:00,"{'x': -0.373581, 'y': 51.46935}",SSEN-2818001160,SSEN-281800116001
281800116002,SSEN,19.0,6202.0,2024-12-02 18:00:00+00:00,"{'x': -0.373581, 'y': 51.46935}",SSEN-2818001160,SSEN-281800116002
281800116004,SSEN,18.0,5465.0,2024-12-02 18:00:00+00:00,"{'x': -0.373581, 'y': 51.46935}",SSEN-2818001160,SSEN-281800116004
281800116005,SSEN,43.0,16542.0,2024-12-02 18:00:00+00:00,"{'x': -0.373581, 'y': 51.46935}",SSEN-2818001160,SSEN-281800116005
281800116001,SSEN,46.0,19524.0,2024-12-02 18:30:00+00:00,"{'x': -0.373581, 'y': 51.46935}",SSEN-2818001160,SSEN-281800116001
281800116002,SSEN,19.0,6722.0,2024-12-02 18:30:00+00:00,"{'x': -0.373581, 'y': 51.46935}",SSEN-2818001160,SSEN-281800116002
281800116004,SSEN,18.0,4534.0,2024-12-02 18:30:00+00:00,"{'x': -0.373581, 'y': 51.46935}",SSEN-2818001160,SSEN-281800116004
281800116005,SSEN,43.0,18978.0,2024-12-02 18:30:00+00:00,"{'x': -0.373581, 'y': 51.46935}",SSEN-2818001160,SSEN-281800116005
281800116001,SSEN,46.0,17532.0,2024-12-02 19:00:00+00:00,"{'x': -0.373581, 'y': 51.46935}",SSEN-2818001160,SSEN-281800116001
281800116002,SSEN,19.0,8389.0,2024-12-02 19:00:00+00:00,"{'x': -0.373581, 'y': 51.46935}",SSEN-2818001160,SSEN-281800116002
281800116004,SSEN,18.0,4338.0,2024-12-02 19:00:00+00:00,"{'x': -0.373581, 'y': 51.46935}",SSEN-2818001160,SSEN-281800116004
281800116005,SSEN,43.0,19641.0,2024-12-02 19:00:00+00:00,"{'x': -0.373581, 'y': 51.46935}",SSEN-2818001160,SSEN-281800116005
281800116001,SSEN,46.0,14567.0,2024-12-02 19:30:00+00:00,"{'x': -0.373581, 'y': 51.46935}",SSEN-2818001160,SSEN-281800116001
281800116002,SSEN,19.0,6957.0,2024-12-02 19:30:00+00:00,"{'x': -0.373581, 'y': 51.46935}",SSEN-2818001160,SSEN-281800116002
281800116004,SSEN,18.0,4232.0,2024-12-02 19:30:00+00:00,"{'x': -0.373581, 'y': 51.46935}",SSEN-2818001160,SSEN-281800116004
281800116005,SSEN,43.0,22859.0,2024-12-02 19:30:00+00:00,"{'x': -0.373581, 'y': 51.46935}",SSEN-2818001160,SSEN-281800116005
281800116001,SSEN,46.0,15770.0,2024-12-02 20:00:00+00:00,"{'x': -0.373581, 'y': 51.46935}",SSEN-2818001160,SSEN-281800116001
281800116002,SSEN,19.0,6691.0,2024-12-02 20:00:00+00:00,"{'x': -0.373581, 'y': 51.46935}",SSEN-2818001160,SSEN-281800116002
281800116004,SSEN,18.0,4955.0,2024-12-02 20:00:00+00:00,"{'x': -0.373581, 'y': 51.46935}",SSEN-2818001160,SSEN-281800116004
281800116005,SSEN,43.0,22035.0,2024-12-02 20:00:00+00:00,"{'x': -0.373581, 'y': 51.46935}",SSEN-2818001160,SSEN-281800116005
281800116001,SSEN,46.0,16276.0,2024-12-02 20:30:00+00:00,"{'x': -0.373581, 'y': 51.46935}",SSEN-2818001160,SSEN-281800116001
281800116002,SSEN,19.0,6289.0,2024-12-02 20:30:00+00:00,"{'x': -0.373581, 'y': 51.46935}",SSEN-2818001160,SSEN-281800116002
281800116004,SSEN,18.0,4102.0,2024-12-02 20:30:00+00:00,"{'x': -0.373581, 'y': 51.46935}",SSEN-2818001160,SSEN-281800116004
281800116005,SSEN,43.0,19559.0,2024-12-02 20:30:00+00:00,"{'x': -0.373581, 'y': 51.46935}",SSEN-2818001160,SSEN-281800116005
281800116001,SSEN,46.0,13972.0,2024-12-02 21:00:00+00:00,"{'x': -0.373581, 'y': 51.46935}",SSEN-2818001160,SSEN-281800116001
281800116002,SSEN,19.0,7451.0,2024-12-02 21:00:00+00:00,"{'x': -0.373581, 'y': 51.46935}",SSEN-2818001160,SSEN-281800116002
281800116004,SSEN,18.0,4067.0,2024-12-02 21:00:00+00:00,"{'x': -0.373581, 'y': 51.46935}",SSEN-2818001160,SSEN-281800116004
281800116005,SSEN,43.0,17367.0,2024-12-02 21:00:00+00:00,"{'x': -0.373581, 'y': 51.46935}",SSEN-2818001160,SSEN-281800116005
281800116001,SSEN,46.0,14889.0,2024-12-02 21:30:00+00:00,"{'x': -0.373581, 'y': 51.46935}",SSEN-2818001160,SSEN-281800116001
281800116002,SSEN,19.0,7703.0,2024-12-02 21:30:00+00:00,"{'x': -0.373581, 'y': 51.46935}",SSEN-2818001160,SSEN-281800116002
281800116004,SSEN,18.0,3705.0,2024-12-02 21:30:00+00:00,"{'x': -0.373581, 'y': 51.46935}",SSEN-2818001160,SSEN-281800116004
281800116005,SSEN,43.0,17967.0,2024-12-02 21:30:00+00:00,"{'x': -0.373581, 'y': 51.46935}",SSEN-2818001160,SSEN-281800116005
281800116001,SSEN,46.0,14062.0,2024-12-02 22:00:00+00:00,"{'x': -0.373581, 'y': 51.46935}",SSEN-2818001160,SSEN-281800116001
281800116002,SSEN,19.0,9444.0,2024-12-02 22:00:00+00:00,"{'x': -0.373581, 'y': 51.46935}",SSEN-2818001160,SSEN-281800116002
281800116004,SSEN,18.0,3757.0,2024-12-02 22:00:00+00:00,"{'x': -0.373581, 'y': 51.46935}",SSEN-2818001160,SSEN-281800116004
281800116005,SSEN,43.0,18867.0,2024-12-02 22:00:00+00:00,"{'x': -0.373581, 'y': 51.46935}",SSEN-2818001160,SSEN-281800116005
281800116001,SSEN,46.0,12267.0,2024-12-02 22:30:00+00:00,"{'x': -0.373581, 'y': 51.46935}",SSEN-2818001160,SSEN-281800116001
281800116002,SSEN,19.0,10674.0,2024-12-02 22:30:00+00:00,"{'x': -0.373581, 'y': 51.46935}",SSEN-2818001160,SSEN-281800116002
281800116004,SSEN,18.0,4612.0,2024-12-02 22:30:00+00:00,"{'x': -0.373581, 'y': 51.46935}",SSEN-2818001160,SSEN-281800116004
281800116005,SSEN,43.0,20307.0,2024-12-02 22:30:00+00:00,"{'x': -0.373581, 'y': 51.46935}",SSEN-2818001160,SSEN-281800116005
281800116001,SSEN,46.0,9235.0,2024-12-02 23:00:00+00:00,"{'x': -0.373581, 'y': 51.46935}",SSEN-2818001160,SSEN-281800116001
281800116002,SSEN,19.0,11784.0,2024-12-02 23:00:00+00:00,"{'x': -0.373581, 'y': 51.46935}",SSEN-2818001160,SSEN-281800116002
281800116004,SSEN,18.0,4153.0,2024-12-02 23:00:00+00:00,"{'x': -0.373581, 'y': 51.46935}",SSEN-2818001160,SSEN-281800116004
281800116005,SSEN,43.0,18697.0,2024-12-02 23:00:00+00:00,"{'x': -0.373581, 'y': 51.46935}",SSEN-2818001160,SSEN-281800116005
281800116001,SSEN,46.0,10334.0,2024-12-02 23:30:00+00:00,"{'x': -0.373581, 'y': 51.46935}",SSEN-2818001160,SSEN-281800116001
281800116002,SSEN,19.0,9797.0,2024-12-02 23:30:00+00:00,"{'x': -0.373581, 'y': 51.46935}",SSEN-2818001160,SSEN-281800116002
281800116004,SSEN,18.0,3921.0,2024-12-02 23:30:00+00:00,"{'x': -0.373581, 'y': 51.46935}",SSEN-2818001160,SSEN-281800116004
281800116005,SSEN,43.0,16224.0,2024-12-02 23:30:00+00:00,"{'x': -0.373581, 'y': 51.46935}",SSEN-2818001160,SSEN-281800116005
281800116001,SSEN,46.0,9267.0,2024-12-03 00:00:00+00:00,"{'x': -0.373581, 'y': 51.46935}",SSEN-2818001160,SSEN-281800116001
281800116002,SSEN,19.0,11551.0,2024-12-03 00:00:00+00:00,"{'x': -0.373581, 'y': 51.46935}",SSEN-2818001160,SSEN-281800116002
281800116004,SSEN,18.0,3870.0,2024-12-03 00:00:00+00:00,"{'x': -0.373581, 'y': 51.46935}",SSEN-2818001160,SSEN-281800116004
281800116005,SSEN,43.0,13348.0,2024-12-03 00:00:00+00:00,"{'x': -0.373581, 'y': 51.46935}",SSEN-2818001160,SSEN-281800116005
281800116001,SSEN,46.0,12209.0,2024-12-03 00:30:00+00:00,"{'x': -0.373581, 'y': 51.46935}",SSEN-2818001160,SSEN-281800116001
281800116002,SSEN,19.0,13052.0,2024-12-03 00:30:00+00:00,"{'x': -0.373581, 'y': 51.46935}",SSEN-2818001160,SSEN-281800116002
281800116004,SSEN,18.0,3640.0,2024-12-03 00:30:00+00:00,"{'x': -0.373581, 'y': 51.46935}",SSEN-2818001160,SSEN-281800116004
281800116005,SSEN,43.0,15131.0,2024-12-03 00:30:00+00:00,"{'x': -0.373581, 'y': 51.46935}",SSEN-2818001160,SSEN-281800116005
281800116001,SSEN,46.0,10812.0,2024-12-03 01:00:00+00:00,"{'x': -0.373581, 'y': 51.46935}",SSEN-2818001160,SSEN-281800116001
281800116002,SSEN,19.0,10175.0,2024-12-03 01:00:00+00:00,"{'x': -0.373581, 'y': 51.46935}",SSEN-2818001160,SSEN-281800116002
281800116004,SSEN,18.0,3676.0,2024-12-03 01:00:00+00:00,"{'x': -0.373581, 'y': 51.46935}",SSEN-2818001160,SSEN-281800116004
281800116005,SSEN,43.0,10391.0,2024-12-03 01:00:00+00:00,"{'x': -0.373581, 'y': 51.46935}",SSEN-2818001160,SSEN-281800116005
281800116001,SSEN,46.0,10787.0,2024-12-03 01:30:00+00:00,"{'x': -0.373581, 'y': 51.46935}",SSEN-2818001160,SSEN-281800116001
281800116002,SSEN,19.0,9200.0,2024-12-03 01:30:00+00:00,"{'x': -0.373581, 'y': 51.46935}",SSEN-2818001160,SSEN-281800116002
281800116004,SSEN,18.0,3478.0,2024-12-03 01:30:00+00:00,"{'x': -0.373581, 'y': 51.46935}",SSEN-2818001160,SSEN-281800116004
281800116005,SSEN,43.0,10235.0,2024-12-03 01:30:00+00:00,"{'x': -0.373581, 'y': 51.46935}",SSEN-2818001160,SSEN-281800116005
281800116001,SSEN,46.0,10869.0,2024-12-03 02:00:00+00:00,"{'x': -0.373581, 'y': 51.46935}",SSEN-2818001160,SSEN-281800116001
281800116002,SSEN,19.0,9242.0,2024-12-03 02:00:00+00:00,"{'x': -0.373581, 'y': 51.46935}",SSEN-2818001160,SSEN-281800116002
281800116004,SSEN,18.0,3418.0,2024-12-03 02:00:00+00:00,"{'x': -0.373581, 'y': 51.46935}",SSEN-2818001160,SSEN-281800116004
281800116005,SSEN,43.0,10451.0,2024-12-03 02:00:00+00:00,"{'x': -0.373581, 'y': 51.46935}",SSEN-2818001160,SSEN-281800116005
281800116001,SSEN,46.0,10309.0,2024-12-03 02:30:00+00:00,"{'x': -0.373581, 'y': 51.46935}",SSEN-2818001160,SSEN-281800116001
281800116002,SSEN,19.0,9037.0,2024-12-03 02:30:00+00:00,"{'x': -0.373581, 'y': 51.46935}",SSEN-2818001160,SSEN-281800116002
281800116004,SSEN,18.0,3402.0,2024-12-03 02:30:00+00:00,"{'x': -0.373581, 'y': 51.46935}",SSEN-2818001160,SSEN-281800116004
281800116005,SSEN,43.0,12618.0,2024-12-03 02:30:00+00:00,"{'x': -0.373581, 'y': 51.46935}",SSEN-2818001160,SSEN-281800116005
281800116001,SSEN,46.0,10470.0,2024-12-03 03:00:00+00:00,"{'x': -0.373581, 'y': 51.46935}",SSEN-2818001160,SSEN-281800116001
281800116002,SSEN,19.0,8703.0,2024-12-03 03:00:00+00:00,"{'x': -0.373581, 'y': 51.46935}",SSEN-2818001160,SSEN-281800116002
281800116004,SSEN,18.0,3485.0,2024-12-03 03:00:00+00:00,"{'x': -0.373581, 'y': 51.46935}",SSEN-2818001160,SSEN-281800116004
281800116005,SSEN,43.0,11052.0,2024-12-03 03:00:00+00:00,"{'x': -0.373581, 'y': 51.46935}",SSEN-2818001160,SSEN-281800116005
281800116001,SSEN,46.0,9465.0,2024-12-03 03:30:00+00:00,"{'x': -0.373581, 'y': 51.46935}",SSEN-2818001160,SSEN-281800116001
281800116002,SSEN,19.0,5984.0,2024-12-03 03:30:00+00:00,"{'x': -0.373581, 'y': 51.46935}",SSEN-2818001160,SSEN-281800116002
281800116004,SSEN,18.0,3972.0,2024-12-03 03:30:00+00:00,"{'x': -0.373581, 'y': 51.46935}",SSEN-2818001160,SSEN-281800116004
281800116005,SSEN,43.0,10648.0,2024-12-03 03:30:00+00:00,"{'x': -0.373581, 'y': 51.46935}",SSEN-2818001160,SSEN-281800116005
281800116001,SSEN,46.0,10000.0,2024-12-03 04:00:00+00:00,"{'x': -0.373581, 'y': 51.46935}",SSEN-2818001160,SSEN-281800116001
281800116002,SSEN,19.0,5791.0,2024-12-03 04:00:00+00:00,"{'x': -0.373581, 'y': 51.46935}",SSEN-2818001160,SSEN-281800116002
281800116004,SSEN,18.0,3518.0,2024-12-03 04:00:00+00:00,"{'x': -0.373581, 'y': 51.46935}",SSEN-2818001160,SSEN-281800116004
281800116005,SSEN,43.0,10388.0,2024-12-03 04:00:00+00:00,"{'x': -0.373581, 'y': 51.46935}",SSEN-2818001160,SSEN-281800116005
281800116001,SSEN,46.0,8100.0,2024-12-03 04:30:00+00:00,"{'x': -0.373581, 'y': 51.46935}",SSEN-2818001160,SSEN-281800116001
281800116002,SSEN,19.0,6695.0,2024-12-03 04:30:00+00:00,"{'x': -0.373581, 'y': 51.46935}",SSEN-2818001160,SSEN-281800116002
281800116004,SSEN,18.0,3494.0,2024-12-03 04:30:00+00:00,"{'x': -0.373581, 'y': 51.46935}",SSEN-2818001160,SSEN-281800116004
281800116005,SSEN,43.0,9875.0,2024-12-03 04:30:00+00:00,"{'x': -0.373581, 'y': 51.46935}",SSEN-2818001160,SSEN-281800116005
281800116001,SSEN,46.0,7329.0,2024-12-03 05:00:00+00:00,"{'x': -0.373581, 'y': 51.46935}",SSEN-2818001160,SSEN-281800116001
281800116002,SSEN,19.0,6286.0,2024-12-03 05:00:00+00:00,"{'x': -0.373581, 'y': 51.46935}",SSEN-2818001160,SSEN-281800116002
281800116004,SSEN,18.0,3194.0,2024-12-03 05:00:00+00:00,"{'x': -0.373581, 'y': 51.46935}",SSEN-2818001160,SSEN-281800116004
281800116005,SSEN,43.0,9948.0,2024-12-03 05:00:00+00:00,"{'x': -0.373581, 'y': 51.46935}",SSEN-2818001160,SSEN-281800116005
281800116001,SSEN,46.0,6875.0,2024-12-03 05:30:00+00:00,"{'x': -0.373581, 'y': 51.46935}",SSEN-2818001160,SSEN-281800116001
281800116002,SSEN,19.0,5833.0,2024-12-03 05:30:00+00:00,"{'x': -0.373581, 'y': 51.46935}",SSEN-2818001160,SSEN-281800116002
281800116004,SSEN,18.0,3381.0,2024-12-03 05:30:00+00:00,"{'x': -0.373581, 'y': 51.46935}",SSEN-2818001160,SSEN-281800116004
281800116005,SSEN,43.0,11820.0,2024-12-03 05:30:00+00:00,"{'x': -0.373581, 'y': 51.46935}",SSEN-2818001160,SSEN-281800116005
281800116001,SSEN,46.0,6479.0,2024-12-03 06:00:00+00:00,"{'x': -0.373581, 'y': 51.46935}",SSEN-2818001160,SSEN-281800116001
281800116002,SSEN,19.0,5937.0,2024-12-03 06:00:00+00:00,"{'x': -0.373581, 'y': 51.46935}",SSEN-2818001160,SSEN-281800116002
281800116004,SSEN,18.0,3083.0,2024-12-03 06:00:00+00:00,"{'x': -0.373581, 'y': 51.46935}",SSEN-2818001160,SSEN-281800116004
281800116005,SSEN,43.0,8010.0,2024-12-03 06:00:00+00:00,"{'x': -0.373581, 'y': 51.46935}",SSEN-2818001160,SSEN-281800116005
281800116001,SSEN,46.0,8879.0,2024-12-03 06:30:00+00:00,"{'x': -0.373581, 'y': 51.46935}",SSEN-2818001160,SSEN-281800116001
281800116002,SSEN,19.0,5993.0,2024-12-03 06:30:00+00:00,"{'x': -0.373581, 'y': 51.46935}",SSEN-2818001160,SSEN-281800116002
281800116004,SSEN,18.0,2839.0,2024-12-03 06:30:00+00:00,"{'x': -0.373581, 'y': 51.46935}",SSEN-2818001160,SSEN-281800116004
281800116005,SSEN,43.0,10587.0,2024-12-03 06:30:00+00:00,"{'x': -0.373581, 'y': 51.46935}",SSEN-2818001160,SSEN-281800116005
281800116001,SSEN,46.0,11906.0,2024-12-03 07:00:00+00:00,"{'x': -0.373581, 'y': 51.46935}",SSEN-2818001160,SSEN-281800116001
281800116002,SSEN,19.0,9080.0,2024-12-03 07:00:00+00:00,"{'x': -0.373581, 'y': 51.46935}",SSEN-2818001160,SSEN-281800116002
281800116004,SSEN,18.0,2860.0,2024-12-03 07:00:00+00:00,"{'x': -0.373581, 'y': 51.46935}",SSEN-2818001160,SSEN-281800116004
281800116005,SSEN,43.0,10328.0,2024-12-03 07:00:00+00:00,"{'x': -0.373581, 'y': 51.46935}",SSEN-2818001160,SSEN-281800116005
281800116001,SSEN,46.0,14574.0,2024-12-03 07:30:00+00:00,"{'x': -0.373581, 'y': 51.46935}",SSEN-2818001160,SSEN-281800116001
281800116002,SSEN,19.0,4019.0,2024-12-03 07:30:00+00:00,"{'x': -0.373581, 'y': 51.46935}",SSEN-2818001160,SSEN-281800116002
281800116004,SSEN,18.0,4309.0,2024-12-03 07:30:00+00:00,"{'x': -0.373581, 'y': 51.46935}",SSEN-2818001160,SSEN-281800116004
281800116005,SSEN,43.0,15283.0,2024-12-03 07:30:00+00:00,"{'x': -0.373581, 'y': 51.46935}",SSEN-2818001160,SSEN-281800116005
281800116001,SSEN,46.0,13036.0,2024-12-03 08:00:00+00:00,"{'x': -0.373581, 'y': 51.46935}",SSEN-2818001160,SSEN-281800116001
281800116002,SSEN,19.0,5336.0,2024-12-03 08:00:00+00:00,"{'x': -0.373581, 'y': 51.46935}",SSEN-2818001160,SSEN-281800116002
281800116004,SSEN,18.0,3564.0,2024-12-03 08:00:00+00:00,"{'x': -0.373581, 'y': 51.46935}",SSEN-2818001160,SSEN-281800116004
281800116005,SSEN,43.0,12131.0,2024-12-03 08:00:00+00:00,"{'x': -0.373581, 'y': 51.46935}",SSEN-2818001160,SSEN-281800116005
281800116001,SSEN,46.0,11692.0,2024-12-03 08:30:00+00:00,"{'x': -0.373581, 'y': 51.46935}",SSEN-2818001160,SSEN-281800116001
281800116002,SSEN,19.0,4609.0,2024-12-03 08:30:00+00:00,"{'x': -0.373581, 'y': 51.46935}",SSEN-2818001160,SSEN-281800116002
281800116004,SSEN,18.0,2875.0,2024-12-03 08:30:00+00:00,"{'x': -0.373581, 'y': 51.46935}",SSEN-2818001160,SSEN-281800116004
281800116005,SSEN,43.0,16116.0,2024-12-03 08:30:00+00:00,"{'x': -0.373581, 'y': 51.46935}",SSEN-2818001160,SSEN-281800116005
281800116001,SSEN,46.0,10905.0,2024-12-03 09:00:00+00:00,"{'x': -0.373581, 'y': 51.46935}",SSEN-2818001160,SSEN-281800116001
281800116002,SSEN,19.0,5624.0,2024-12-03 09:00:00+00:00,"{'x': -0.373581, 'y': 51.46935}",SSEN-2818001160,SSEN-281800116002
281800116004,SSEN,18.0,2895.0,2024-12-03 09:00:00+00:00,"{'x': -0.373581, 'y': 51.46935}",SSEN-2818001160,SSEN-281800116004
281800116005,SSEN,43.0,16127.0,2024-12-03 09:00:00+00:00,"{'x': -0.373581, 'y': 51.46935}",SSEN-2818001160,SSEN-281800116005
281800116001,SSEN,46.0,13788.0,2024-12-03 09:30:00+00:00,"{'x': -0.373581, 'y': 51.46935}",SSEN-2818001160,SSEN-281800116001
281800116002,SSEN,19.0,4964.0,2024-12-03 09:30:00+00:00,"{'x': -0.373581, 'y': 51.46935}",SSEN-2818001160,SSEN-281800116002
281800116004,SSEN,18.0,5241.0,2024-12-03 09:30:00+00:00,"{'x': -0.373581, 'y': 51.46935}",SSEN-2818001160,SSEN-281800116004
281800116005,SSEN,43.0,12205.0,2024-12-03 09:30:00+00:00,"{'x': -0.373581, 'y': 51.46935}",SSEN-2818001160,SSEN-281800116005
281800116001,SSEN,46.0,14670.0,2024-12-03 10:00:00+00:00,"{'x': -0.373581, 'y': 51.46935}",SSEN-2818001160,SSEN-281800116001
281800116002,SSEN,19.0,5015.0,2024-12-03 10:00:00+00:00,"{'x': -0.373581, 'y': 51.46935}",SSEN-2818001160,SSEN-281800116002
281800116004,SSEN,18.0,4675.0,2024-12-03 10:00:00+00:00,"{'x': -0.373581, 'y': 51.46935}",SSEN-2818001160,SSEN-281800116004
281800116005,SSEN,43.0,14362.0,2024-12-03 10:00:00+00:00,"{'x': -0.373581, 'y': 51.46935}",SSEN-2818001160,SSEN-281800116005
281800116001,SSEN,46.0,14369.0,2024-12-03 10:30:00+00:00,"{'x': -0.373581, 'y': 51.46935}",SSEN-2818001160,SSEN-281800116001
281800116002,SSEN,19.0,6116.0,2024-12-03 10:30:00+00:00,"{'x': -0.373581, 'y': 51.46935}",SSEN-2818001160,SSEN-281800116002
281800116004,SSEN,18.0,4300.0,2024-12-03 10:30:00+00:00,"{'x': -0.373581, 'y': 51.46935}",SSEN-2818001160,SSEN-281800116004
281800116005,SSEN,43.0,18192.0,2024-12-03 10:30:00+00:00,"{'x': -0.373581, 'y': 51.46935}",SSEN-2818001160,SSEN-281800116005
281800116001,SSEN,46.0,11760.0,2024-12-03 11:00:00+00:00,"{'x': -0.373581, 'y': 51.46935}",SSEN-2818001160,SSEN-281800116001
281800116002,SSEN,19.0,5745.0,2024-12-03 11:00:00+00:00,"{'x': -0.373581, 'y': 51.46935}",SSEN-2818001160,SSEN-281800116002
281800116004,SSEN,18.0,4667.0,2024-12-03 11:00:00+00:00,"{'x': -0.373581, 'y': 51.46935}",SSEN-2818001160,SSEN-281800116004
281800116005,SSEN,43.0,18642.0,2024-12-03 11:00:00+00:00,"{'x': -0.373581, 'y': 51.46935}",SSEN-2818001160,SSEN-281800116005
281800116001,SSEN,46.0,11873.0,2024-12-03 11:30:00+00:00,"{'x': -0.373581, 'y': 51.46935}",SSEN-2818001160,SSEN-281800116001
281800116002,SSEN,19.0,4677.0,2024-12-03 11:30:00+00:00,"{'x': -0.373581, 'y': 51.46935}",SSEN-2818001160,SSEN-281800116002
281800116004,SSEN,18.0,4342.0,2024-12-03 11:30:00+00:00,"{'x': -0.373581, 'y': 51.46935}",SSEN-2818001160,SSEN-281800116004
281800116005,SSEN,43.0,15152.0,2024-12-03 11:30:00+00:00,"{'x': -0.373581, 'y': 51.46935}",SSEN-2818001160,SSEN-281800116005
281800116001,SSEN,46.0,10410.0,2024-12-03 12:00:00+00:00,"{'x': -0.373581, 'y': 51.46935}",SSEN-2818001160,SSEN-281800116001
281800116002,SSEN,19.0,4384.0,2024-12-03 12:00:00+00:00,"{'x': -0.373581, 'y': 51.46935}",SSEN-2818001160,SSEN-281800116002
281800116004,SSEN,18.0,4071.0,2024-12-03 12:00:00+00:00,"{'x': -0.373581, 'y': 51.46935}",SSEN-2818001160,SSEN-281800116004
281800116005,SSEN,43.0,16485.0,2024-12-03 12:00:00+00:00,"{'x': -0.373581, 'y': 51.46935}",SSEN-2818001160,SSEN-281800116005
281800116001,SSEN,46.0,10134.0,2024-12-03 12:30:00+00:00,"{'x': -0.373581, 'y': 51.46935}",SSEN-2818001160,SSEN-281800116001
281800116002,SSEN,19.0,4000.0,2024-12-03 12:30:00+00:00,"{'x': -0.373581, 'y': 51.46935}",SSEN-2818001160,SSEN-281800116002
281800116004,SSEN,18.0,4633.0,2024-12-03 12:30:00+00:00,"{'x': -0.373581, 'y': 51.46935}",SSEN-2818001160,SSEN-281800116004
281800116005,SSEN,43.0,11948.0,2024-12-03 12:30:00+00:00,"{'x': -0.373581, 'y': 51.46935}",SSEN-2818001160,SSEN-281800116005
281800116001,SSEN,46.0,9562.0,2024-12-03 13:00:00+00:00,"{'x': -0.373581, 'y': 51.46935}",SSEN-2818001160,SSEN-281800116001
281800116002,SSEN,19.0,4835.0,2024-12-03 13:00:00+00:00,"{'x': -0.373581, 'y': 51.46935}",SSEN-2818001160,SSEN-281800116002
281800116004,SSEN,18.0,5678.0,2024-12-03 13:00:00+00:00,"{'x': -0.373581, 'y': 51.46935}",SSEN-2818001160,SSEN-281800116004
281800116005,SSEN,43.0,13058.0,2024-12-03 13:00:00+00:00,"{'x': -0.373581, 'y': 51.46935}",SSEN-2818001160,SSEN-281800116005
281800116001,SSEN,46.0,10916.0,2024-12-03 13:30:00+00:00,"{'x': -0.373581, 'y': 51.46935}",SSEN-2818001160,SSEN-281800116001
281800116002,SSEN,19.0,6701.0,2024-12-03 13:30:00+00:00,"{'x': -0.373581, 'y': 51.46935}",SSEN-2818001160,SSEN-281800116002
281800116004,SSEN,18.0,5252.0,2024-12-03 13:30:00+00:00,"{'x': -0.373581, 'y': 51.46935}",SSEN-2818001160,SSEN-281800116004
281800116005,SSEN,43.0,12144.0,2024-12-03 13:30:00+00:00,"{'x': -0.373581, 'y': 51.46935}",SSEN-2818001160,SSEN-281800116005
281800116001,SSEN,46.0,12122.0,2024-12-03 14:00:00+00:00,"{'x': -0.373581, 'y': 51.46935}",SSEN-2818001160,SSEN-281800116001
281800116002,SSEN,19.0,6733.0,2024-12-03 14:00:00+00:00,"{'x': -0.373581, 'y': 51.46935}",SSEN-2818001160,SSEN-281800116002
281800116004,SSEN,18.0,5353.0,2024-12-03 14:00:00+00:00,"{'x': -0.373581, 'y': 51.46935}",SSEN-2818001160,SSEN-281800116004
281800116005,SSEN,43.0,12793.0,2024-12-03 14:00:00+00:00,"{'x': -0.373581, 'y': 51.46935}",SSEN-2818001160,SSEN-281800116005
281800116001,SSEN,46.0,12941.0,2024-12-03 14:30:00+00:00,"{'x': -0.373581, 'y': 51.46935}",SSEN-2818001160,SSEN-281800116001
281800116002,SSEN,19.0,7125.0,2024-12-03 14:30:00+00:00,"{'x': -0.373581, 'y': 51.46935}",SSEN-2818001160,SSEN-281800116002
281800116004,SSEN,18.0,4455.0,2024-12-03 14:30:00+00:00,"{'x': -0.373581, 'y': 51.46935}",SSEN-2818001160,SSEN-281800116004
281800116005,SSEN,43.0,14023.0,2024-12-03 14:30:00+00:00,"{'x': -0.373581, 'y': 51.46935}",SSEN-2818001160,SSEN-281800116005
281800116001,SSEN,46.0,10873.0,2024-12-03 15:00:00+00:00,"{'x': -0.373581, 'y': 51.46935}",SSEN-2818001160,SSEN-281800116001
281800116002,SSEN,19.0,7263.0,2024-12-03 15:00:00+00:00,"{'x': -0.373581, 'y': 51.46935}",SSEN-2818001160,SSEN-281800116002
281800116004,SSEN,18.0,4409.0,2024-12-03 15:00:00+00:00,"{'x': -0.373581, 'y': 51.46935}",SSEN-2818001160,SSEN-281800116004
281800116005,SSEN,43.0,14446.0,2024-12-03 15:00:00+00:00,"{'x': -0.373581, 'y': 51.46935}",SSEN-2818001160,SSEN-281800116005
281800116001,SSEN,46.0,11454.0,2024-12-03 15:30:00+00:00,"{'x': -0.373581, 'y': 51.46935}",SSEN-2818001160,SSEN-281800116001
281800116002,SSEN,19.0,5950.0,2024-12-03 15:30:00+00:00,"{'x': -0.373581, 'y': 51.46935}",SSEN-2818001160,SSEN-281800116002
281800116004,SSEN,18.0,5088.0,2024-12-03 15:30:00+00:00,"{'x': -0.373581, 'y': 51.46935}",SSEN-2818001160,SSEN-281800116004
281800116005,SSEN,43.0,12522.0,2024-12-03 15:30:00+00:00,"{'x': -0.373581, 'y': 51.46935}",SSEN-2818001160,SSEN-281800116005
281800116001,SSEN,46.0,13124.0,2024-12-03 16:00:00+00:00,"{'x': -0.373581, 'y': 51.46935}",SSEN-2818001160,SSEN-281800116001
281800116002,SSEN,19.0,5082.0,2024-12-03 16:00:00+00:00,"{'x': -0.373581, 'y': 51.46935}",SSEN-2818001160,SSEN-281800116002
281800116004,SSEN,18.0,5599.0,2024-12-03 16:00:00+00:00,"{'x': -0.373581, 'y': 51.46935}",SSEN-2818001160,SSEN-281800116004
281800116005,SSEN,43.0,13365.0,2024-12-03 16:00:00+00:00,"{'x': -0.373581, 'y': 51.46935}",SSEN-2818001160,SSEN-281800116005
281800116001,SSEN,46.0,13678.0,2024-12-03 16:30:00+00:00,"{'x': -0.373581, 'y': 51.46935}",SSEN-2818001160,SSEN-281800116001
281800116002,SSEN,19.0,4744.0,2024-12-03 16:30:00+00:00,"{'x': -0.373581, 'y': 51.46935}",SSEN-2818001160,SSEN-281800116002
281800116004,SSEN,18.0,7938.0,2024-12-03 16:30:00+00:00,"{'x': -0.373581, 'y': 51.46935}",SSEN-2818001160,SSEN-281800116004
281800116005,SSEN,43.0,14758.0,2024-12-03 16:30:00+00:00,"{'x': -0.373581, 'y': 51.46935}",SSEN-2818001160,SSEN-281800116005
281800116001,SSEN,46.0,16229.0,2024-12-03 17:00:00+00:00,"{'x': -0.373581, 'y': 51.46935}",SSEN-2818001160,SSEN-281800116001
281800116002,SSEN,19.0,8481.0,2024-12-03 17:00:00+00:00,"{'x': -0.373581, 'y': 51.46935}",SSEN-2818001160,SSEN-281800116002
281800116004,SSEN,18.0,7189.0,2024-12-03 17:00:00+00:00,"{'x': -0.373581, 'y': 51.46935}",SSEN-2818001160,SSEN-281800116004
281800116005,SSEN,43.0,16285.0,2024-12-03 17:00:00+00:00,"{'x': -0.373581, 'y': 51.46935}",SSEN-2818001160,SSEN-281800116005
281800116001,SSEN,46.0,15241.0,2024-12-03 17:30:00+00:00,"{'x': -0.373581, 'y': 51.46935}",SSEN-2818001160,SSEN-281800116001
281800116002,SSEN,19.0,6463.0,2024-12-03 17:30:00+00:00,"{'x': -0.373581, 'y': 51.46935}",SSEN-2818001160,SSEN-281800116002
281800116004,SSEN,18.0,5102.0,2024-12-03 17:30:00+00:00,"{'x': -0.373581, 'y': 51.46935}",SSEN-2818001160,SSEN-281800116004
281800116005,SSEN,43.0,16952.0,2024-12-03 17:30:00+00:00,"{'x': -0.373581, 'y': 51.46935}",SSEN-2818001160,SSEN-281800116005
281800116001,SSEN,46.0,14782.0,2024-12-03 18:00:00+00:00,"{'x': -0.373581, 'y': 51.46935}",SSEN-2818001160,SSEN-281800116001
281800116002,SSEN,19.0,6674.0,2024-12-03 18:00:00+00:00,"{'x': -0.373581, 'y': 51.46935}",SSEN-2818001160,SSEN-281800116002
281800116004,SSEN,18.0,4927.0,2024-12-03 18:00:00+00:00,"{'x': -0.373581, 'y': 51.46935}",SSEN-2818001160,SSEN-281800116004
281800116005,SSEN,43.0,16737.0,2024-12-03 18:00:00+00:00,"{'x': -0.373581, 'y': 51.46935}",SSEN-2818001160,SSEN-281800116005
281800116001,SSEN,46.0,17000.0,2024-12-03 18:30:00+00:00,"{'x': -0.373581, 'y': 51.46935}",SSEN-2818001160,SSEN-281800116001
281800116002,SSEN,19.0,7841.0,2024-12-03 18:30:00+00:00,"{'x': -0.373581, 'y': 51.46935}",SSEN-2818001160,SSEN-281800116002
281800116004,SSEN,18.0,4423.0,2024-12-03 18:30:00+00:00,"{'x': -0.373581, 'y': 51.46935}",SSEN-2818001160,SSEN-281800116004
281800116005,SSEN,43.0,17255.0,2024-12-03 18:30:00+00:00,"{'x': -0.373581, 'y': 51.46935}",SSEN-2818001160,SSEN-281800116005
281800116001,SSEN,46.0,17537.0,2024-12-03 19:00:00+00:00,"{'x': -0.373581, 'y': 51.46935}",SSEN-2818001160,SSEN-281800116001
281800116002,SSEN,19.0,6971.0,2024-12-03 19:00:00+00:00,"{'x': -0.373581, 'y': 51.46935}",SSEN-2818001160,SSEN-281800116002
281800116004,SSEN,18.0,3929.0,2024-12-03 19:00:00+00:00,"{'x': -0.373581, 'y': 51.46935}",SSEN-2818001160,SSEN-281800116004
281800116005,SSEN,43.0,17879.0,2024-12-03 19:00:00+00:00,"{'x': -0.373581, 'y': 51.46935}",SSEN-2818001160,SSEN-281800116005
281800116001,SSEN,46.0,17328.0,2024-12-03 19:30:00+00:00,"{'x': -0.373581, 'y': 51.46935}",SSEN-2818001160,SSEN-281800116001
281800116002,SSEN,19.0,9050.0,2024-12-03 19:30:00+00:00,"{'x': -0.373581, 'y': 51.46935}",SSEN-2818001160,SSEN-281800116002
281800116004,SSEN,18.0,4638.0,2024-12-03 19:30:00+00:00,"{'x': -0.373581, 'y': 51.46935}",SSEN-2818001160,SSEN-281800116004
281800116005,SSEN,43.0,25480.0,2024-12-03 19:30:00+00:00,"{'x': -0.373581, 'y': 51.46935}",SSEN-2818001160,SSEN-281800116005
281800116001,SSEN,46.0,17324.0,2024-12-03 20:00:00+00:00,"{'x': -0.373581, 'y': 51.46935}",SSEN-2818001160,SSEN-281800116001
281800116002,SSEN,19.0,7907.0,2024-12-03 20:00:00+00:00,"{'x': -0.373581, 'y': 51.46935}",SSEN-2818001160,SSEN-281800116002
281800116004,SSEN,18.0,3854.0,2024-12-03 20:00:00+00:00,"{'x': -0.373581, 'y': 51.46935}",SSEN-2818001160,SSEN-281800116004
281800116005,SSEN,43.0,19915.0,2024-12-03 20:00:00+00:00,"{'x': -0.373581, 'y': 51.46935}",SSEN-2818001160,SSEN-281800116005
281800116001,SSEN,46.0,19672.0,2024-12-03 20:30:00+00:00,"{'x': -0.373581, 'y': 51.46935}",SSEN-2818001160,SSEN-281800116001
281800116002,SSEN,19.0,9596.0,2024-12-03 20:30:00+00:00,"{'x': -0.373581, 'y': 51.46935}",SSEN-2818001160,SSEN-281800116002
281800116004,SSEN,18.0,5541.0,2024-12-03 20:30:00+00:00,"{'x': -0.373581, 'y': 51.46935}",SSEN-2818001160,SSEN-281800116004
281800116005,SSEN,43.0,17831.0,2024-12-03 20:30:00+00:00,"{'x': -0.373581, 'y': 51.46935}",SSEN-2818001160,SSEN-281800116005
281800116001,SSEN,46.0,20014.0,2024-12-03 21:00:00+00:00,"{'x': -0.373581, 'y': 51.46935}",SSEN-2818001160,SSEN-281800116001
281800116002,SSEN,19.0,12175.0,2024-12-03 21:00:00+00:00,"{'x': -0.373581, 'y': 51.46935}",SSEN-2818001160,SSEN-281800116002
281800116004,SSEN,18.0,5198.0,2024-12-03 21:00:00+00:00,"{'x': -0.373581, 'y': 51.46935}",SSEN-2818001160,SSEN-281800116004
281800116005,SSEN,43.0,18344.0,2024-12-03 21:00:00+00:00,"{'x': -0.373581, 'y': 51.46935}",SSEN-2818001160,SSEN-281800116005
281800116001,SSEN,46.0,15041.0,2024-12-03 21:30:00+00:00,"{'x': -0.373581, 'y': 51.46935}",SSEN-2818001160,SSEN-281800116001
281800116002,SSEN,19.0,12677.0,2024-12-03 21:30:00+00:00,"{'x': -0.373581, 'y': 51.46935}",SSEN-2818001160,SSEN-281800116002
281800116004,SSEN,18.0,3957.0,2024-12-03 21:30:00+00:00,"{'x': -0.373581, 'y': 51.46935}",SSEN-2818001160,SSEN-281800116004
281800116005,SSEN,43.0,17044.0,2024-12-03 21:30:00+00:00,"{'x': -0.373581, 'y': 51.46935}",SSEN-2818001160,SSEN-281800116005
281800116001,SSEN,46.0,14130.0,2024-12-03 22:00:00+00:00,"{'x': -0.373581, 'y': 51.46935}",SSEN-2818001160,SSEN-281800116001
281800116002,SSEN,19.0,9435.0,2024-12-03 22:00:00+00:00,"{'x': -0.373581, 'y': 51.46935}",SSEN-2818001160,SSEN-281800116002
281800116004,SSEN,18.0,4419.0,2024-12-03 22:00:00+00:00,"{'x': -0.373581, 'y': 51.46935}",SSEN-2818001160,SSEN-281800116004
281800116005,SSEN,43.0,22907.0,2024-12-03 22:00:00+00:00,"{'x': -0.373581, 'y': 51.46935}",SSEN-2818001160,SSEN-281800116005
281800116001,SSEN,46.0,13427.0,2024-12-03 22:30:00+00:00,"{'x': -0.373581, 'y': 51.46935}",SSEN-2818001160,SSEN-281800116001
281800116002,SSEN,19.0,7936.0,2024-12-03 22:30:00+00:00,"{'x': -0.373581, 'y': 51.46935}",SSEN-2818001160,SSEN-281800116002
281800116004,SSEN,18.0,4309.0,2024-12-03 22:30:00+00:00,"{'x': -0.373581, 'y': 51.46935}",SSEN-2818001160,SSEN-281800116004
281800116005,SSEN,43.0,26102.0,2024-12-03 22:30:00+00:00,"{'x': -0.373581, 'y': 51.46935}",SSEN-2818001160,SSEN-281800116005
281800116001,SSEN,46.0,10525.0,2024-12-03 23:00:00+00:00,"{'x': -0.373581, 'y': 51.46935}",SSEN-2818001160,SSEN-281800116001
281800116002,SSEN,19.0,8427.0,2024-12-03 23:00:00+00:00,"{'x': -0.373581, 'y': 51.46935}",SSEN-2818001160,SSEN-281800116002
281800116004,SSEN,18.0,3979.0,2024-12-03 23:00:00+00:00,"{'x': -0.373581, 'y': 51.46935}",SSEN-2818001160,SSEN-281800116004
281800116005,SSEN,43.0,25007.0,2024-12-03 23:00:00+00:00,"{'x': -0.373581, 'y': 51.46935}",SSEN-2818001160,SSEN-281800116005
281800116001,SSEN,46.0,11077.0,2024-12-03 23:30:00+00:00,"{'x': -0.373581, 'y': 51.46935}",SSEN-2818001160,SSEN-281800116001
281800116002,SSEN,19.0,11044.0,2024-12-03 23:30:00+00:00,"{'x': -0.373581, 'y': 51.46935}",SSEN-2818001160,SSEN-281800116002
281800116004,SSEN,18.0,4050.0,2024-12-03 23:30:00+00:00,"{'x': -0.373581, 'y': 51.46935}",SSEN-2818001160,SSEN-281800116004
281800116005,SSEN,43.0,19086.0,2024-12-03 23:30:00+00:00,"{'x': -0.373581, 'y': 51.46935}",SSEN-2818001160,SSEN-281800116005
281800116001,SSEN,46.0,10434.0,2024-12-04 00:00:00+00:00,"{'x': -0.373581, 'y': 51.46935}",SSEN-2818001160,SSEN-281800116001
281800116002,SSEN,19.0,9267.0,2024-12-04 00:00:00+00:00,"{'x': -0.373581, 'y': 51.46935}",SSEN-2818001160,SSEN-281800116002
281800116004,SSEN,18.0,3926.0,2024-12-04 00:00:00+00:00,"{'x': -0.373581, 'y': 51.46935}",SSEN-2818001160,SSEN-281800116004
281800116005,SSEN,43.0,15791.0,2024-12-04 00:00:00+00:00,"{'x': -0.373581, 'y': 51.46935}",SSEN-2818001160,SSEN-281800116005
281800116001,SSEN,46.0,13676.0,2024-12-04 00:30:00+00:00,"{'x': -0.373581, 'y': 51.46935}",SSEN-2818001160,SSEN-281800116001
281800116002,SSEN,19.0,9912.0,2024-12-04 00:30:00+00:00,"{'x': -0.373581, 'y': 51.46935}",SSEN-2818001160,SSEN-281800116002
281800116004,SSEN,17.0,3740.0,2024-12-04 00:30:00+00:00,"{'x': -0.373581, 'y': 51.46935}",SSEN-2818001160,SSEN-281800116004
281800116005,SSEN,43.0,14828.0,2024-12-04 00:30:00+00:00,"{'x': -0.373581, 'y': 51.46935}",SSEN-2818001160,SSEN-281800116005
281800116001,SSEN,46.0,12329.0,2024-12-04 01:00:00+00:00,"{'x': -0.373581, 'y': 51.46935}",SSEN-2818001160,SSEN-281800116001
281800116002,SSEN,19.0,9833.0,2024-12-04 01:00:00+00:00,"{'x': -0.373581, 'y': 51.46935}",SSEN-2818001160,SSEN-281800116002
281800116004,SSEN,17.0,3489.0,2024-12-04 01:00:00+00:00,"{'x': -0.373581, 'y': 51.46935}",SSEN-2818001160,SSEN-281800116004
281800116005,SSEN,43.0,16576.0,2024-12-04 01:00:00+00:00,"{'x': -0.373581, 'y': 51.46935}",SSEN-2818001160,SSEN-281800116005
281800116001,SSEN,46.0,10808.0,2024-12-04 01:30:00+00:00,"{'x': -0.373581, 'y': 51.46935}",SSEN-2818001160,SSEN-281800116001
281800116002,SSEN,19.0,7442.0,2024-12-04 01:30:00+00:00,"{'x': -0.373581, 'y': 51.46935}",SSEN-2818001160,SSEN-281800116002
281800116004,SSEN,17.0,3466.0,2024-12-04 01:30:00+00:00,"{'x': -0.373581, 'y': 51.46935}",SSEN-2818001160,SSEN-281800116004
281800116005,SSEN,43.0,16987.0,2024-12-04 01:30:00+00:00,"{'x': -0.373581, 'y': 51.46935}",SSEN-2818001160,SSEN-281800116005
281800116001,SSEN,46.0,11108.0,2024-12-04 02:00:00+00:00,"{'x': -0.373581, 'y': 51.46935}",SSEN-2818001160,SSEN-281800116001
281800116002,SSEN,19.0,6602.0,2024-12-04 02:00:00+00:00,"{'x': -0.373581, 'y': 51.46935}",SSEN-2818001160,SSEN-281800116002
281800116004,SSEN,17.0,3671.0,2024-12-04 02:00:00+00:00,"{'x': -0.373581, 'y': 51.46935}",SSEN-2818001160,SSEN-281800116004
281800116005,SSEN,43.0,16350.0,2024-12-04 02:00:00+00:00,"{'x': -0.373581, 'y': 51.46935}",SSEN-2818001160,SSEN-281800116005
281800116001,SSEN,46.0,11120.0,2024-12-04 02:30:00+00:00,"{'x': -0.373581, 'y': 51.46935}",SSEN-2818001160,SSEN-281800116001
281800116002,SSEN,19.0,6481.0,2024-12-04 02:30:00+00:00,"{'x': -0.373581, 'y': 51.46935}",SSEN-2818001160,SSEN-281800116002
281800116004,SSEN,17.0,3370.0,2024-12-04 02:30:00+00:00,"{'x': -0.373581, 'y': 51.46935}",SSEN-2818001160,SSEN-281800116004
281800116005,SSEN,43.0,16773.0,2024-12-04 02:30:00+00:00,"{'x': -0.373581, 'y': 51.46935}",SSEN-2818001160,SSEN-281800116005
281800116001,SSEN,46.0,10052.0,2024-12-04 03:00:00+00:00,"{'x': -0.373581, 'y': 51.46935}",SSEN-2818001160,SSEN-281800116001
281800116002,SSEN,19.0,5424.0,2024-12-04 03:00:00+00:00,"{'x': -0.373581, 'y': 51.46935}",SSEN-2818001160,SSEN-281800116002
281800116004,SSEN,17.0,3492.0,2024-12-04 03:00:00+00:00,"{'x': -0.373581, 'y': 51.46935}",SSEN-2818001160,SSEN-281800116004
281800116005,SSEN,43.0,16893.0,2024-12-04 03:00:00+00:00,"{'x': -0.373581, 'y': 51.46935}",SSEN-2818001160,SSEN-281800116005
281800116001,SSEN,46.0,9757.0,2024-12-04 03:30:00+00:00,"{'x': -0.373581, 'y': 51.46935}",SSEN-2818001160,SSEN-281800116001
281800116002,SSEN,19.0,5145.0,2024-12-04 03:30:00+00:00,"{'x': -0.373581, 'y': 51.46935}",SSEN-2818001160,SSEN-281800116002
281800116004,SSEN,17.0,3842.0,2024-12-04 03:30:00+00:00,"{'x': -0.373581, 'y': 51.46935}",SSEN-2818001160,SSEN-281800116004
281800116005,SSEN,43.0,14612.0,2024-12-04 03:30:00+00:00,"{'x': -0.373581, 'y': 51.46935}",SSEN-2818001160,SSEN-281800116005
281800116001,SSEN,46.0,9236.0,2024-12-04 04:00:00+00:00,"{'x': -0.373581, 'y': 51.46935}",SSEN-2818001160,SSEN-281800116001
281800116002,SSEN,19.0,4940.0,2024-12-04 04:00:00+00:00,"{'x': -0.373581, 'y': 51.46935}",SSEN-2818001160,SSEN-281800116002
281800116004,SSEN,17.0,3560.0,2024-12-04 04:00:00+00:00,"{'x': -0.373581, 'y': 51.46935}",SSEN-2818001160,SSEN-281800116004
281800116005,SSEN,43.0,14784.0,2024-12-04 04:00:00+00:00,"{'x': -0.373581, 'y': 51.46935}",SSEN-2818001160,SSEN-281800116005
281800116001,SSEN,46.0,10708.0,2024-12-04 04:30:00+00:00,"{'x': -0.373581, 'y': 51.46935}",SSEN-2818001160,SSEN-281800116001
281800116002,SSEN,19.0,3748.0,2024-12-04 04:30:00+00:00,"{'x': -0.373581, 'y': 51.46935}",SSEN-2818001160,SSEN-281800116002
281800116004,SSEN,17.0,3404.0,2024-12-04 04:30:00+00:00,"{'x': -0.373581, 'y': 51.46935}",SSEN-2818001160,SSEN-281800116004
281800116005,SSEN,43.0,15012.0,2024-12-04 04:30:00+00:00,"{'x': -0.373581, 'y': 51.46935}",SSEN-2818001160,SSEN-281800116005
281800116001,SSEN,46.0,11082.0,2024-12-04 05:00:00+00:00,"{'x': -0.373581, 'y': 51.46935}",SSEN-2818001160,SSEN-281800116001
281800116002,SSEN,19.0,3662.0,2024-12-04 05:00:00+00:00,"{'x': -0.373581, 'y': 51.46935}",SSEN-2818001160,SSEN-281800116002
281800116004,SSEN,17.0,3164.0,2024-12-04 05:00:00+00:00,"{'x': -0.373581, 'y': 51.46935}",SSEN-2818001160,SSEN-281800116004
281800116005,SSEN,43.0,12973.0,2024-12-04 05:00:00+00:00,"{'x': -0.373581, 'y': 51.46935}",SSEN-2818001160,SSEN-281800116005
281800116001,SSEN,46.0,10270.0,2024-12-04 05:30:00+00:00,"{'x': -0.373581, 'y': 51.46935}",SSEN-2818001160,SSEN-281800116001
281800116002,SSEN,19.0,4641.0,2024-12-04 05:30:00+00:00,"{'x': -0.373581, 'y': 51.46935}",SSEN-2818001160,SSEN-281800116002
281800116004,SSEN,17.0,3165.0,2024-12-04 05:30:00+00:00,"{'x': -0.373581, 'y': 51.46935}",SSEN-2818001160,SSEN-281800116004
281800116005,SSEN,43.0,15050.0,2024-12-04 05:30:00+00:00,"{'x': -0.373581, 'y': 51.46935}",SSEN-2818001160,SSEN-281800116005
281800116001,SSEN,46.0,10999.0,2024-12-04 06:00:00+00:00,"{'x': -0.373581, 'y': 51.46935}",SSEN-2818001160,SSEN-281800116001
281800116002,SSEN,19.0,5275.0,2024-12-04 06:00:00+00:00,"{'x': -0.373581, 'y': 51.46935}",SSEN-2818001160,SSEN-281800116002
281800116004,SSEN,17.0,3469.0,2024-12-04 06:00:00+00:00,"{'x': -0.373581, 'y': 51.46935}",SSEN-2818001160,SSEN-281800116004
281800116005,SSEN,43.0,10081.0,2024-12-04 06:00:00+00:00,"{'x': -0.373581, 'y': 51.46935}",SSEN-2818001160,SSEN-281800116005
281800116001,SSEN,46.0,12705.0,2024-12-04 06:30:00+00:00,"{'x': -0.373581, 'y': 51.46935}",SSEN-2818001160,SSEN-281800116001
281800116002,SSEN,19.0,5216.0,2024-12-04 06:30:00+00:00,"{'x': -0.373581, 'y': 51.46935}",SSEN-2818001160,SSEN-281800116002
281800116004,SSEN,17.0,3455.0,2024-12-04 06:30:00+00:00,"{'x': -0.373581, 'y': 51.46935}",SSEN-2818001160,SSEN-281800116004
281800116005,SSEN,43.0,7883.0,2024-12-04 06:30:00+00:00,"{'x': -0.373581, 'y': 51.46935}",SSEN-2818001160,SSEN-281800116005
281800116001,SSEN,46.0,12931.0,2024-12-04 07:00:00+00:00,"{'x': -0.373581, 'y': 51.46935}",SSEN-2818001160,SSEN-281800116001
281800116002,SSEN,19.0,6658.0,2024-12-04 07:00:00+00:00,"{'x': -0.373581, 'y': 51.46935}",SSEN-2818001160,SSEN-281800116002
281800116004,SSEN,17.0,3487.0,2024-12-04 07:00:00+00:00,"{'x': -0.373581, 'y': 51.46935}",SSEN-2818001160,SSEN-281800116004
281800116005,SSEN,43.0,8111.0,2024-12-04 07:00:00+00:00,"{'x': -0.373581, 'y': 51.46935}",SSEN-2818001160,SSEN-281800116005
281800116001,SSEN,46.0,13399.0,2024-12-04 07:30:00+00:00,"{'x': -0.373581, 'y': 51.46935}",SSEN-2818001160,SSEN-281800116001
281800116002,SSEN,19.0,4699.0,2024-12-04 07:30:00+00:00,"{'x': -0.373581, 'y': 51.46935}",SSEN-2818001160,SSEN-281800116002
281800116004,SSEN,17.0,2923.0,2024-12-04 07:30:00+00:00,"{'x': -0.373581, 'y': 51.46935}",SSEN-2818001160,SSEN-281800116004
281800116005,SSEN,43.0,11056.0,2024-12-04 07:30:00+00:00,"{'x': -0.373581, 'y': 51.46935}",SSEN-2818001160,SSEN-281800116005
281800116001,SSEN,46.0,17240.0,2024-12-04 08:00:00+00:00,"{'x': -0.373581, 'y': 51.46935}",SSEN-2818001160,SSEN-281800116001
281800116002,SSEN,19.0,5460.0,2024-12-04 08:00:00+00:00,"{'x': -0.373581, 'y': 51.46935}",SSEN-2818001160,SSEN-281800116002
281800116004,SSEN,17.0,2508.0,2024-12-04 08:00:00+00:00,"{'x': -0.373581, 'y': 51.46935}",SSEN-2818001160,SSEN-281800116004
281800116005,SSEN,43.0,14009.0,2024-12-04 08:00:00+00:00,"{'x': -0.373581, 'y': 51.46935}",SSEN-2818001160,SSEN-281800116005
281800116001,SSEN,46.0,18778.0,2024-12-04 08:30:00+00:00,"{'x': -0.373581, 'y': 51.46935}",SSEN-2818001160,SSEN-281800116001
281800116002,SSEN,19.0,5105.0,2024-12-04 08:30:00+00:00,"{'x': -0.373581, 'y': 51.46935}",SSEN-2818001160,SSEN-281800116002
281800116004,SSEN,17.0,2565.0,2024-12-04 08:30:00+00:00,"{'x': -0.373581, 'y': 51.46935}",SSEN-2818001160,SSEN-281800116004
281800116005,SSEN,43.0,12358.0,2024-12-04 08:30:00+00:00,"{'x': -0.373581, 'y': 51.46935}",SSEN-2818001160,SSEN-281800116005
281800116001,SSEN,46.0,17186.0,2024-12-04 09:00:00+00:00,"{'x': -0.373581, 'y': 51.46935}",SSEN-2818001160,SSEN-281800116001
281800116002,SSEN,19.0,4551.0,2024-12-04 09:00:00+00:00,"{'x': -0.373581, 'y': 51.46935}",SSEN-2818001160,SSEN-281800116002
281800116004,SSEN,17.0,3296.0,2024-12-04 09:00:00+00:00,"{'x': -0.373581, 'y': 51.46935}",SSEN-2818001160,SSEN-281800116004
281800116005,SSEN,43.0,12942.0,2024-12-04 09:00:00+00:00,"{'x': -0.373581, 'y': 51.46935}",SSEN-2818001160,SSEN-281800116005
281800116001,SSEN,46.0,17165.0,2024-12-04 09:30:00+00:00,"{'x': -0.373581, 'y': 51.46935}",SSEN-2818001160,SSEN-281800116001
281800116002,SSEN,19.0,4284.0,2024-12-04 09:30:00+00:00,"{'x': -0.373581, 'y': 51.46935}",SSEN-2818001160,SSEN-281800116002
281800116004,SSEN,17.0,5522.0,2024-12-04 09:30:00+00:00,"{'x': -0.373581, 'y': 51.46935}",SSEN-2818001160,SSEN-281800116004
281800116005,SSEN,43.0,12530.0,2024-12-04 09:30:00+00:00,"{'x': -0.373581, 'y': 51.46935}",SSEN-2818001160,SSEN-281800116005
281800116001,SSEN,46.0,18915.0,2024-12-04 10:00:00+00:00,"{'x': -0.373581, 'y': 51.46935}",SSEN-2818001160,SSEN-281800116001
281800116002,SSEN,19.0,5613.0,2024-12-04 10:00:00+00:00,"{'x': -0.373581, 'y': 51.46935}",SSEN-2818001160,SSEN-281800116002
281800116004,SSEN,17.0,5313.0,2024-12-04 10:00:00+00:00,"{'x': -0.373581, 'y': 51.46935}",SSEN-2818001160,SSEN-281800116004
281800116005,SSEN,43.0,14522.0,2024-12-04 10:00:00+00:00,"{'x': -0.373581, 'y': 51.46935}",SSEN-2818001160,SSEN-281800116005
281800116001,SSEN,46.0,17060.0,2024-12-04 10:30:00+00:00,"{'x': -0.373581, 'y': 51.46935}",SSEN-2818001160,SSEN-281800116001
281800116002,SSEN,19.0,4043.0,2024-12-04 10:30:00+00:00,"{'x': -0.373581, 'y': 51.46935}",SSEN-2818001160,SSEN-281800116002
281800116004,SSEN,17.0,4320.0,2024-12-04 10:30:00+00:00,"{'x': -0.373581, 'y': 51.46935}",SSEN-2818001160,SSEN-281800116004
281800116005,SSEN,43.0,17959.0,2024-12-04 10:30:00+00:00,"{'x': -0.373581, 'y': 51.46935}",SSEN-2818001160,SSEN-281800116005
281800116001,SSEN,46.0,12621.0,2024-12-04 11:00:00+00:00,"{'x': -0.373581, 'y': 51.46935}",SSEN-2818001160,SSEN-281800116001
281800116002,SSEN,19.0,5160.0,2024-12-04 11:00:00+00:00,"{'x': -0.373581, 'y': 51.46935}",SSEN-2818001160,SSEN-281800116002
281800116004,SSEN,17.0,4504.0,2024-12-04 11:00:00+00:00,"{'x': -0.373581, 'y': 51.46935}",SSEN-2818001160,SSEN-281800116004
281800116005,SSEN,43.0,14466.0,2024-12-04 11:00:00+00:00,"{'x': -0.373581, 'y': 51.46935}",SSEN-2818001160,SSEN-281800116005
281800116001,SSEN,46.0,14284.0,2024-12-04 11:30:00+00:00,"{'x': -0.373581, 'y': 51.46935}",SSEN-2818001160,SSEN-281800116001
281800116002,SSEN,19.0,5251.0,2024-12-04 11:30:00+00:00,"{'x': -0.373581, 'y': 51.46935}",SSEN-2818001160,SSEN-281800116002
281800116004,SSEN,17.0,5302.0,2024-12-04 11:30:00+00:00,"{'x': -0.373581, 'y': 51.46935}",SSEN-2818001160,SSEN-281800116004
281800116005,SSEN,43.0,13976.0,2024-12-04 11:30:00+00:00,"{'x': -0.373581, 'y': 51.46935}",SSEN-2818001160,SSEN-281800116005
281800116001,SSEN,46.0,13533.0,2024-12-04 12:00:00+00:00,"{'x': -0.373581, 'y': 51.46935}",SSEN-2818001160,SSEN-281800116001
281800116002,SSEN,19.0,4238.0,2024-12-04 12:00:00+00:00,"{'x': -0.373581, 'y': 51.46935}",SSEN-2818001160,SSEN-281800116002
281800116004,SSEN,17.0,4460.0,2024-12-04 12:00:00+00:00,"{'x': -0.373581, 'y': 51.46935}",SSEN-2818001160,SSEN-281800116004
281800116005,SSEN,43.0,13601.0,2024-12-04 12:00:00+00:00,"{'x': -0.373581, 'y': 51.46935}",SSEN-2818001160,SSEN-281800116005
281800116001,SSEN,46.0,12740.0,2024-12-04 12:30:00+00:00,"{'x': -0.373581, 'y': 51.46935}",SSEN-2818001160,SSEN-281800116001
281800116002,SSEN,19.0,4239.0,2024-12-04 12:30:00+00:00,"{'x': -0.373581, 'y': 51.46935}",SSEN-2818001160,SSEN-281800116002
281800116004,SSEN,17.0,4774.0,2024-12-04 12:30:00+00:00,"{'x': -0.373581, 'y': 51.46935}",SSEN-2818001160,SSEN-281800116004
281800116005,SSEN,43.0,15714.0,2024-12-04 12:30:00+00:00,"{'x': -0.373581, 'y': 51.46935}",SSEN-2818001160,SSEN-281800116005
281800116001,SSEN,46.0,12047.0,2024-12-04 13:00:00+00:00,"{'x': -0.373581, 'y': 51.46935}",SSEN-2818001160,SSEN-281800116001
281800116002,SSEN,19.0,5990.0,2024-12-04 13:00:00+00:00,"{'x': -0.373581, 'y': 51.46935}",SSEN-2818001160,SSEN-281800116002
281800116004,SSEN,17.0,4690.0,2024-12-04 13:00:00+00:00,"{'x': -0.373581, 'y': 51.46935}",SSEN-2818001160,SSEN-281800116004
281800116005,SSEN,43.0,12559.0,2024-12-04 13:00:00+00:00,"{'x': -0.373581, 'y': 51.46935}",SSEN-2818001160,SSEN-281800116005
281800116001,SSEN,46.0,12129.0,2024-12-04 13:30:00+00:00,"{'x': -0.373581, 'y': 51.46935}",SSEN-2818001160,SSEN-281800116001
281800116002,SSEN,19.0,4517.0,2024-12-04 13:30:00+00:00,"{'x': -0.373581, 'y': 51.46935}",SSEN-2818001160,SSEN-281800116002
281800116004,SSEN,17.0,5185.0,2024-12-04 13:30:00+00:00,"{'x': -0.373581, 'y': 51.46935}",SSEN-2818001160,SSEN-281800116004
281800116005,SSEN,43.0,14224.0,2024-12-04 13:30:00+00:00,"{'x': -0.373581, 'y': 51.46935}",SSEN-2818001160,SSEN-281800116005
281800116001,SSEN,46.0,13037.0,2024-12-04 14:00:00+00:00,"{'x': -0.373581, 'y': 51.46935}",SSEN-2818001160,SSEN-281800116001
281800116002,SSEN,19.0,5473.0,2024-12-04 14:00:00+00:00,"{'x': -0.373581, 'y': 51.46935}",SSEN-2818001160,SSEN-281800116002
281800116004,SSEN,17.0,4391.0,2024-12-04 14:00:00+00:00,"{'x': -0.373581, 'y': 51.46935}",SSEN-2818001160,SSEN-281800116004
281800116005,SSEN,43.0,13569.0,2024-12-04 14:00:00+00:00,"{'x': -0.373581, 'y': 51.46935}",SSEN-2818001160,SSEN-281800116005
281800116001,SSEN,46.0,12163.0,2024-12-04 14:30:00+00:00,"{'x': -0.373581, 'y': 51.46935}",SSEN-2818001160,SSEN-281800116001
281800116002,SSEN,19.0,7954.0,2024-12-04 14:30:00+00:00,"{'x': -0.373581, 'y': 51.46935}",SSEN-2818001160,SSEN-281800116002
281800116004,SSEN,17.0,4363.0,2024-12-04 14:30:00+00:00,"{'x': -0.373581, 'y': 51.46935}",SSEN-2818001160,SSEN-281800116004
281800116005,SSEN,43.0,14637.0,2024-12-04 14:30:00+00:00,"{'x': -0.373581, 'y': 51.46935}",SSEN-2818001160,SSEN-281800116005
281800116001,SSEN,46.0,10352.0,2024-12-04 15:00:00+00:00,"{'x': -0.373581, 'y': 51.46935}",SSEN-2818001160,SSEN-281800116001
281800116002,SSEN,19.0,6615.0,2024-12-04 15:00:00+00:00,"{'x': -0.373581, 'y': 51.46935}",SSEN-2818001160,SSEN-281800116002
281800116004,SSEN,17.0,5103.0,2024-12-04 15:00:00+00:00,"{'x': -0.373581, 'y': 51.46935}",SSEN-2818001160,SSEN-281800116004
281800116005,SSEN,43.0,14133.0,2024-12-04 15:00:00+00:00,"{'x': -0.373581, 'y': 51.46935}",SSEN-2818001160,SSEN-281800116005
281800116001,SSEN,46.0,13235.0,2024-12-04 15:30:00+00:00,"{'x': -0.373581, 'y': 51.46935}",SSEN-2818001160,SSEN-281800116001
281800116002,SSEN,19.0,6389.0,2024-12-04 15:30:00+00:00,"{'x': -0.373581, 'y': 51.46935}",SSEN-2818001160,SSEN-281800116002
281800116004,SSEN,17.0,5221.0,2024-12-04 15:30:00+00:00,"{'x': -0.373581, 'y': 51.46935}",SSEN-2818001160,SSEN-281800116004
281800116005,SSEN,43.0,12941.0,2024-12-04 15:30:00+00:00,"{'x': -0.373581, 'y': 51.46935}",SSEN-2818001160,SSEN-281800116005
281800116001,SSEN,46.0,13575.0,2024-12-04 16:00:00+00:00,"{'x': -0.373581, 'y': 51.46935}",SSEN-2818001160,SSEN-281800116001
281800116002,SSEN,19.0,6287.0,2024-12-04 16:00:00+00:00,"{'x': -0.373581, 'y': 51.46935}",SSEN-2818001160,SSEN-281800116002
281800116004,SSEN,17.0,8488.0,2024-12-04 16:00:00+00:00,"{'x': -0.373581, 'y': 51.46935}",SSEN-2818001160,SSEN-281800116004
281800116005,SSEN,43.0,14221.0,2024-12-04 16:00:00+00:00,"{'x': -0.373581, 'y': 51.46935}",SSEN-2818001160,SSEN-281800116005
281800116001,SSEN,46.0,15270.0,2024-12-04 16:30:00+00:00,"{'x': -0.373581, 'y': 51.46935}",SSEN-2818001160,SSEN-281800116001
281800116002,SSEN,19.0,6107.0,2024-12-04 16:30:00+00:00,"{'x': -0.373581, 'y': 51.46935}",SSEN-2818001160,SSEN-281800116002
281800116004,SSEN,17.0,8212.0,2024-12-04 16:30:00+00:00,"{'x': -0.373581, 'y': 51.46935}",SSEN-2818001160,SSEN-281800116004
281800116005,SSEN,43.0,16503.0,2024-12-04 16:30:00+00:00,"{'x': -0.373581, 'y': 51.46935}",SSEN-2818001160,SSEN-281800116005
281800116001,SSEN,46.0,18152.0,2024-12-04 17:00:00+00:00,"{'x': -0.373581, 'y': 51.46935}",SSEN-2818001160,SSEN-281800116001
281800116002,SSEN,19.0,8485.0,2024-12-04 17:00:00+00:00,"{'x': -0.373581, 'y': 51.46935}",SSEN-2818001160,SSEN-281800116002
281800116004,SSEN,17.0,5403.0,2024-12-04 17:00:00+00:00,"{'x': -0.373581, 'y': 51.46935}",SSEN-2818001160,SSEN-281800116004
281800116005,SSEN,43.0,14636.0,2024-12-04 17:00:00+00:00,"{'x': -0.373581, 'y': 51.46935}",SSEN-2818001160,SSEN-281800116005
281800116001,SSEN,46.0,18096.0,2024-12-04 17:30:00+00:00,"{'x': -0.373581, 'y': 51.46935}",SSEN-2818001160,SSEN-281800116001
281800116002,SSEN,19.0,8716.0,2024-12-04 17:30:00+00:00,"{'x': -0.373581, 'y': 51.46935}",SSEN-2818001160,SSEN-281800116002
281800116004,SSEN,17.0,5512.0,2024-12-04 17:30:00+00:00,"{'x': -0.373581, 'y': 51.46935}",SSEN-2818001160,SSEN-281800116004
281800116005,SSEN,43.0,16623.0,2024-12-04 17:30:00+00:00,"{'x': -0.373581, 'y': 51.46935}",SSEN-2818001160,SSEN-281800116005
281800116001,SSEN,46.0,18626.0,2024-12-04 18:00:00+00:00,"{'x': -0.373581, 'y': 51.46935}",SSEN-2818001160,SSEN-281800116001
281800116002,SSEN,19.0,6790.0,2024-12-04 18:00:00+00:00,"{'x': -0.373581, 'y': 51.46935}",SSEN-2818001160,SSEN-281800116002
281800116004,SSEN,17.0,5749.0,2024-12-04 18:00:00+00:00,"{'x': -0.373581, 'y': 51.46935}",SSEN-2818001160,SSEN-281800116004
281800116005,SSEN,43.0,16644.0,2024-12-04 18:00:00+00:00,"{'x': -0.373581, 'y': 51.46935}",SSEN-2818001160,SSEN-281800116005
281800116001,SSEN,46.0,19085.0,2024-12-04 18:30:00+00:00,"{'x': -0.373581, 'y': 51.46935}",SSEN-2818001160,SSEN-281800116001
281800116002,SSEN,19.0,8386.0,2024-12-04 18:30:00+00:00,"{'x': -0.373581, 'y': 51.46935}",SSEN-2818001160,SSEN-281800116002
281800116004,SSEN,17.0,5159.0,2024-12-04 18:30:00+00:00,"{'x': -0.373581, 'y': 51.46935}",SSEN-2818001160,SSEN-281800116004
281800116005,SSEN,43.0,17321.0,2024-12-04 18:30:00+00:00,"{'x': -0.373581, 'y': 51.46935}",SSEN-2818001160,SSEN-281800116005
281800116001,SSEN,46.0,22263.0,2024-12-04 19:00:00+00:00,"{'x': -0.373581, 'y': 51.46935}",SSEN-2818001160,SSEN-281800116001
281800116002,SSEN,19.0,7754.0,2024-12-04 19:00:00+00:00,"{'x': -0.373581, 'y': 51.46935}",SSEN-2818001160,SSEN-281800116002
281800116004,SSEN,17.0,4259.0,2024-12-04 19:00:00+00:00,"{'x': -0.373581, 'y': 51.46935}",SSEN-2818001160,SSEN-281800116004
281800116005,SSEN,43.0,21237.0,2024-12-04 19:00:00+00:00,"{'x': -0.373581, 'y': 51.46935}",SSEN-2818001160,SSEN-281800116005
281800116001,SSEN,46.0,18373.0,2024-12-04 19:30:00+00:00,"{'x': -0.373581, 'y': 51.46935}",SSEN-2818001160,SSEN-281800116001
281800116002,SSEN,19.0,7218.0,2024-12-04 19:30:00+00:00,"{'x': -0.373581, 'y': 51.46935}",SSEN-2818001160,SSEN-281800116002
281800116004,SSEN,17.0,4521.0,2024-12-04 19:30:00+00:00,"{'x': -0.373581, 'y': 51.46935}",SSEN-2818001160,SSEN-281800116004
281800116005,SSEN,43.0,20257.0,2024-12-04 19:30:00+00:00,"{'x': -0.373581, 'y': 51.46935}",SSEN-2818001160,SSEN-281800116005
281800116001,SSEN,46.0,17896.0,2024-12-04 20:00:00+00:00,"{'x': -0.373581, 'y': 51.46935}",SSEN-2818001160,SSEN-281800116001
281800116002,SSEN,19.0,7813.0,2024-12-04 20:00:00+00:00,"{'x': -0.373581, 'y': 51.46935}",SSEN-2818001160,SSEN-281800116002
281800116004,SSEN,17.0,5228.0,2024-12-04 20:00:00+00:00,"{'x': -0.373581, 'y': 51.46935}",SSEN-2818001160,SSEN-281800116004
281800116005,SSEN,43.0,20849.0,2024-12-04 20:00:00+00:00,"{'x': -0.373581, 'y': 51.46935}",SSEN-2818001160,SSEN-281800116005
281800116001,SSEN,46.0,18440.0,2024-12-04 20:30:00+00:00,"{'x': -0.373581, 'y': 51.46935}",SSEN-2818001160,SSEN-281800116001
281800116002,SSEN,19.0,8414.0,2024-12-04 20:30:00+00:00,"{'x': -0.373581, 'y': 51.46935}",SSEN-2818001160,SSEN-281800116002
281800116004,SSEN,17.0,7527.0,2024-12-04 20:30:00+00:00,"{'x': -0.373581, 'y': 51.46935}",SSEN-2818001160,SSEN-281800116004
281800116005,SSEN,43.0,19912.0,2024-12-04 20:30:00+00:00,"{'x': -0.373581, 'y': 51.46935}",SSEN-2818001160,SSEN-281800116005
281800116001,SSEN,46.0,16501.0,2024-12-04 21:00:00+00:00,"{'x': -0.373581, 'y': 51.46935}",SSEN-2818001160,SSEN-281800116001
281800116002,SSEN,19.0,8323.0,2024-12-04 21:00:00+00:00,"{'x': -0.373581, 'y': 51.46935}",SSEN-2818001160,SSEN-281800116002
281800116004,SSEN,17.0,5102.0,2024-12-04 21:00:00+00:00,"{'x': -0.373581, 'y': 51.46935}",SSEN-2818001160,SSEN-281800116004
281800116005,SSEN,43.0,17869.0,2024-12-04 21:00:00+00:00,"{'x': -0.373581, 'y': 51.46935}",SSEN-2818001160,SSEN-281800116005
281800116001,SSEN,46.0,15169.0,2024-12-04 21:30:00+00:00,"{'x': -0.373581, 'y': 51.46935}",SSEN-2818001160,SSEN-281800116001
281800116002,SSEN,19.0,7322.0,2024-12-04 21:30:00+00:00,"{'x': -0.373581, 'y': 51.46935}",SSEN-2818001160,SSEN-281800116002
281800116004,SSEN,17.0,6426.0,2024-12-04 21:30:00+00:00,"{'x': -0.373581, 'y': 51.46935}",SSEN-2818001160,SSEN-281800116004
281800116005,SSEN,43.0,18715.0,2024-12-04 21:30:00+00:00,"{'x': -0.373581, 'y': 51.46935}",SSEN-2818001160,SSEN-281800116005
281800116001,SSEN,46.0,14169.0,2024-12-04 22:00:00+00:00,"{'x': -0.373581, 'y': 51.46935}",SSEN-2818001160,SSEN-281800116001
281800116002,SSEN,19.0,7893.0,2024-12-04 22:00:00+00:00,"{'x': -0.373581, 'y': 51.46935}",SSEN-2818001160,SSEN-281800116002
281800116004,SSEN,17.0,5275.0,2024-12-04 22:00:00+00:00,"{'x': -0.373581, 'y': 51.46935}",SSEN-2818001160,SSEN-281800116004
281800116005,SSEN,43.0,18783.0,2024-12-04 22:00:00+00:00,"{'x': -0.373581, 'y': 51.46935}",SSEN-2818001160,SSEN-281800116005
281800116001,SSEN,46.0,14519.0,2024-12-04 22:30:00+00:00,"{'x': -0.373581, 'y': 51.46935}",SSEN-2818001160,SSEN-281800116001
281800116002,SSEN,19.0,7917.0,2024-12-04 22:30:00+00:00,"{'x': -0.373581, 'y': 51.46935}",SSEN-2818001160,SSEN-281800116002
281800116004,SSEN,17.0,5724.0,2024-12-04 22:30:00+00:00,"{'x': -0.373581, 'y': 51.46935}",SSEN-2818001160,SSEN-281800116004
281800116005,SSEN,43.0,18578.0,2024-12-04 22:30:00+00:00,"{'x': -0.373581, 'y': 51.46935}",SSEN-2818001160,SSEN-281800116005
281800116001,SSEN,46.0,13666.0,2024-12-04 23:00:00+00:00,"{'x': -0.373581, 'y': 51.46935}",SSEN-2818001160,SSEN-281800116001
281800116002,SSEN,19.0,9141.0,2024-12-04 23:00:00+00:00,"{'x': -0.373581, 'y': 51.46935}",SSEN-2818001160,SSEN-281800116002
281800116004,SSEN,17.0,5496.0,2024-12-04 23:00:00+00:00,"{'x': -0.373581, 'y': 51.46935}",SSEN-2818001160,SSEN-281800116004
281800116005,SSEN,43.0,19806.0,2024-12-04 23:00:00+00:00,"{'x': -0.373581, 'y': 51.46935}",SSEN-2818001160,SSEN-281800116005
281800116001,SSEN,46.0,12575.0,2024-12-04 23:30:00+00:00,"{'x': -0.373581, 'y': 51.46935}",SSEN-2818001160,SSEN-281800116001
281800116002,SSEN,19.0,9147.0,2024-12-04 23:30:00+00:00,"{'x': -0.373581, 'y': 51.46935}",SSEN-2818001160,SSEN-281800116002
281800116004,SSEN,17.0,5121.0,2024-12-04 23:30:00+00:00,"{'x': -0.373581, 'y': 51.46935}",SSEN-2818001160,SSEN-281800116004
281800116005,SSEN,43.0,19011.0,2024-12-04 23:30:00+00:00,"{'x': -0.373581, 'y': 51.46935}",SSEN-2818001160,SSEN-281800116005
281800116001,SSEN,46.0,10713.0,2024-12-05 00:00:00+00:00,"{'x': -0.373581, 'y': 51.46935}",SSEN-2818001160,SSEN-281800116001
281800116002,SSEN,19.0,8292.0,2024-12-05 00:00:00+00:00,"{'x': -0.373581, 'y': 51.46935}",SSEN-2818001160,SSEN-281800116002
281800116004,SSEN,17.0,5390.0,2024-12-05 00:00:00+00:00,"{'x': -0.373581, 'y': 51.46935}",SSEN-2818001160,SSEN-281800116004
281800116005,SSEN,43.0,17643.0,2024-12-05 00:00:00+00:00,"{'x': -0.373581, 'y': 51.46935}",SSEN-2818001160,SSEN-281800116005
281800116001,SSEN,46.0,14367.0,2024-12-05 00:30:00+00:00,"{'x': -0.373581, 'y': 51.46935}",SSEN-2818001160,SSEN-281800116001
281800116002,SSEN,19.0,8198.0,2024-12-05 00:30:00+00:00,"{'x': -0.373581, 'y': 51.46935}",SSEN-2818001160,SSEN-281800116002
281800116004,SSEN,18.0,5316.0,2024-12-05 00:30:00+00:00,"{'x': -0.373581, 'y': 51.46935}",SSEN-2818001160,SSEN-281800116004
281800116005,SSEN,43.0,15996.0,2024-12-05 00:30:00+00:00,"{'x': -0.373581, 'y': 51.46935}",SSEN-2818001160,SSEN-281800116005
281800116001,SSEN,46.0,12186.0,2024-12-05 01:00:00+00:00,"{'x': -0.373581, 'y': 51.46935}",SSEN-2818001160,SSEN-281800116001
281800116002,SSEN,19.0,7733.0,2024-12-05 01:00:00+00:00,"{'x': -0.373581, 'y': 51.46935}",SSEN-2818001160,SSEN-281800116002
281800116004,SSEN,18.0,4776.0,2024-12-05 01:00:00+00:00,"{'x': -0.373581, 'y': 51.46935}",SSEN-2818001160,SSEN-281800116004
281800116005,SSEN,43.0,12404.0,2024-12-05 01:00:00+00:00,"{'x': -0.373581, 'y': 51.46935}",SSEN-2818001160,SSEN-281800116005
281800116001,SSEN,46.0,9798.0,2024-12-05 01:30:00+00:00,"{'x': -0.373581, 'y': 51.46935}",SSEN-2818001160,SSEN-281800116001
281800116002,SSEN,19.0,8178.0,2024-12-05 01:30:00+00:00,"{'x': -0.373581, 'y': 51.46935}",SSEN-2818001160,SSEN-281800116002
281800116004,SSEN,18.0,4267.0,2024-12-05 01:30:00+00:00,"{'x': -0.373581, 'y': 51.46935}",SSEN-2818001160,SSEN-281800116004
281800116005,SSEN,43.0,9623.0,2024-12-05 01:30:00+00:00,"{'x': -0.373581, 'y': 51.46935}",SSEN-2818001160,SSEN-281800116005
281800116001,SSEN,46.0,8679.0,2024-12-05 02:00:00+00:00,"{'x': -0.373581, 'y': 51.46935}",SSEN-2818001160,SSEN-281800116001
281800116002,SSEN,19.0,6668.0,2024-12-05 02:00:00+00:00,"{'x': -0.373581, 'y': 51.46935}",SSEN-2818001160,SSEN-281800116002
281800116004,SSEN,18.0,3879.0,2024-12-05 02:00:00+00:00,"{'x': -0.373581, 'y': 51.46935}",SSEN-2818001160,SSEN-281800116004
281800116005,SSEN,43.0,10507.0,2024-12-05 02:00:00+00:00,"{'x': -0.373581, 'y': 51.46935}",SSEN-2818001160,SSEN-281800116005
281800116001,SSEN,46.0,6300.0,2024-12-05 02:30:00+00:00,"{'x': -0.373581, 'y': 51.46935}",SSEN-2818001160,SSEN-281800116001
281800116002,SSEN,19.0,5552.0,2024-12-05 02:30:00+00:00,"{'x': -0.373581, 'y': 51.46935}",SSEN-2818001160,SSEN-281800116002
281800116004,SSEN,18.0,3820.0,2024-12-05 02:30:00+00:00,"{'x': -0.373581, 'y': 51.46935}",SSEN-2818001160,SSEN-281800116004
281800116005,SSEN,43.0,14426.0,2024-12-05 02:30:00+00:00,"{'x': -0.373581, 'y': 51.46935}",SSEN-2818001160,SSEN-281800116005
281800116001,SSEN,46.0,5724.0,2024-12-05 03:00:00+00:00,"{'x': -0.373581, 'y': 51.46935}",SSEN-2818001160,SSEN-281800116001
281800116002,SSEN,19.0,4759.0,2024-12-05 03:00:00+00:00,"{'x': -0.373581, 'y': 51.46935}",SSEN-2818001160,SSEN-281800116002
281800116004,SSEN,18.0,4013.0,2024-12-05 03:00:00+00:00,"{'x': -0.373581, 'y': 51.46935}",SSEN-2818001160,SSEN-281800116004
281800116005,SSEN,43.0,13806.0,2024-12-05 03:00:00+00:00,"{'x': -0.373581, 'y': 51.46935}",SSEN-2818001160,SSEN-281800116005
281800116001,SSEN,46.0,7235.0,2024-12-05 03:30:00+00:00,"{'x': -0.373581, 'y': 51.46935}",SSEN-2818001160,SSEN-281800116001
281800116002,SSEN,19.0,4773.0,2024-12-05 03:30:00+00:00,"{'x': -0.373581, 'y': 51.46935}",SSEN-2818001160,SSEN-281800116002
281800116004,SSEN,18.0,4141.0,2024-12-05 03:30:00+00:00,"{'x': -0.373581, 'y': 51.46935}",SSEN-2818001160,SSEN-281800116004
281800116005,SSEN,43.0,11644.0,2024-12-05 03:30:00+00:00,"{'x': -0.373581, 'y': 51.46935}",SSEN-2818001160,SSEN-281800116005
281800116001,SSEN,46.0,6761.0,2024-12-05 04:00:00+00:00,"{'x': -0.373581, 'y': 51.46935}",SSEN-2818001160,SSEN-281800116001
281800116002,SSEN,19.0,4076.0,2024-12-05 04:00:00+00:00,"{'x': -0.373581, 'y': 51.46935}",SSEN-2818001160,SSEN-281800116002
281800116004,SSEN,18.0,3968.0,2024-12-05 04:00:00+00:00,"{'x': -0.373581, 'y': 51.46935}",SSEN-2818001160,SSEN-281800116004
281800116005,SSEN,43.0,12804.0,2024-12-05 04:00:00+00:00,"{'x': -0.373581, 'y': 51.46935}",SSEN-2818001160,SSEN-281800116005
281800116001,SSEN,46.0,7408.0,2024-12-05 04:30:00+00:00,"{'x': -0.373581, 'y': 51.46935}",SSEN-2818001160,SSEN-281800116001
281800116002,SSEN,19.0,2856.0,2024-12-05 04:30:00+00:00,"{'x': -0.373581, 'y': 51.46935}",SSEN-2818001160,SSEN-281800116002
281800116004,SSEN,18.0,3949.0,2024-12-05 04:30:00+00:00,"{'x': -0.373581, 'y': 51.46935}",SSEN-2818001160,SSEN-281800116004
281800116005,SSEN,43.0,10269.0,2024-12-05 04:30:00+00:00,"{'x': -0.373581, 'y': 51.46935}",SSEN-2818001160,SSEN-281800116005
281800116001,SSEN,46.0,8624.0,2024-12-05 05:00:00+00:00,"{'x': -0.373581, 'y': 51.46935}",SSEN-2818001160,SSEN-281800116001
281800116002,SSEN,19.0,4404.0,2024-12-05 05:00:00+00:00,"{'x': -0.373581, 'y': 51.46935}",SSEN-2818001160,SSEN-281800116002
281800116004,SSEN,18.0,3721.0,2024-12-05 05:00:00+00:00,"{'x': -0.373581, 'y': 51.46935}",SSEN-2818001160,SSEN-281800116004
281800116005,SSEN,43.0,10149.0,2024-12-05 05:00:00+00:00,"{'x': -0.373581, 'y': 51.46935}",SSEN-2818001160,SSEN-281800116005
281800116001,SSEN,46.0,8783.0,2024-12-05 05:30:00+00:00,"{'x': -0.373581, 'y': 51.46935}",SSEN-2818001160,SSEN-281800116001
281800116002,SSEN,19.0,3112.0,2024-12-05 05:30:00+00:00,"{'x': -0.373581, 'y': 51.46935}",SSEN-2818001160,SSEN-281800116002
281800116004,SSEN,18.0,3151.0,2024-12-05 05:30:00+00:00,"{'x': -0.373581, 'y': 51.46935}",SSEN-2818001160,SSEN-281800116004
281800116005,SSEN,43.0,10366.0,2024-12-05 05:30:00+00:00,"{'x': -0.373581, 'y': 51.46935}",SSEN-2818001160,SSEN-281800116005
281800116001,SSEN,46.0,8847.0,2024-12-05 06:00:00+00:00,"{'x': -0.373581, 'y': 51.46935}",SSEN-2818001160,SSEN-281800116001
281800116002,SSEN,19.0,3117.0,2024-12-05 06:00:00+00:00,"{'x': -0.373581, 'y': 51.46935}",SSEN-2818001160,SSEN-281800116002
281800116004,SSEN,18.0,4028.0,2024-12-05 06:00:00+00:00,"{'x': -0.373581, 'y': 51.46935}",SSEN-2818001160,SSEN-281800116004
281800116005,SSEN,43.0,8180.0,2024-12-05 06:00:00+00:00,"{'x': -0.373581, 'y': 51.46935}",SSEN-2818001160,SSEN-281800116005
281800116001,SSEN,46.0,9439.0,2024-12-05 06:30:00+00:00,"{'x': -0.373581, 'y': 51.46935}",SSEN-2818001160,SSEN-281800116001
281800116002,SSEN,19.0,3185.0,2024-12-05 06:30:00+00:00,"{'x': -0.373581, 'y': 51.46935}",SSEN-2818001160,SSEN-281800116002
281800116004,SSEN,18.0,3788.0,2024-12-05 06:30:00+00:00,"{'x': -0.373581, 'y': 51.46935}",SSEN-2818001160,SSEN-281800116004
281800116005,SSEN,43.0,9200.0,2024-12-05 06:30:00+00:00,"{'x': -0.373581, 'y': 51.46935}",SSEN-2818001160,SSEN-281800116005
281800116001,SSEN,46.0,11811.0,2024-12-05 07:00:00+00:00,"{'x': -0.373581, 'y': 51.46935}",SSEN-2818001160,SSEN-281800116001
281800116002,SSEN,19.0,5221.0,2024-12-05 07:00:00+00:00,"{'x': -0.373581, 'y': 51.46935}",SSEN-2818001160,SSEN-281800116002
281800116004,SSEN,18.0,3662.0,2024-12-05 07:00:00+00:00,"{'x': -0.373581, 'y': 51.46935}",SSEN-2818001160,SSEN-281800116004
281800116005,SSEN,43.0,13499.0,2024-12-05 07:00:00+00:00,"{'x': -0.373581, 'y': 51.46935}",SSEN-2818001160,SSEN-281800116005
281800116001,SSEN,46.0,14527.0,2024-12-05 07:30:00+00:00,"{'x': -0.373581, 'y': 51.46935}",SSEN-2818001160,SSEN-281800116001
281800116002,SSEN,19.0,3438.0,2024-12-05 07:30:00+00:00,"{'x': -0.373581, 'y': 51.46935}",SSEN-2818001160,SSEN-281800116002
281800116004,SSEN,18.0,4175.0,2024-12-05 07:30:00+00:00,"{'x': -0.373581, 'y': 51.46935}",SSEN-2818001160,SSEN-281800116004
281800116005,SSEN,43.0,16469.0,2024-12-05 07:30:00+00:00,"{'x': -0.373581, 'y': 51.46935}",SSEN-2818001160,SSEN-281800116005
281800116001,SSEN,46.0,15787.0,2024-12-05 08:00:00+00:00,"{'x': -0.373581, 'y': 51.46935}",SSEN-2818001160,SSEN-281800116001
281800116002,SSEN,19.0,3109.0,2024-12-05 08:00:00+00:00,"{'x': -0.373581, 'y': 51.46935}",SSEN-2818001160,SSEN-281800116002
281800116004,SSEN,18.0,3679.0,2024-12-05 08:00:00+00:00,"{'x': -0.373581, 'y': 51.46935}",SSEN-2818001160,SSEN-281800116004
281800116005,SSEN,43.0,16647.0,2024-12-05 08:00:00+00:00,"{'x': -0.373581, 'y': 51.46935}",SSEN-2818001160,SSEN-281800116005
281800116001,SSEN,46.0,14641.0,2024-12-05 08:30:00+00:00,"{'x': -0.373581, 'y': 51.46935}",SSEN-2818001160,SSEN-281800116001
281800116002,SSEN,19.0,3597.0,2024-12-05 08:30:00+00:00,"{'x': -0.373581, 'y': 51.46935}",SSEN-2818001160,SSEN-281800116002
281800116004,SSEN,18.0,3562.0,2024-12-05 08:30:00+00:00,"{'x': -0.373581, 'y': 51.46935}",SSEN-2818001160,SSEN-281800116004
281800116005,SSEN,43.0,11971.0,2024-12-05 08:30:00+00:00,"{'x': -0.373581, 'y': 51.46935}",SSEN-2818001160,SSEN-281800116005
281800116001,SSEN,46.0,13665.0,2024-12-05 09:00:00+00:00,"{'x': -0.373581, 'y': 51.46935}",SSEN-2818001160,SSEN-281800116001
281800116002,SSEN,19.0,3425.0,2024-12-05 09:00:00+00:00,"{'x': -0.373581, 'y': 51.46935}",SSEN-2818001160,SSEN-281800116002
281800116004,SSEN,18.0,3275.0,2024-12-05 09:00:00+00:00,"{'x': -0.373581, 'y': 51.46935}",SSEN-2818001160,SSEN-281800116004
281800116005,SSEN,43.0,10080.0,2024-12-05 09:00:00+00:00,"{'x': -0.373581, 'y': 51.46935}",SSEN-2818001160,SSEN-281800116005
281800116001,SSEN,46.0,16462.0,2024-12-05 09:30:00+00:00,"{'x': -0.373581, 'y': 51.46935}",SSEN-2818001160,SSEN-281800116001
281800116002,SSEN,19.0,4200.0,2024-12-05 09:30:00+00:00,"{'x': -0.373581, 'y': 51.46935}",SSEN-2818001160,SSEN-281800116002
281800116004,SSEN,18.0,4694.0,2024-12-05 09:30:00+00:00,"{'x': -0.373581, 'y': 51.46935}",SSEN-2818001160,SSEN-281800116004
281800116005,SSEN,43.0,11058.0,2024-12-05 09:30:00+00:00,"{'x': -0.373581, 'y': 51.46935}",SSEN-2818001160,SSEN-281800116005
281800116001,SSEN,46.0,16146.0,2024-12-05 10:00:00+00:00,"{'x': -0.373581, 'y': 51.46935}",SSEN-2818001160,SSEN-281800116001
281800116002,SSEN,19.0,4598.0,2024-12-05 10:00:00+00:00,"{'x': -0.373581, 'y': 51.46935}",SSEN-2818001160,SSEN-281800116002
281800116004,SSEN,18.0,5144.0,2024-12-05 10:00:00+00:00,"{'x': -0.373581, 'y': 51.46935}",SSEN-2818001160,SSEN-281800116004
281800116005,SSEN,43.0,11615.0,2024-12-05 10:00:00+00:00,"{'x': -0.373581, 'y': 51.46935}",SSEN-2818001160,SSEN-281800116005
281800116001,SSEN,46.0,16626.0,2024-12-05 10:30:00+00:00,"{'x': -0.373581, 'y': 51.46935}",SSEN-2818001160,SSEN-281800116001
281800116002,SSEN,19.0,4797.0,2024-12-05 10:30:00+00:00,"{'x': -0.373581, 'y': 51.46935}",SSEN-2818001160,SSEN-281800116002
281800116004,SSEN,18.0,5394.0,2024-12-05 10:30:00+00:00,"{'x': -0.373581, 'y': 51.46935}",SSEN-2818001160,SSEN-281800116004
281800116005,SSEN,43.0,14069.0,2024-12-05 10:30:00+00:00,"{'x': -0.373581, 'y': 51.46935}",SSEN-2818001160,SSEN-281800116005
281800116001,SSEN,46.0,13206.0,2024-12-05 11:00:00+00:00,"{'x': -0.373581, 'y': 51.46935}",SSEN-2818001160,SSEN-281800116001
281800116002,SSEN,19.0,3988.0,2024-12-05 11:00:00+00:00,"{'x': -0.373581, 'y': 51.46935}",SSEN-2818001160,SSEN-281800116002
281800116004,SSEN,18.0,4935.0,2024-12-05 11:00:00+00:00,"{'x': -0.373581, 'y': 51.46935}",SSEN-2818001160,SSEN-281800116004
281800116005,SSEN,43.0,13009.0,2024-12-05 11:00:00+00:00,"{'x': -0.373581, 'y': 51.46935}",SSEN-2818001160,SSEN-281800116005
281800116001,SSEN,46.0,13145.0,2024-12-05 11:30:00+00:00,"{'x': -0.373581, 'y': 51.46935}",SSEN-2818001160,SSEN-281800116001
281800116002,SSEN,19.0,3499.0,2024-12-05 11:30:00+00:00,"{'x': -0.373581, 'y': 51.46935}",SSEN-2818001160,SSEN-281800116002
281800116004,SSEN,18.0,5205.0,2024-12-05 11:30:00+00:00,"{'x': -0.373581, 'y': 51.46935}",SSEN-2818001160,SSEN-281800116004
281800116005,SSEN,43.0,15354.0,2024-12-05 11:30:00+00:00,"{'x': -0.373581, 'y': 51.46935}",SSEN-2818001160,SSEN-281800116005
281800116001,SSEN,46.0,10507.0,2024-12-05 12:00:00+00:00,"{'x': -0.373581, 'y': 51.46935}",SSEN-2818001160,SSEN-281800116001
281800116002,SSEN,19.0,3230.0,2024-12-05 12:00:00+00:00,"{'x': -0.373581, 'y': 51.46935}",SSEN-2818001160,SSEN-281800116002
281800116004,SSEN,18.0,5039.0,2024-12-05 12:00:00+00:00,"{'x': -0.373581, 'y': 51.46935}",SSEN-2818001160,SSEN-281800116004
281800116005,SSEN,43.0,13768.0,2024-12-05 12:00:00+00:00,"{'x': -0.373581, 'y': 51.46935}",SSEN-2818001160,SSEN-281800116005
281800116001,SSEN,46.0,12006.0,2024-12-05 12:30:00+00:00,"{'x': -0.373581, 'y': 51.46935}",SSEN-2818001160,SSEN-281800116001
281800116002,SSEN,19.0,3985.0,2024-12-05 12:30:00+00:00,"{'x': -0.373581, 'y': 51.46935}",SSEN-2818001160,SSEN-281800116002
281800116004,SSEN,18.0,4962.0,2024-12-05 12:30:00+00:00,"{'x': -0.373581, 'y': 51.46935}",SSEN-2818001160,SSEN-281800116004
281800116005,SSEN,43.0,12242.0,2024-12-05 12:30:00+00:00,"{'x': -0.373581, 'y': 51.46935}",SSEN-2818001160,SSEN-281800116005
281800116001,SSEN,46.0,12754.0,2024-12-05 13:00:00+00:00,"{'x': -0.373581, 'y': 51.46935}",SSEN-2818001160,SSEN-281800116001
281800116002,SSEN,19.0,4870.0,2024-12-05 13:00:00+00:00,"{'x': -0.373581, 'y': 51.46935}",SSEN-2818001160,SSEN-281800116002
281800116004,SSEN,18.0,4902.0,2024-12-05 13:00:00+00:00,"{'x': -0.373581, 'y': 51.46935}",SSEN-2818001160,SSEN-281800116004
281800116005,SSEN,43.0,11890.0,2024-12-05 13:00:00+00:00,"{'x': -0.373581, 'y': 51.46935}",SSEN-2818001160,SSEN-281800116005
281800116001,SSEN,46.0,11587.0,2024-12-05 13:30:00+00:00,"{'x': -0.373581, 'y': 51.46935}",SSEN-2818001160,SSEN-281800116001
281800116002,SSEN,19.0,7489.0,2024-12-05 13:30:00+00:00,"{'x': -0.373581, 'y': 51.46935}",SSEN-2818001160,SSEN-281800116002
281800116004,SSEN,18.0,4432.0,2024-12-05 13:30:00+00:00,"{'x': -0.373581, 'y': 51.46935}",SSEN-2818001160,SSEN-281800116004
281800116005,SSEN,43.0,13073.0,2024-12-05 13:30:00+00:00,"{'x': -0.373581, 'y': 51.46935}",SSEN-2818001160,SSEN-281800116005
281800116001,SSEN,46.0,13276.0,2024-12-05 14:00:00+00:00,"{'x': -0.373581, 'y': 51.46935}",SSEN-2818001160,SSEN-281800116001
281800116002,SSEN,19.0,6179.0,2024-12-05 14:00:00+00:00,"{'x': -0.373581, 'y': 51.46935}",SSEN-2818001160,SSEN-281800116002
281800116004,SSEN,18.0,4531.0,2024-12-05 14:00:00+00:00,"{'x': -0.373581, 'y': 51.46935}",SSEN-2818001160,SSEN-281800116004
281800116005,SSEN,43.0,14622.0,2024-12-05 14:00:00+00:00,"{'x': -0.373581, 'y': 51.46935}",SSEN-2818001160,SSEN-281800116005
281800116001,SSEN,46.0,11518.0,2024-12-05 14:30:00+00:00,"{'x': -0.373581, 'y': 51.46935}",SSEN-2818001160,SSEN-281800116001
281800116002,SSEN,19.0,8440.0,2024-12-05 14:30:00+00:00,"{'x': -0.373581, 'y': 51.46935}",SSEN-2818001160,SSEN-281800116002
281800116004,SSEN,18.0,4623.0,2024-12-05 14:30:00+00:00,"{'x': -0.373581, 'y': 51.46935}",SSEN-2818001160,SSEN-281800116004
281800116005,SSEN,43.0,12385.0,2024-12-05 14:30:00+00:00,"{'x': -0.373581, 'y': 51.46935}",SSEN-2818001160,SSEN-281800116005
281800116001,SSEN,46.0,12950.0,2024-12-05 15:00:00+00:00,"{'x': -0.373581, 'y': 51.46935}",SSEN-2818001160,SSEN-281800116001
281800116002,SSEN,19.0,6484.0,2024-12-05 15:00:00+00:00,"{'x': -0.373581, 'y': 51.46935}",SSEN-2818001160,SSEN-281800116002
281800116004,SSEN,18.0,5129.0,2024-12-05 15:00:00+00:00,"{'x': -0.373581, 'y': 51.46935}",SSEN-2818001160,SSEN-281800116004
281800116005,SSEN,43.0,14467.0,2024-12-05 15:00:00+00:00,"{'x': -0.373581, 'y': 51.46935}",SSEN-2818001160,SSEN-281800116005
281800116001,SSEN,46.0,14094.0,2024-12-05 15:30:00+00:00,"{'x': -0.373581, 'y': 51.46935}",SSEN-2818001160,SSEN-281800116001
281800116002,SSEN,19.0,6227.0,2024-12-05 15:30:00+00:00,"{'x': -0.373581, 'y': 51.46935}",SSEN-2818001160,SSEN-281800116002
281800116004,SSEN,18.0,4799.0,2024-12-05 15:30:00+00:00,"{'x': -0.373581, 'y': 51.46935}",SSEN-2818001160,SSEN-281800116004
281800116005,SSEN,43.0,16234.0,2024-12-05 15:30:00+00:00,"{'x': -0.373581, 'y': 51.46935}",SSEN-2818001160,SSEN-281800116005
281800116001,SSEN,46.0,13457.0,2024-12-05 16:00:00+00:00,"{'x': -0.373581, 'y': 51.46935}",SSEN-2818001160,SSEN-281800116001
281800116002,SSEN,19.0,5640.0,2024-12-05 16:00:00+00:00,"{'x': -0.373581, 'y': 51.46935}",SSEN-2818001160,SSEN-281800116002
281800116004,SSEN,18.0,5309.0,2024-12-05 16:00:00+00:00,"{'x': -0.373581, 'y': 51.46935}",SSEN-2818001160,SSEN-281800116004
281800116005,SSEN,43.0,16319.0,2024-12-05 16:00:00+00:00,"{'x': -0.373581, 'y': 51.46935}",SSEN-2818001160,SSEN-281800116005
281800116001,SSEN,46.0,13929.0,2024-12-05 16:30:00+00:00,"{'x': -0.373581, 'y': 51.46935}",SSEN-2818001160,SSEN-281800116001
281800116002,SSEN,19.0,6092.0,2024-12-05 16:30:00+00:00,"{'x': -0.373581, 'y': 51.46935}",SSEN-2818001160,SSEN-281800116002
281800116004,SSEN,18.0,6156.0,2024-12-05 16:30:00+00:00,"{'x': -0.373581, 'y': 51.46935}",SSEN-2818001160,SSEN-281800116004
281800116005,SSEN,43.0,16498.0,2024-12-05 16:30:00+00:00,"{'x': -0.373581, 'y': 51.46935}",SSEN-2818001160,SSEN-281800116005
281800116001,SSEN,46.0,14019.0,2024-12-05 17:00:00+00:00,"{'x': -0.373581, 'y': 51.46935}",SSEN-2818001160,SSEN-281800116001
281800116002,SSEN,19.0,6577.0,2024-12-05 17:00:00+00:00,"{'x': -0.373581, 'y': 51.46935}",SSEN-2818001160,SSEN-281800116002
281800116004,SSEN,18.0,4640.0,2024-12-05 17:00:00+00:00,"{'x': -0.373581, 'y': 51.46935}",SSEN-2818001160,SSEN-281800116004
281800116005,SSEN,43.0,17310.0,2024-12-05 17:00:00+00:00,"{'x': -0.373581, 'y': 51.46935}",SSEN-2818001160,SSEN-281800116005
281800116001,SSEN,46.0,16033.0,2024-12-05 17:30:00+00:00,"{'x': -0.373581, 'y': 51.46935}",SSEN-2818001160,SSEN-281800116001
281800116002,SSEN,19.0,6467.0,2024-12-05 17:30:00+00:00,"{'x': -0.373581, 'y': 51.46935}",SSEN-2818001160,SSEN-281800116002
281800116004,SSEN,18.0,5062.0,2024-12-05 17:30:00+00:00,"{'x': -0.373581, 'y': 51.46935}",SSEN-2818001160,SSEN-281800116004
281800116005,SSEN,43.0,18734.0,2024-12-05 17:30:00+00:00,"{'x': -0.373581, 'y': 51.46935}",SSEN-2818001160,SSEN-281800116005
281800116001,SSEN,46.0,18427.0,2024-12-05 18:00:00+00:00,"{'x': -0.373581, 'y': 51.46935}",SSEN-2818001160,SSEN-281800116001
281800116002,SSEN,19.0,7816.0,2024-12-05 18:00:00+00:00,"{'x': -0.373581, 'y': 51.46935}",SSEN-2818001160,SSEN-281800116002
281800116004,SSEN,18.0,6254.0,2024-12-05 18:00:00+00:00,"{'x': -0.373581, 'y': 51.46935}",SSEN-2818001160,SSEN-281800116004
281800116005,SSEN,43.0,15685.0,2024-12-05 18:00:00+00:00,"{'x': -0.373581, 'y': 51.46935}",SSEN-2818001160,SSEN-281800116005
281800116001,SSEN,46.0,16454.0,2024-12-05 18:30:00+00:00,"{'x': -0.373581, 'y': 51.46935}",SSEN-2818001160,SSEN-281800116001
281800116002,SSEN,19.0,6319.0,2024-12-05 18:30:00+00:00,"{'x': -0.373581, 'y': 51.46935}",SSEN-2818001160,SSEN-281800116002
281800116004,SSEN,18.0,5685.0,2024-12-05 18:30:00+00:00,"{'x': -0.373581, 'y': 51.46935}",SSEN-2818001160,SSEN-281800116004
281800116005,SSEN,43.0,16977.0,2024-12-05 18:30:00+00:00,"{'x': -0.373581, 'y': 51.46935}",SSEN-2818001160,SSEN-281800116005
281800116001,SSEN,46.0,15731.0,2024-12-05 19:00:00+00:00,"{'x': -0.373581, 'y': 51.46935}",SSEN-2818001160,SSEN-281800116001
281800116002,SSEN,19.0,5961.0,2024-12-05 19:00:00+00:00,"{'x': -0.373581, 'y': 51.46935}",SSEN-2818001160,SSEN-281800116002
281800116004,SSEN,18.0,4622.0,2024-12-05 19:00:00+00:00,"{'x': -0.373581, 'y': 51.46935}",SSEN-2818001160,SSEN-281800116004
281800116005,SSEN,43.0,17058.0,2024-12-05 19:00:00+00:00,"{'x': -0.373581, 'y': 51.46935}",SSEN-2818001160,SSEN-281800116005
281800116001,SSEN,46.0,19852.0,2024-12-05 19:30:00+00:00,"{'x': -0.373581, 'y': 51.46935}",SSEN-2818001160,SSEN-281800116001
281800116002,SSEN,19.0,6522.0,2024-12-05 19:30:00+00:00,"{'x': -0.373581, 'y': 51.46935}",SSEN-2818001160,SSEN-281800116002
281800116004,SSEN,18.0,3809.0,2024-12-05 19:30:00+00:00,"{'x': -0.373581, 'y': 51.46935}",SSEN-2818001160,SSEN-281800116004
281800116005,SSEN,43.0,21651.0,2024-12-05 19:30:00+00:00,"{'x': -0.373581, 'y': 51.46935}",SSEN-2818001160,SSEN-281800116005
281800116001,SSEN,46.0,15617.0,2024-12-05 20:00:00+00:00,"{'x': -0.373581, 'y': 51.46935}",SSEN-2818001160,SSEN-281800116001
281800116002,SSEN,19.0,6914.0,2024-12-05 20:00:00+00:00,"{'x': -0.373581, 'y': 51.46935}",SSEN-2818001160,SSEN-281800116002
281800116004,SSEN,18.0,6128.0,2024-12-05 20:00:00+00:00,"{'x': -0.373581, 'y': 51.46935}",SSEN-2818001160,SSEN-281800116004
281800116005,SSEN,43.0,22103.0,2024-12-05 20:00:00+00:00,"{'x': -0.373581, 'y': 51.46935}",SSEN-2818001160,SSEN-281800116005
281800116001,SSEN,46.0,14386.0,2024-12-05 20:30:00+00:00,"{'x': -0.373581, 'y': 51.46935}",SSEN-2818001160,SSEN-281800116001
281800116002,SSEN,19.0,6700.0,2024-12-05 20:30:00+00:00,"{'x': -0.373581, 'y': 51.46935}",SSEN-2818001160,SSEN-281800116002
281800116004,SSEN,18.0,6288.0,2024-12-05 20:30:00+00:00,"{'x': -0.373581, 'y': 51.46935}",SSEN-2818001160,SSEN-281800116004
281800116005,SSEN,43.0,19098.0,2024-12-05 20:30:00+00:00,"{'x': -0.373581, 'y': 51.46935}",SSEN-2818001160,SSEN-281800116005
281800116001,SSEN,46.0,17461.0,2024-12-05 21:00:00+00:00,"{'x': -0.373581, 'y': 51.46935}",SSEN-2818001160,SSEN-281800116001
281800116002,SSEN,19.0,8035.0,2024-12-05 21:00:00+00:00,"{'x': -0.373581, 'y': 51.46935}",SSEN-2818001160,SSEN-281800116002
281800116004,SSEN,18.0,5970.0,2024-12-05 21:00:00+00:00,"{'x': -0.373581, 'y': 51.46935}",SSEN-2818001160,SSEN-281800116004
281800116005,SSEN,43.0,17522.0,2024-12-05 21:00:00+00:00,"{'x': -0.373581, 'y': 51.46935}",SSEN-2818001160,SSEN-281800116005
281800116001,SSEN,46.0,15393.0,2024-12-05 21:30:00+00:00,"{'x': -0.373581, 'y': 51.46935}",SSEN-2818001160,SSEN-281800116001
281800116002,SSEN,19.0,6726.0,2024-12-05 21:30:00+00:00,"{'x': -0.373581, 'y': 51.46935}",SSEN-2818001160,SSEN-281800116002
281800116004,SSEN,18.0,6680.0,2024-12-05 21:30:00+00:00,"{'x': -0.373581, 'y': 51.46935}",SSEN-2818001160,SSEN-281800116004
281800116005,SSEN,43.0,20994.0,2024-12-05 21:30:00+00:00,"{'x': -0.373581, 'y': 51.46935}",SSEN-2818001160,SSEN-281800116005
281800116001,SSEN,46.0,12946.0,2024-12-05 22:00:00+00:00,"{'x': -0.373581, 'y': 51.46935}",SSEN-2818001160,SSEN-281800116001
281800116002,SSEN,19.0,8521.0,2024-12-05 22:00:00+00:00,"{'x': -0.373581, 'y': 51.46935}",SSEN-2818001160,SSEN-281800116002
281800116004,SSEN,18.0,6517.0,2024-12-05 22:00:00+00:00,"{'x': -0.373581, 'y': 51.46935}",SSEN-2818001160,SSEN-281800116004
281800116005,SSEN,43.0,18517.0,2024-12-05 22:00:00+00:00,"{'x': -0.373581, 'y': 51.46935}",SSEN-2818001160,SSEN-281800116005
281800116001,SSEN,46.0,12872.0,2024-12-05 22:30:00+00:00,"{'x': -0.373581, 'y': 51.46935}",SSEN-2818001160,SSEN-281800116001
281800116002,SSEN,19.0,8440.0,2024-12-05 22:30:00+00:00,"{'x': -0.373581, 'y': 51.46935}",SSEN-2818001160,SSEN-281800116002
281800116004,SSEN,18.0,5621.0,2024-12-05 22:30:00+00:00,"{'x': -0.373581, 'y': 51.46935}",SSEN-2818001160,SSEN-281800116004
281800116005,SSEN,43.0,15663.0,2024-12-05 22:30:00+00:00,"{'x': -0.373581, 'y': 51.46935}",SSEN-2818001160,SSEN-281800116005
281800116001,SSEN,46.0,11076.0,2024-12-05 23:00:00+00:00,"{'x': -0.373581, 'y': 51.46935}",SSEN-2818001160,SSEN-281800116001
281800116002,SSEN,19.0,6293.0,2024-12-05 23:00:00+00:00,"{'x': -0.373581, 'y': 51.46935}",SSEN-2818001160,SSEN-281800116002
281800116004,SSEN,18.0,5703.0,2024-12-05 23:00:00+00:00,"{'x': -0.373581, 'y': 51.46935}",SSEN-2818001160,SSEN-281800116004
281800116005,SSEN,43.0,19234.0,2024-12-05 23:00:00+00:00,"{'x': -0.373581, 'y': 51.46935}",SSEN-2818001160,SSEN-281800116005
281800116001,SSEN,46.0,11327.0,2024-12-05 23:30:00+00:00,"{'x': -0.373581, 'y': 51.46935}",SSEN-2818001160,SSEN-281800116001
281800116002,SSEN,19.0,8636.0,2024-12-05 23:30:00+00:00,"{'x': -0.373581, 'y': 51.46935}",SSEN-2818001160,SSEN-281800116002
281800116004,SSEN,18.0,5175.0,2024-12-05 23:30:00+00:00,"{'x': -0.373581, 'y': 51.46935}",SSEN-2818001160,SSEN-281800116004
281800116005,SSEN,43.0,16319.0,2024-12-05 23:30:00+00:00,"{'x': -0.373581, 'y': 51.46935}",SSEN-2818001160,SSEN-281800116005
281800116001,SSEN,46.0,10739.0,2024-12-06 00:00:00+00:00,"{'x': -0.373581, 'y': 51.46935}",SSEN-2818001160,SSEN-281800116001
281800116002,SSEN,19.0,8612.0,2024-12-06 00:00:00+00:00,"{'x': -0.373581, 'y': 51.46935}",SSEN-2818001160,SSEN-281800116002
281800116004,SSEN,18.0,4081.0,2024-12-06 00:00:00+00:00,"{'x': -0.373581, 'y': 51.46935}",SSEN-2818001160,SSEN-281800116004
281800116005,SSEN,43.0,15921.0,2024-12-06 00:00:00+00:00,"{'x': -0.373581, 'y': 51.46935}",SSEN-2818001160,SSEN-281800116005
281800116001,SSEN,40.0,8618.0,2024-12-06 00:30:00+00:00,"{'x': -0.373581, 'y': 51.46935}",SSEN-2818001160,SSEN-281800116001
281800116002,SSEN,16.0,8276.0,2024-12-06 00:30:00+00:00,"{'x': -0.373581, 'y': 51.46935}",SSEN-2818001160,SSEN-281800116002
281800116004,SSEN,17.0,3787.0,2024-12-06 00:30:00+00:00,"{'x': -0.373581, 'y': 51.46935}",SSEN-2818001160,SSEN-281800116004
281800116005,SSEN,35.0,9828.0,2024-12-06 00:30:00+00:00,"{'x': -0.373581, 'y': 51.46935}",SSEN-2818001160,SSEN-281800116005
281800116001,SSEN,40.0,7634.0,2024-12-06 01:00:00+00:00,"{'x': -0.373581, 'y': 51.46935}",SSEN-2818001160,SSEN-281800116001
281800116002,SSEN,16.0,8196.0,2024-12-06 01:00:00+00:00,"{'x': -0.373581, 'y': 51.46935}",SSEN-2818001160,SSEN-281800116002
281800116004,SSEN,17.0,3236.0,2024-12-06 01:00:00+00:00,"{'x': -0.373581, 'y': 51.46935}",SSEN-2818001160,SSEN-281800116004
281800116005,SSEN,35.0,7961.0,2024-12-06 01:00:00+00:00,"{'x': -0.373581, 'y': 51.46935}",SSEN-2818001160,SSEN-281800116005
281800116001,SSEN,40.0,6798.0,2024-12-06 01:30:00+00:00,"{'x': -0.373581, 'y': 51.46935}",SSEN-2818001160,SSEN-281800116001
281800116002,SSEN,16.0,5239.0,2024-12-06 01:30:00+00:00,"{'x': -0.373581, 'y': 51.46935}",SSEN-2818001160,SSEN-281800116002
281800116004,SSEN,17.0,3096.0,2024-12-06 01:30:00+00:00,"{'x': -0.373581, 'y': 51.46935}",SSEN-2818001160,SSEN-281800116004
281800116005,SSEN,35.0,6511.0,2024-12-06 01:30:00+00:00,"{'x': -0.373581, 'y': 51.46935}",SSEN-2818001160,SSEN-281800116005
281800116001,SSEN,40.0,6759.0,2024-12-06 02:00:00+00:00,"{'x': -0.373581, 'y': 51.46935}",SSEN-2818001160,SSEN-281800116001
281800116002,SSEN,16.0,4692.0,2024-12-06 02:00:00+00:00,"{'x': -0.373581, 'y': 51.46935}",SSEN-2818001160,SSEN-281800116002
281800116004,SSEN,17.0,3202.0,2024-12-06 02:00:00+00:00,"{'x': -0.373581, 'y': 51.46935}",SSEN-2818001160,SSEN-281800116004
281800116005,SSEN,35.0,5864.0,2024-12-06 02:00:00+00:00,"{'x': -0.373581, 'y': 51.46935}",SSEN-2818001160,SSEN-281800116005
281800116001,SSEN,40.0,5970.0,2024-12-06 02:30:00+00:00,"{'x': -0.373581, 'y': 51.46935}",SSEN-2818001160,SSEN-281800116001
281800116002,SSEN,16.0,4315.0,2024-12-06 02:30:00+00:00,"{'x': -0.373581, 'y': 51.46935}",SSEN-2818001160,SSEN-281800116002
281800116004,SSEN,17.0,2953.0,2024-12-06 02:30:00+00:00,"{'x': -0.373581, 'y': 51.46935}",SSEN-2818001160,SSEN-281800116004
281800116005,SSEN,35.0,5821.0,2024-12-06 02:30:00+00:00,"{'x': -0.373581, 'y': 51.46935}",SSEN-2818001160,SSEN-281800116005
281800116001,SSEN,40.0,6119.0,2024-12-06 03:00:00+00:00,"{'x': -0.373581, 'y': 51.46935}",SSEN-2818001160,SSEN-281800116001
281800116002,SSEN,16.0,4092.0,2024-12-06 03:00:00+00:00,"{'x': -0.373581, 'y': 51.46935}",SSEN-2818001160,SSEN-281800116002
281800116004,SSEN,17.0,3314.0,2024-12-06 03:00:00+00:00,"{'x': -0.373581, 'y': 51.46935}",SSEN-2818001160,SSEN-281800116004
281800116005,SSEN,35.0,5859.0,2024-12-06 03:00:00+00:00,"{'x': -0.373581, 'y': 51.46935}",SSEN-2818001160,SSEN-281800116005
281800116001,SSEN,40.0,5991.0,2024-12-06 03:30:00+00:00,"{'x': -0.373581, 'y': 51.46935}",SSEN-2818001160,SSEN-281800116001
281800116002,SSEN,16.0,4697.0,2024-12-06 03:30:00+00:00,"{'x': -0.373581, 'y': 51.46935}",SSEN-2818001160,SSEN-281800116002
281800116004,SSEN,17.0,3524.0,2024-12-06 03:30:00+00:00,"{'x': -0.373581, 'y': 51.46935}",SSEN-2818001160,SSEN-281800116004
281800116005,SSEN,35.0,6261.0,2024-12-06 03:30:00+00:00,"{'x': -0.373581, 'y': 51.46935}",SSEN-2818001160,SSEN-281800116005
281800116001,SSEN,40.0,5696.0,2024-12-06 04:00:00+00:00,"{'x': -0.373581, 'y': 51.46935}",SSEN-2818001160,SSEN-281800116001
281800116002,SSEN,16.0,3885.0,2024-12-06 04:00:00+00:00,"{'x': -0.373581, 'y': 51.46935}",SSEN-2818001160,SSEN-281800116002
281800116004,SSEN,17.0,3523.0,2024-12-06 04:00:00+00:00,"{'x': -0.373581, 'y': 51.46935}",SSEN-2818001160,SSEN-281800116004
281800116005,SSEN,35.0,5888.0,2024-12-06 04:00:00+00:00,"{'x': -0.373581, 'y': 51.46935}",SSEN-2818001160,SSEN-281800116005
281800116001,SSEN,40.0,5881.0,2024-12-06 04:30:00+00:00,"{'x': -0.373581, 'y': 51.46935}",SSEN-2818001160,SSEN-281800116001
281800116002,SSEN,16.0,1765.0,2024-12-06 04:30:00+00:00,"{'x': -0.373581, 'y': 51.46935}",SSEN-2818001160,SSEN-281800116002
281800116004,SSEN,17.0,3275.0,2024-12-06 04:30:00+00:00,"{'x': -0.373581, 'y': 51.46935}",SSEN-2818001160,SSEN-281800116004
281800116005,SSEN,35.0,6276.0,2024-12-06 04:30:00+00:00,"{'x': -0.373581, 'y': 51.46935}",SSEN-2818001160,SSEN-281800116005
281800116001,SSEN,40.0,6425.0,2024-12-06 05:00:00+00:00,"{'x': -0.373581, 'y': 51.46935}",SSEN-2818001160,SSEN-281800116001
281800116002,SSEN,16.0,2190.0,2024-12-06 05:00:00+00:00,"{'x': -0.373581, 'y': 51.46935}",SSEN-2818001160,SSEN-281800116002
281800116004,SSEN,17.0,3095.0,2024-12-06 05:00:00+00:00,"{'x': -0.373581, 'y': 51.46935}",SSEN-2818001160,SSEN-281800116004
281800116005,SSEN,35.0,5840.0,2024-12-06 05:00:00+00:00,"{'x': -0.373581, 'y': 51.46935}",SSEN-2818001160,SSEN-281800116005
281800116001,SSEN,40.0,6501.0,2024-12-06 05:30:00+00:00,"{'x': -0.373581, 'y': 51.46935}",SSEN-2818001160,SSEN-281800116001
281800116002,SSEN,16.0,1802.0,2024-12-06 05:30:00+00:00,"{'x': -0.373581, 'y': 51.46935}",SSEN-2818001160,SSEN-281800116002
281800116004,SSEN,17.0,2857.0,2024-12-06 05:30:00+00:00,"{'x': -0.373581, 'y': 51.46935}",SSEN-2818001160,SSEN-281800116004
281800116005,SSEN,35.0,7048.0,2024-12-06 05:30:00+00:00,"{'x': -0.373581, 'y': 51.46935}",SSEN-2818001160,SSEN-281800116005
281800116001,SSEN,40.0,7613.0,2024-12-06 06:00:00+00:00,"{'x': -0.373581, 'y': 51.46935}",SSEN-2818001160,SSEN-281800116001
281800116002,SSEN,16.0,1915.0,2024-12-06 06:00:00+00:00,"{'x': -0.373581, 'y': 51.46935}",SSEN-2818001160,SSEN-281800116002
281800116004,SSEN,17.0,3233.0,2024-12-06 06:00:00+00:00,"{'x': -0.373581, 'y': 51.46935}",SSEN-2818001160,SSEN-281800116004
281800116005,SSEN,35.0,7046.0,2024-12-06 06:00:00+00:00,"{'x': -0.373581, 'y': 51.46935}",SSEN-2818001160,SSEN-281800116005
281800116001,SSEN,40.0,8954.0,2024-12-06 06:30:00+00:00,"{'x': -0.373581, 'y': 51.46935}",SSEN-2818001160,SSEN-281800116001
281800116002,SSEN,16.0,2138.0,2024-12-06 06:30:00+00:00,"{'x': -0.373581, 'y': 51.46935}",SSEN-2818001160,SSEN-281800116002
281800116004,SSEN,17.0,3026.0,2024-12-06 06:30:00+00:00,"{'x': -0.373581, 'y': 51.46935}",SSEN-2818001160,SSEN-281800116004
281800116005,SSEN,35.0,6747.0,2024-12-06 06:30:00+00:00,"{'x': -0.373581, 'y': 51.46935}",SSEN-2818001160,SSEN-281800116005
281800116001,SSEN,40.0,10863.0,2024-12-06 07:00:00+00:00,"{'x': -0.373581, 'y': 51.46935}",SSEN-2818001160,SSEN-281800116001
281800116002,SSEN,16.0,4905.0,2024-12-06 07:00:00+00:00,"{'x': -0.373581, 'y': 51.46935}",SSEN-2818001160,SSEN-281800116002
281800116004,SSEN,17.0,2701.0,2024-12-06 07:00:00+00:00,"{'x': -0.373581, 'y': 51.46935}",SSEN-2818001160,SSEN-281800116004
281800116005,SSEN,35.0,9659.0,2024-12-06 07:00:00+00:00,"{'x': -0.373581, 'y': 51.46935}",SSEN-2818001160,SSEN-281800116005
281800116001,SSEN,40.0,12157.0,2024-12-06 07:30:00+00:00,"{'x': -0.373581, 'y': 51.46935}",SSEN-2818001160,SSEN-281800116001
281800116002,SSEN,16.0,3612.0,2024-12-06 07:30:00+00:00,"{'x': -0.373581, 'y': 51.46935}",SSEN-2818001160,SSEN-281800116002
281800116004,SSEN,17.0,4106.0,2024-12-06 07:30:00+00:00,"{'x': -0.373581, 'y': 51.46935}",SSEN-2818001160,SSEN-281800116004
281800116005,SSEN,35.0,12712.0,2024-12-06 07:30:00+00:00,"{'x': -0.373581, 'y': 51.46935}",SSEN-2818001160,SSEN-281800116005
281800116001,SSEN,40.0,12634.0,2024-12-06 08:00:00+00:00,"{'x': -0.373581, 'y': 51.46935}",SSEN-2818001160,SSEN-281800116001
281800116002,SSEN,16.0,6181.0,2024-12-06 08:00:00+00:00,"{'x': -0.373581, 'y': 51.46935}",SSEN-2818001160,SSEN-281800116002
281800116004,SSEN,17.0,5594.0,2024-12-06 08:00:00+00:00,"{'x': -0.373581, 'y': 51.46935}",SSEN-2818001160,SSEN-281800116004
281800116005,SSEN,35.0,10451.0,2024-12-06 08:00:00+00:00,"{'x': -0.373581, 'y': 51.46935}",SSEN-2818001160,SSEN-281800116005
281800116001,SSEN,40.0,8468.0,2024-12-06 08:30:00+00:00,"{'x': -0.373581, 'y': 51.46935}",SSEN-2818001160,SSEN-281800116001
281800116002,SSEN,16.0,4274.0,2024-12-06 08:30:00+00:00,"{'x': -0.373581, 'y': 51.46935}",SSEN-2818001160,SSEN-281800116002
281800116004,SSEN,17.0,3850.0,2024-12-06 08:30:00+00:00,"{'x': -0.373581, 'y': 51.46935}",SSEN-2818001160,SSEN-281800116004
281800116005,SSEN,35.0,10311.0,2024-12-06 08:30:00+00:00,"{'x': -0.373581, 'y': 51.46935}",SSEN-2818001160,SSEN-281800116005
281800116001,SSEN,40.0,6582.0,2024-12-06 09:00:00+00:00,"{'x': -0.373581, 'y': 51.46935}",SSEN-2818001160,SSEN-281800116001
281800116002,SSEN,16.0,3141.0,2024-12-06 09:00:00+00:00,"{'x': -0.373581, 'y': 51.46935}",SSEN-2818001160,SSEN-281800116002
281800116004,SSEN,17.0,3172.0,2024-12-06 09:00:00+00:00,"{'x': -0.373581, 'y': 51.46935}",SSEN-2818001160,SSEN-281800116004
281800116005,SSEN,35.0,9718.0,2024-12-06 09:00:00+00:00,"{'x': -0.373581, 'y': 51.46935}",SSEN-2818001160,SSEN-281800116005
281800116001,SSEN,40.0,7884.0,2024-12-06 09:30:00+00:00,"{'x': -0.373581, 'y': 51.46935}",SSEN-2818001160,SSEN-281800116001
281800116002,SSEN,15.0,2589.0,2024-12-06 09:30:00+00:00,"{'x': -0.373581, 'y': 51.46935}",SSEN-2818001160,SSEN-281800116002
281800116004,SSEN,17.0,4933.0,2024-12-06 09:30:00+00:00,"{'x': -0.373581, 'y': 51.46935}",SSEN-2818001160,SSEN-281800116004
281800116005,SSEN,35.0,10959.0,2024-12-06 09:30:00+00:00,"{'x': -0.373581, 'y': 51.46935}",SSEN-2818001160,SSEN-281800116005
281800116001,SSEN,40.0,9181.0,2024-12-06 10:00:00+00:00,"{'x': -0.373581, 'y': 51.46935}",SSEN-2818001160,SSEN-281800116001
281800116002,SSEN,16.0,3180.0,2024-12-06 10:00:00+00:00,"{'x': -0.373581, 'y': 51.46935}",SSEN-2818001160,SSEN-281800116002
281800116004,SSEN,17.0,5449.0,2024-12-06 10:00:00+00:00,"{'x': -0.373581, 'y': 51.46935}",SSEN-2818001160,SSEN-281800116004
281800116005,SSEN,35.0,12081.0,2024-12-06 10:00:00+00:00,"{'x': -0.373581, 'y': 51.46935}",SSEN-2818001160,SSEN-281800116005
281800116001,SSEN,40.0,8434.0,2024-12-06 10:30:00+00:00,"{'x': -0.373581, 'y': 51.46935}",SSEN-2818001160,SSEN-281800116001
281800116002,SSEN,16.0,3475.0,2024-12-06 10:30:00+00:00,"{'x': -0.373581, 'y': 51.46935}",SSEN-2818001160,SSEN-281800116002
281800116004,SSEN,17.0,5189.0,2024-12-06 10:30:00+00:00,"{'x': -0.373581, 'y': 51.46935}",SSEN-2818001160,SSEN-281800116004
281800116005,SSEN,35.0,12613.0,2024-12-06 10:30:00+00:00,"{'x': -0.373581, 'y': 51.46935}",SSEN-2818001160,SSEN-281800116005
281800116001,SSEN,40.0,9850.0,2024-12-06 11:00:00+00:00,"{'x': -0.373581, 'y': 51.46935}",SSEN-2818001160,SSEN-281800116001
281800116002,SSEN,16.0,3809.0,2024-12-06 11:00:00+00:00,"{'x': -0.373581, 'y': 51.46935}",SSEN-2818001160,SSEN-281800116002
281800116004,SSEN,17.0,4689.0,2024-12-06 11:00:00+00:00,"{'x': -0.373581, 'y': 51.46935}",SSEN-2818001160,SSEN-281800116004
281800116005,SSEN,35.0,13660.0,2024-12-06 11:00:00+00:00,"{'x': -0.373581, 'y': 51.46935}",SSEN-2818001160,SSEN-281800116005
281800116001,SSEN,40.0,8530.0,2024-12-06 11:30:00+00:00,"{'x': -0.373581, 'y': 51.46935}",SSEN-2818001160,SSEN-281800116001
281800116002,SSEN,16.0,3364.0,2024-12-06 11:30:00+00:00,"{'x': -0.373581, 'y': 51.46935}",SSEN-2818001160,SSEN-281800116002
281800116004,SSEN,17.0,4980.0,2024-12-06 11:30:00+00:00,"{'x': -0.373581, 'y': 51.46935}",SSEN-2818001160,SSEN-281800116004
281800116005,SSEN,35.0,12959.0,2024-12-06 11:30:00+00:00,"{'x': -0.373581, 'y': 51.46935}",SSEN-2818001160,SSEN-281800116005
281800116001,SSEN,40.0,8118.0,2024-12-06 12:00:00+00:00,"{'x': -0.373581, 'y': 51.46935}",SSEN-2818001160,SSEN-281800116001
281800116002,SSEN,16.0,2633.0,2024-12-06 12:00:00+00:00,"{'x': -0.373581, 'y': 51.46935}",SSEN-2818001160,SSEN-281800116002
281800116004,SSEN,17.0,4246.0,2024-12-06 12:00:00+00:00,"{'x': -0.373581, 'y': 51.46935}",SSEN-2818001160,SSEN-281800116004
281800116005,SSEN,35.0,7970.0,2024-12-06 12:00:00+00:00,"{'x': -0.373581, 'y': 51.46935}",SSEN-2818001160,SSEN-281800116005
281800116001,SSEN,40.0,10358.0,2024-12-06 12:30:00+00:00,"{'x': -0.373581, 'y': 51.46935}",SSEN-2818001160,SSEN-281800116001
281800116002,SSEN,16.0,4612.0,2024-12-06 12:30:00+00:00,"{'x': -0.373581, 'y': 51.46935}",SSEN-2818001160,SSEN-281800116002
281800116004,SSEN,17.0,5188.0,2024-12-06 12:30:00+00:00,"{'x': -0.373581, 'y': 51.46935}",SSEN-2818001160,SSEN-281800116004
281800116005,SSEN,35.0,10066.0,2024-12-06 12:30:00+00:00,"{'x': -0.373581, 'y': 51.46935}",SSEN-2818001160,SSEN-281800116005
281800116001,SSEN,40.0,8750.0,2024-12-06 13:00:00+00:00,"{'x': -0.373581, 'y': 51.46935}",SSEN-2818001160,SSEN-281800116001
281800116002,SSEN,16.0,4278.0,2024-12-06 13:00:00+00:00,"{'x': -0.373581, 'y': 51.46935}",SSEN-2818001160,SSEN-281800116002
281800116004,SSEN,17.0,4685.0,2024-12-06 13:00:00+00:00,"{'x': -0.373581, 'y': 51.46935}",SSEN-2818001160,SSEN-281800116004
281800116005,SSEN,35.0,9939.0,2024-12-06 13:00:00+00:00,"{'x': -0.373581, 'y': 51.46935}",SSEN-2818001160,SSEN-281800116005
281800116001,SSEN,40.0,7801.0,2024-12-06 13:30:00+00:00,"{'x': -0.373581, 'y': 51.46935}",SSEN-2818001160,SSEN-281800116001
281800116002,SSEN,16.0,3292.0,2024-12-06 13:30:00+00:00,"{'x': -0.373581, 'y': 51.46935}",SSEN-2818001160,SSEN-281800116002
281800116004,SSEN,17.0,5165.0,2024-12-06 13:30:00+00:00,"{'x': -0.373581, 'y': 51.46935}",SSEN-2818001160,SSEN-281800116004
281800116005,SSEN,35.0,10251.0,2024-12-06 13:30:00+00:00,"{'x': -0.373581, 'y': 51.46935}",SSEN-2818001160,SSEN-281800116005
281800116001,SSEN,40.0,8546.0,2024-12-06 14:00:00+00:00,"{'x': -0.373581, 'y': 51.46935}",SSEN-2818001160,SSEN-281800116001
281800116002,SSEN,16.0,3054.0,2024-12-06 14:00:00+00:00,"{'x': -0.373581, 'y': 51.46935}",SSEN-2818001160,SSEN-281800116002
281800116004,SSEN,17.0,4987.0,2024-12-06 14:00:00+00:00,"{'x': -0.373581, 'y': 51.46935}",SSEN-2818001160,SSEN-281800116004
281800116005,SSEN,35.0,8306.0,2024-12-06 14:00:00+00:00,"{'x': -0.373581, 'y': 51.46935}",SSEN-2818001160,SSEN-281800116005
281800116001,SSEN,40.0,8891.0,2024-12-06 14:30:00+00:00,"{'x': -0.373581, 'y': 51.46935}",SSEN-2818001160,SSEN-281800116001
281800116002,SSEN,16.0,3715.0,2024-12-06 14:30:00+00:00,"{'x': -0.373581, 'y': 51.46935}",SSEN-2818001160,SSEN-281800116002
281800116004,SSEN,17.0,5232.0,2024-12-06 14:30:00+00:00,"{'x': -0.373581, 'y': 51.46935}",SSEN-2818001160,SSEN-281800116004
281800116005,SSEN,35.0,9356.0,2024-12-06 14:30:00+00:00,"{'x': -0.373581, 'y': 51.46935}",SSEN-2818001160,SSEN-281800116005
281800116001,SSEN,40.0,8319.0,2024-12-06 15:00:00+00:00,"{'x': -0.373581, 'y': 51.46935}",SSEN-2818001160,SSEN-281800116001
281800116002,SSEN,16.0,3526.0,2024-12-06 15:00:00+00:00,"{'x': -0.373581, 'y': 51.46935}",SSEN-2818001160,SSEN-281800116002
281800116004,SSEN,17.0,4726.0,2024-12-06 15:00:00+00:00,"{'x': -0.373581, 'y': 51.46935}",SSEN-2818001160,SSEN-281800116004
281800116005,SSEN,35.0,8770.0,2024-12-06 15:00:00+00:00,"{'x': -0.373581, 'y': 51.46935}",SSEN-2818001160,SSEN-281800116005
281800116001,SSEN,40.0,8387.0,2024-12-06 15:30:00+00:00,"{'x': -0.373581, 'y': 51.46935}",SSEN-2818001160,SSEN-281800116001
281800116002,SSEN,16.0,4203.0,2024-12-06 15:30:00+00:00,"{'x': -0.373581, 'y': 51.46935}",SSEN-2818001160,SSEN-281800116002
281800116004,SSEN,17.0,5048.0,2024-12-06 15:30:00+00:00,"{'x': -0.373581, 'y': 51.46935}",SSEN-2818001160,SSEN-281800116004
281800116005,SSEN,35.0,13148.0,2024-12-06 15:30:00+00:00,"{'x': -0.373581, 'y': 51.46935}",SSEN-2818001160,SSEN-281800116005
281800116001,SSEN,40.0,9590.0,2024-12-06 16:00:00+00:00,"{'x': -0.373581, 'y': 51.46935}",SSEN-2818001160,SSEN-281800116001
281800116002,SSEN,16.0,4150.0,2024-12-06 16:00:00+00:00,"{'x': -0.373581, 'y': 51.46935}",SSEN-2818001160,SSEN-281800116002
281800116004,SSEN,17.0,5500.0,2024-12-06 16:00:00+00:00,"{'x': -0.373581, 'y': 51.46935}",SSEN-2818001160,SSEN-281800116004
281800116005,SSEN,35.0,8643.0,2024-12-06 16:00:00+00:00,"{'x': -0.373581, 'y': 51.46935}",SSEN-2818001160,SSEN-281800116005
281800116001,SSEN,40.0,10831.0,2024-12-06 16:30:00+00:00,"{'x': -0.373581, 'y': 51.46935}",SSEN-2818001160,SSEN-281800116001
281800116002,SSEN,16.0,4692.0,2024-12-06 16:30:00+00:00,"{'x': -0.373581, 'y': 51.46935}",SSEN-2818001160,SSEN-281800116002
281800116004,SSEN,17.0,5991.0,2024-12-06 16:30:00+00:00,"{'x': -0.373581, 'y': 51.46935}",SSEN-2818001160,SSEN-281800116004
281800116005,SSEN,35.0,11327.0,2024-12-06 16:30:00+00:00,"{'x': -0.373581, 'y': 51.46935}",SSEN-2818001160,SSEN-281800116005
281800116001,SSEN,40.0,15853.0,2024-12-06 17:00:00+00:00,"{'x': -0.373581, 'y': 51.46935}",SSEN-2818001160,SSEN-281800116001
281800116002,SSEN,16.0,4821.0,2024-12-06 17:00:00+00:00,"{'x': -0.373581, 'y': 51.46935}",SSEN-2818001160,SSEN-281800116002
281800116004,SSEN,17.0,10091.0,2024-12-06 17:00:00+00:00,"{'x': -0.373581, 'y': 51.46935}",SSEN-2818001160,SSEN-281800116004
281800116005,SSEN,35.0,14082.0,2024-12-06 17:00:00+00:00,"{'x': -0.373581, 'y': 51.46935}",SSEN-2818001160,SSEN-281800116005
281800116001,SSEN,40.0,13828.0,2024-12-06 17:30:00+00:00,"{'x': -0.373581, 'y': 51.46935}",SSEN-2818001160,SSEN-281800116001
281800116002,SSEN,16.0,5965.0,2024-12-06 17:30:00+00:00,"{'x': -0.373581, 'y': 51.46935}",SSEN-2818001160,SSEN-281800116002
281800116004,SSEN,17.0,7361.0,2024-12-06 17:30:00+00:00,"{'x': -0.373581, 'y': 51.46935}",SSEN-2818001160,SSEN-281800116004
281800116005,SSEN,35.0,12688.0,2024-12-06 17:30:00+00:00,"{'x': -0.373581, 'y': 51.46935}",SSEN-2818001160,SSEN-281800116005
281800116001,SSEN,40.0,12328.0,2024-12-06 18:00:00+00:00,"{'x': -0.373581, 'y': 51.46935}",SSEN-2818001160,SSEN-281800116001
281800116002,SSEN,16.0,7167.0,2024-12-06 18:00:00+00:00,"{'x': -0.373581, 'y': 51.46935}",SSEN-2818001160,SSEN-281800116002
281800116004,SSEN,17.0,4920.0,2024-12-06 18:00:00+00:00,"{'x': -0.373581, 'y': 51.46935}",SSEN-2818001160,SSEN-281800116004
281800116005,SSEN,35.0,13234.0,2024-12-06 18:00:00+00:00,"{'x': -0.373581, 'y': 51.46935}",SSEN-2818001160,SSEN-281800116005
281800116001,SSEN,40.0,12762.0,2024-12-06 18:30:00+00:00,"{'x': -0.373581, 'y': 51.46935}",SSEN-2818001160,SSEN-281800116001
281800116002,SSEN,16.0,7115.0,2024-12-06 18:30:00+00:00,"{'x': -0.373581, 'y': 51.46935}",SSEN-2818001160,SSEN-281800116002
281800116004,SSEN,17.0,4175.0,2024-12-06 18:30:00+00:00,"{'x': -0.373581, 'y': 51.46935}",SSEN-2818001160,SSEN-281800116004
281800116005,SSEN,35.0,13465.0,2024-12-06 18:30:00+00:00,"{'x': -0.373581, 'y': 51.46935}",SSEN-2818001160,SSEN-281800116005
281800116001,SSEN,40.0,11833.0,2024-12-06 19:00:00+00:00,"{'x': -0.373581, 'y': 51.46935}",SSEN-2818001160,SSEN-281800116001
281800116002,SSEN,16.0,6361.0,2024-12-06 19:00:00+00:00,"{'x': -0.373581, 'y': 51.46935}",SSEN-2818001160,SSEN-281800116002
281800116004,SSEN,17.0,3877.0,2024-12-06 19:00:00+00:00,"{'x': -0.373581, 'y': 51.46935}",SSEN-2818001160,SSEN-281800116004
281800116005,SSEN,35.0,11493.0,2024-12-06 19:00:00+00:00,"{'x': -0.373581, 'y': 51.46935}",SSEN-2818001160,SSEN-281800116005
281800116001,SSEN,40.0,12018.0,2024-12-06 19:30:00+00:00,"{'x': -0.373581, 'y': 51.46935}",SSEN-2818001160,SSEN-281800116001
281800116002,SSEN,16.0,6668.0,2024-12-06 19:30:00+00:00,"{'x': -0.373581, 'y': 51.46935}",SSEN-2818001160,SSEN-281800116002
281800116004,SSEN,17.0,4293.0,2024-12-06 19:30:00+00:00,"{'x': -0.373581, 'y': 51.46935}",SSEN-2818001160,SSEN-281800116004
281800116005,SSEN,35.0,11418.0,2024-12-06 19:30:00+00:00,"{'x': -0.373581, 'y': 51.46935}",SSEN-2818001160,SSEN-281800116005
281800116001,SSEN,40.0,15521.0,2024-12-06 20:00:00+00:00,"{'x': -0.373581, 'y': 51.46935}",SSEN-2818001160,SSEN-281800116001
281800116002,SSEN,16.0,8534.0,2024-12-06 20:00:00+00:00,"{'x': -0.373581, 'y': 51.46935}",SSEN-2818001160,SSEN-281800116002
281800116004,SSEN,17.0,5943.0,2024-12-06 20:00:00+00:00,"{'x': -0.373581, 'y': 51.46935}",SSEN-2818001160,SSEN-281800116004
281800116005,SSEN,35.0,9723.0,2024-12-06 20:00:00+00:00,"{'x': -0.373581, 'y': 51.46935}",SSEN-2818001160,SSEN-281800116005
281800116001,SSEN,40.0,14023.0,2024-12-06 20:30:00+00:00,"{'x': -0.373581, 'y': 51.46935}",SSEN-2818001160,SSEN-281800116001
281800116002,SSEN,16.0,10558.0,2024-12-06 20:30:00+00:00,"{'x': -0.373581, 'y': 51.46935}",SSEN-2818001160,SSEN-281800116002
281800116004,SSEN,17.0,4910.0,2024-12-06 20:30:00+00:00,"{'x': -0.373581, 'y': 51.46935}",SSEN-2818001160,SSEN-281800116004
281800116005,SSEN,35.0,10408.0,2024-12-06 20:30:00+00:00,"{'x': -0.373581, 'y': 51.46935}",SSEN-2818001160,SSEN-281800116005
281800116001,SSEN,40.0,14119.0,2024-12-06 21:00:00+00:00,"{'x': -0.373581, 'y': 51.46935}",SSEN-2818001160,SSEN-281800116001
281800116002,SSEN,16.0,7534.0,2024-12-06 21:00:00+00:00,"{'x': -0.373581, 'y': 51.46935}",SSEN-2818001160,SSEN-281800116002
281800116004,SSEN,17.0,4611.0,2024-12-06 21:00:00+00:00,"{'x': -0.373581, 'y': 51.46935}",SSEN-2818001160,SSEN-281800116004
281800116005,SSEN,35.0,11912.0,2024-12-06 21:00:00+00:00,"{'x': -0.373581, 'y': 51.46935}",SSEN-2818001160,SSEN-281800116005
281800116001,SSEN,40.0,10380.0,2024-12-06 21:30:00+00:00,"{'x': -0.373581, 'y': 51.46935}",SSEN-2818001160,SSEN-281800116001
281800116002,SSEN,16.0,6053.0,2024-12-06 21:30:00+00:00,"{'x': -0.373581, 'y': 51.46935}",SSEN-2818001160,SSEN-281800116002
281800116004,SSEN,17.0,4480.0,2024-12-06 21:30:00+00:00,"{'x': -0.373581, 'y': 51.46935}",SSEN-2818001160,SSEN-281800116004
281800116005,SSEN,35.0,10769.0,2024-12-06 21:30:00+00:00,"{'x': -0.373581, 'y': 51.46935}",SSEN-2818001160,SSEN-281800116005
281800116001,SSEN,40.0,12558.0,2024-12-06 22:00:00+00:00,"{'x': -0.373581, 'y': 51.46935}",SSEN-2818001160,SSEN-281800116001
281800116002,SSEN,16.0,9191.0,2024-12-06 22:00:00+00:00,"{'x': -0.373581, 'y': 51.46935}",SSEN-2818001160,SSEN-281800116002
281800116004,SSEN,17.0,4311.0,2024-12-06 22:00:00+00:00,"{'x': -0.373581, 'y': 51.46935}",SSEN-2818001160,SSEN-281800116004
281800116005,SSEN,35.0,15913.0,2024-12-06 22:00:00+00:00,"{'x': -0.373581, 'y': 51.46935}",SSEN-2818001160,SSEN-281800116005
281800116001,SSEN,40.0,10474.0,2024-12-06 22:30:00+00:00,"{'x': -0.373581, 'y': 51.46935}",SSEN-2818001160,SSEN-281800116001
281800116002,SSEN,16.0,9450.0,2024-12-06 22:30:00+00:00,"{'x': -0.373581, 'y': 51.46935}",SSEN-2818001160,SSEN-281800116002
281800116004,SSEN,17.0,6167.0,2024-12-06 22:30:00+00:00,"{'x': -0.373581, 'y': 51.46935}",SSEN-2818001160,SSEN-281800116004
281800116005,SSEN,35.0,16267.0,2024-12-06 22:30:00+00:00,"{'x': -0.373581, 'y': 51.46935}",SSEN-2818001160,SSEN-281800116005
281800116001,SSEN,40.0,10312.0,2024-12-06 23:00:00+00:00,"{'x': -0.373581, 'y': 51.46935}",SSEN-2818001160,SSEN-281800116001
281800116002,SSEN,16.0,11908.0,2024-12-06 23:00:00+00:00,"{'x': -0.373581, 'y': 51.46935}",SSEN-2818001160,SSEN-281800116002
281800116004,SSEN,17.0,4658.0,2024-12-06 23:00:00+00:00,"{'x': -0.373581, 'y': 51.46935}",SSEN-2818001160,SSEN-281800116004
281800116005,SSEN,35.0,12571.0,2024-12-06 23:00:00+00:00,"{'x': -0.373581, 'y': 51.46935}",SSEN-2818001160,SSEN-281800116005
281800116001,SSEN,40.0,7715.0,2024-12-06 23:30:00+00:00,"{'x': -0.373581, 'y': 51.46935}",SSEN-2818001160,SSEN-281800116001
281800116002,SSEN,16.0,10908.0,2024-12-06 23:30:00+00:00,"{'x': -0.373581, 'y': 51.46935}",SSEN-2818001160,SSEN-281800116002
281800116004,SSEN,17.0,4353.0,2024-12-06 23:30:00+00:00,"{'x': -0.373581, 'y': 51.46935}",SSEN-2818001160,SSEN-281800116004
281800116005,SSEN,35.0,12618.0,2024-12-06 23:30:00+00:00,"{'x': -0.373581, 'y': 51.46935}",SSEN-2818001160,SSEN-281800116005
281800116001,SSEN,40.0,7929.0,2024-12-07 00:00:00+00:00,"{'x': -0.373581, 'y': 51.46935}",SSEN-2818001160,SSEN-281800116001
281800116002,SSEN,16.0,13982.0,2024-12-07 00:00:00+00:00,"{'x': -0.373581, 'y': 51.46935}",SSEN-2818001160,SSEN-281800116002
281800116004,SSEN,17.0,4112.0,2024-12-07 00:00:00+00:00,"{'x': -0.373581, 'y': 51.46935}",SSEN-2818001160,SSEN-281800116004
281800116005,SSEN,35.0,12179.0,2024-12-07 00:00:00+00:00,"{'x': -0.373581, 'y': 51.46935}",SSEN-2818001160,SSEN-281800116005
281800116001,SSEN,33.0,6724.0,2024-12-07 00:30:00+00:00,"{'x': -0.373581, 'y': 51.46935}",SSEN-2818001160,SSEN-281800116001
281800116002,SSEN,16.0,14640.0,2024-12-07 00:30:00+00:00,"{'x': -0.373581, 'y': 51.46935}",SSEN-2818001160,SSEN-281800116002
281800116004,SSEN,13.0,4064.0,2024-12-07 00:30:00+00:00,"{'x': -0.373581, 'y': 51.46935}",SSEN-2818001160,SSEN-281800116004
281800116005,SSEN,37.0,15177.0,2024-12-07 00:30:00+00:00,"{'x': -0.373581, 'y': 51.46935}",SSEN-2818001160,SSEN-281800116005
281800116001,SSEN,33.0,6056.0,2024-12-07 01:00:00+00:00,"{'x': -0.373581, 'y': 51.46935}",SSEN-2818001160,SSEN-281800116001
281800116002,SSEN,16.0,13379.0,2024-12-07 01:00:00+00:00,"{'x': -0.373581, 'y': 51.46935}",SSEN-2818001160,SSEN-281800116002
281800116004,SSEN,13.0,4040.0,2024-12-07 01:00:00+00:00,"{'x': -0.373581, 'y': 51.46935}",SSEN-2818001160,SSEN-281800116004
281800116005,SSEN,37.0,11080.0,2024-12-07 01:00:00+00:00,"{'x': -0.373581, 'y': 51.46935}",SSEN-2818001160,SSEN-281800116005
281800116001,SSEN,33.0,5143.0,2024-12-07 01:30:00+00:00,"{'x': -0.373581, 'y': 51.46935}",SSEN-2818001160,SSEN-281800116001
281800116002,SSEN,16.0,13067.0,2024-12-07 01:30:00+00:00,"{'x': -0.373581, 'y': 51.46935}",SSEN-2818001160,SSEN-281800116002
281800116004,SSEN,13.0,4094.0,2024-12-07 01:30:00+00:00,"{'x': -0.373581, 'y': 51.46935}",SSEN-2818001160,SSEN-281800116004
281800116005,SSEN,37.0,10039.0,2024-12-07 01:30:00+00:00,"{'x': -0.373581, 'y': 51.46935}",SSEN-2818001160,SSEN-281800116005
281800116001,SSEN,33.0,5412.0,2024-12-07 02:00:00+00:00,"{'x': -0.373581, 'y': 51.46935}",SSEN-2818001160,SSEN-281800116001
281800116002,SSEN,16.0,10563.0,2024-12-07 02:00:00+00:00,"{'x': -0.373581, 'y': 51.46935}",SSEN-2818001160,SSEN-281800116002
281800116004,SSEN,13.0,3505.0,2024-12-07 02:00:00+00:00,"{'x': -0.373581, 'y': 51.46935}",SSEN-2818001160,SSEN-281800116004
281800116005,SSEN,37.0,8373.0,2024-12-07 02:00:00+00:00,"{'x': -0.373581, 'y': 51.46935}",SSEN-2818001160,SSEN-281800116005
281800116001,SSEN,33.0,5019.0,2024-12-07 02:30:00+00:00,"{'x': -0.373581, 'y': 51.46935}",SSEN-2818001160,SSEN-281800116001
281800116002,SSEN,16.0,11420.0,2024-12-07 02:30:00+00:00,"{'x': -0.373581, 'y': 51.46935}",SSEN-2818001160,SSEN-281800116002
281800116004,SSEN,13.0,3065.0,2024-12-07 02:30:00+00:00,"{'x': -0.373581, 'y': 51.46935}",SSEN-2818001160,SSEN-281800116004
281800116005,SSEN,37.0,9300.0,2024-12-07 02:30:00+00:00,"{'x': -0.373581, 'y': 51.46935}",SSEN-2818001160,SSEN-281800116005
281800116001,SSEN,33.0,4840.0,2024-12-07 03:00:00+00:00,"{'x': -0.373581, 'y': 51.46935}",SSEN-2818001160,SSEN-281800116001
281800116002,SSEN,16.0,10556.0,2024-12-07 03:00:00+00:00,"{'x': -0.373581, 'y': 51.46935}",SSEN-2818001160,SSEN-281800116002
281800116004,SSEN,13.0,2690.0,2024-12-07 03:00:00+00:00,"{'x': -0.373581, 'y': 51.46935}",SSEN-2818001160,SSEN-281800116004
281800116005,SSEN,37.0,9438.0,2024-12-07 03:00:00+00:00,"{'x': -0.373581, 'y': 51.46935}",SSEN-2818001160,SSEN-281800116005
281800116001,SSEN,33.0,5747.0,2024-12-07 03:30:00+00:00,"{'x': -0.373581, 'y': 51.46935}",SSEN-2818001160,SSEN-281800116001
281800116002,SSEN,16.0,8984.0,2024-12-07 03:30:00+00:00,"{'x': -0.373581, 'y': 51.46935}",SSEN-2818001160,SSEN-281800116002
281800116004,SSEN,13.0,2827.0,2024-12-07 03:30:00+00:00,"{'x': -0.373581, 'y': 51.46935}",SSEN-2818001160,SSEN-281800116004
281800116005,SSEN,37.0,9213.0,2024-12-07 03:30:00+00:00,"{'x': -0.373581, 'y': 51.46935}",SSEN-2818001160,SSEN-281800116005
281800116001,SSEN,33.0,6330.0,2024-12-07 04:00:00+00:00,"{'x': -0.373581, 'y': 51.46935}",SSEN-2818001160,SSEN-281800116001
281800116002,SSEN,16.0,6688.0,2024-12-07 04:00:00+00:00,"{'x': -0.373581, 'y': 51.46935}",SSEN-2818001160,SSEN-281800116002
281800116004,SSEN,13.0,2603.0,2024-12-07 04:00:00+00:00,"{'x': -0.373581, 'y': 51.46935}",SSEN-2818001160,SSEN-281800116004
281800116005,SSEN,37.0,7654.0,2024-12-07 04:00:00+00:00,"{'x': -0.373581, 'y': 51.46935}",SSEN-2818001160,SSEN-281800116005
281800116001,SSEN,33.0,5708.0,2024-12-07 04:30:00+00:00,"{'x': -0.373581, 'y': 51.46935}",SSEN-2818001160,SSEN-281800116001
281800116002,SSEN,16.0,6778.0,2024-12-07 04:30:00+00:00,"{'x': -0.373581, 'y': 51.46935}",SSEN-2818001160,SSEN-281800116002
281800116004,SSEN,13.0,2521.0,2024-12-07 04:30:00+00:00,"{'x': -0.373581, 'y': 51.46935}",SSEN-2818001160,SSEN-281800116004
281800116005,SSEN,37.0,7081.0,2024-12-07 04:30:00+00:00,"{'x': -0.373581, 'y': 51.46935}",SSEN-2818001160,SSEN-281800116005
281800116001,SSEN,33.0,5635.0,2024-12-07 05:00:00+00:00,"{'x': -0.373581, 'y': 51.46935}",SSEN-2818001160,SSEN-281800116001
281800116002,SSEN,16.0,6679.0,2024-12-07 05:00:00+00:00,"{'x': -0.373581, 'y': 51.46935}",SSEN-2818001160,SSEN-281800116002
281800116004,SSEN,13.0,2686.0,2024-12-07 05:00:00+00:00,"{'x': -0.373581, 'y': 51.46935}",SSEN-2818001160,SSEN-281800116004
281800116005,SSEN,37.0,7795.0,2024-12-07 05:00:00+00:00,"{'x': -0.373581, 'y': 51.46935}",SSEN-2818001160,SSEN-281800116005
281800116001,SSEN,33.0,5587.0,2024-12-07 05:30:00+00:00,"{'x': -0.373581, 'y': 51.46935}",SSEN-2818001160,SSEN-281800116001
281800116002,SSEN,16.0,7591.0,2024-12-07 05:30:00+00:00,"{'x': -0.373581, 'y': 51.46935}",SSEN-2818001160,SSEN-281800116002
281800116004,SSEN,13.0,2731.0,2024-12-07 05:30:00+00:00,"{'x': -0.373581, 'y': 51.46935}",SSEN-2818001160,SSEN-281800116004
281800116005,SSEN,37.0,10746.0,2024-12-07 05:30:00+00:00,"{'x': -0.373581, 'y': 51.46935}",SSEN-2818001160,SSEN-281800116005
281800116001,SSEN,33.0,6975.0,2024-12-07 06:00:00+00:00,"{'x': -0.373581, 'y': 51.46935}",SSEN-2818001160,SSEN-281800116001
281800116002,SSEN,16.0,6584.0,2024-12-07 06:00:00+00:00,"{'x': -0.373581, 'y': 51.46935}",SSEN-2818001160,SSEN-281800116002
281800116004,SSEN,13.0,2631.0,2024-12-07 06:00:00+00:00,"{'x': -0.373581, 'y': 51.46935}",SSEN-2818001160,SSEN-281800116004
281800116005,SSEN,37.0,12325.0,2024-12-07 06:00:00+00:00,"{'x': -0.373581, 'y': 51.46935}",SSEN-2818001160,SSEN-281800116005
281800116001,SSEN,33.0,6867.0,2024-12-07 06:30:00+00:00,"{'x': -0.373581, 'y': 51.46935}",SSEN-2818001160,SSEN-281800116001
281800116002,SSEN,16.0,3379.0,2024-12-07 06:30:00+00:00,"{'x': -0.373581, 'y': 51.46935}",SSEN-2818001160,SSEN-281800116002
281800116004,SSEN,13.0,3738.0,2024-12-07 06:30:00+00:00,"{'x': -0.373581, 'y': 51.46935}",SSEN-2818001160,SSEN-281800116004
281800116005,SSEN,37.0,12459.0,2024-12-07 06:30:00+00:00,"{'x': -0.373581, 'y': 51.46935}",SSEN-2818001160,SSEN-281800116005
281800116001,SSEN,33.0,5861.0,2024-12-07 07:00:00+00:00,"{'x': -0.373581, 'y': 51.46935}",SSEN-2818001160,SSEN-281800116001
281800116002,SSEN,16.0,5333.0,2024-12-07 07:00:00+00:00,"{'x': -0.373581, 'y': 51.46935}",SSEN-2818001160,SSEN-281800116002
281800116004,SSEN,13.0,2902.0,2024-12-07 07:00:00+00:00,"{'x': -0.373581, 'y': 51.46935}",SSEN-2818001160,SSEN-281800116004
281800116005,SSEN,37.0,9656.0,2024-12-07 07:00:00+00:00,"{'x': -0.373581, 'y': 51.46935}",SSEN-2818001160,SSEN-281800116005
281800116001,SSEN,33.0,6019.0,2024-12-07 07:30:00+00:00,"{'x': -0.373581, 'y': 51.46935}",SSEN-2818001160,SSEN-281800116001
281800116002,SSEN,16.0,3307.0,2024-12-07 07:30:00+00:00,"{'x': -0.373581, 'y': 51.46935}",SSEN-2818001160,SSEN-281800116002
281800116004,SSEN,13.0,2638.0,2024-12-07 07:30:00+00:00,"{'x': -0.373581, 'y': 51.46935}",SSEN-2818001160,SSEN-281800116004
281800116005,SSEN,37.0,10458.0,2024-12-07 07:30:00+00:00,"{'x': -0.373581, 'y': 51.46935}",SSEN-2818001160,SSEN-281800116005
281800116001,SSEN,33.0,5844.0,2024-12-07 08:00:00+00:00,"{'x': -0.373581, 'y': 51.46935}",SSEN-2818001160,SSEN-281800116001
281800116002,SSEN,16.0,2423.0,2024-12-07 08:00:00+00:00,"{'x': -0.373581, 'y': 51.46935}",SSEN-2818001160,SSEN-281800116002
281800116004,SSEN,13.0,3095.0,2024-12-07 08:00:00+00:00,"{'x': -0.373581, 'y': 51.46935}",SSEN-2818001160,SSEN-281800116004
281800116005,SSEN,37.0,8601.0,2024-12-07 08:00:00+00:00,"{'x': -0.373581, 'y': 51.46935}",SSEN-2818001160,SSEN-281800116005
281800116001,SSEN,33.0,9409.0,2024-12-07 08:30:00+00:00,"{'x': -0.373581, 'y': 51.46935}",SSEN-2818001160,SSEN-281800116001
281800116002,SSEN,16.0,2464.0,2024-12-07 08:30:00+00:00,"{'x': -0.373581, 'y': 51.46935}",SSEN-2818001160,SSEN-281800116002
281800116004,SSEN,13.0,3317.0,2024-12-07 08:30:00+00:00,"{'x': -0.373581, 'y': 51.46935}",SSEN-2818001160,SSEN-281800116004
281800116005,SSEN,37.0,10919.0,2024-12-07 08:30:00+00:00,"{'x': -0.373581, 'y': 51.46935}",SSEN-2818001160,SSEN-281800116005
281800116001,SSEN,33.0,9038.0,2024-12-07 09:00:00+00:00,"{'x': -0.373581, 'y': 51.46935}",SSEN-2818001160,SSEN-281800116001
281800116002,SSEN,16.0,3889.0,2024-12-07 09:00:00+00:00,"{'x': -0.373581, 'y': 51.46935}",SSEN-2818001160,SSEN-281800116002
281800116004,SSEN,13.0,3870.0,2024-12-07 09:00:00+00:00,"{'x': -0.373581, 'y': 51.46935}",SSEN-2818001160,SSEN-281800116004
281800116005,SSEN,37.0,13796.0,2024-12-07 09:00:00+00:00,"{'x': -0.373581, 'y': 51.46935}",SSEN-2818001160,SSEN-281800116005
281800116001,SSEN,33.0,10024.0,2024-12-07 09:30:00+00:00,"{'x': -0.373581, 'y': 51.46935}",SSEN-2818001160,SSEN-281800116001
281800116002,SSEN,16.0,4229.0,2024-12-07 09:30:00+00:00,"{'x': -0.373581, 'y': 51.46935}",SSEN-2818001160,SSEN-281800116002
281800116004,SSEN,13.0,4057.0,2024-12-07 09:30:00+00:00,"{'x': -0.373581, 'y': 51.46935}",SSEN-2818001160,SSEN-281800116004
281800116005,SSEN,37.0,13405.0,2024-12-07 09:30:00+00:00,"{'x': -0.373581, 'y': 51.46935}",SSEN-2818001160,SSEN-281800116005
281800116001,SSEN,33.0,11177.0,2024-12-07 10:00:00+00:00,"{'x': -0.373581, 'y': 51.46935}",SSEN-2818001160,SSEN-281800116001
281800116002,SSEN,16.0,5175.0,2024-12-07 10:00:00+00:00,"{'x': -0.373581, 'y': 51.46935}",SSEN-2818001160,SSEN-281800116002
281800116004,SSEN,13.0,5280.0,2024-12-07 10:00:00+00:00,"{'x': -0.373581, 'y': 51.46935}",SSEN-2818001160,SSEN-281800116004
281800116005,SSEN,37.0,12642.0,2024-12-07 10:00:00+00:00,"{'x': -0.373581, 'y': 51.46935}",SSEN-2818001160,SSEN-281800116005
281800116001,SSEN,33.0,11571.0,2024-12-07 10:30:00+00:00,"{'x': -0.373581, 'y': 51.46935}",SSEN-2818001160,SSEN-281800116001
281800116002,SSEN,16.0,4385.0,2024-12-07 10:30:00+00:00,"{'x': -0.373581, 'y': 51.46935}",SSEN-2818001160,SSEN-281800116002
281800116004,SSEN,13.0,5339.0,2024-12-07 10:30:00+00:00,"{'x': -0.373581, 'y': 51.46935}",SSEN-2818001160,SSEN-281800116004
281800116005,SSEN,37.0,15512.0,2024-12-07 10:30:00+00:00,"{'x': -0.373581, 'y': 51.46935}",SSEN-2818001160,SSEN-281800116005
281800116001,SSEN,33.0,13063.0,2024-12-07 11:00:00+00:00,"{'x': -0.373581, 'y': 51.46935}",SSEN-2818001160,SSEN-281800116001
281800116002,SSEN,16.0,3863.0,2024-12-07 11:00:00+00:00,"{'x': -0.373581, 'y': 51.46935}",SSEN-2818001160,SSEN-281800116002
281800116004,SSEN,13.0,4480.0,2024-12-07 11:00:00+00:00,"{'x': -0.373581, 'y': 51.46935}",SSEN-2818001160,SSEN-281800116004
281800116005,SSEN,37.0,16368.0,2024-12-07 11:00:00+00:00,"{'x': -0.373581, 'y': 51.46935}",SSEN-2818001160,SSEN-281800116005
281800116001,SSEN,33.0,13460.0,2024-12-07 11:30:00+00:00,"{'x': -0.373581, 'y': 51.46935}",SSEN-2818001160,SSEN-281800116001
281800116002,SSEN,16.0,3525.0,2024-12-07 11:30:00+00:00,"{'x': -0.373581, 'y': 51.46935}",SSEN-2818001160,SSEN-281800116002
281800116004,SSEN,13.0,4462.0,2024-12-07 11:30:00+00:00,"{'x': -0.373581, 'y': 51.46935}",SSEN-2818001160,SSEN-281800116004
281800116005,SSEN,37.0,14871.0,2024-12-07 11:30:00+00:00,"{'x': -0.373581, 'y': 51.46935}",SSEN-2818001160,SSEN-281800116005
281800116001,SSEN,33.0,16539.0,2024-12-07 12:00:00+00:00,"{'x': -0.373581, 'y': 51.46935}",SSEN-2818001160,SSEN-281800116001
281800116002,SSEN,16.0,4851.0,2024-12-07 12:00:00+00:00,"{'x': -0.373581, 'y': 51.46935}",SSEN-2818001160,SSEN-281800116002
281800116004,SSEN,13.0,5377.0,2024-12-07 12:00:00+00:00,"{'x': -0.373581, 'y': 51.46935}",SSEN-2818001160,SSEN-281800116004
281800116005,SSEN,37.0,13406.0,2024-12-07 12:00:00+00:00,"{'x': -0.373581, 'y': 51.46935}",SSEN-2818001160,SSEN-281800116005
281800116001,SSEN,33.0,12722.0,2024-12-07 12:30:00+00:00,"{'x': -0.373581, 'y': 51.46935}",SSEN-2818001160,SSEN-281800116001
281800116002,SSEN,16.0,6933.0,2024-12-07 12:30:00+00:00,"{'x': -0.373581, 'y': 51.46935}",SSEN-2818001160,SSEN-281800116002
281800116004,SSEN,13.0,4512.0,2024-12-07 12:30:00+00:00,"{'x': -0.373581, 'y': 51.46935}",SSEN-2818001160,SSEN-281800116004
281800116005,SSEN,37.0,12692.0,2024-12-07 12:30:00+00:00,"{'x': -0.373581, 'y': 51.46935}",SSEN-2818001160,SSEN-281800116005
281800116001,SSEN,33.0,13968.0,2024-12-07 13:00:00+00:00,"{'x': -0.373581, 'y': 51.46935}",SSEN-2818001160,SSEN-281800116001
281800116002,SSEN,16.0,7070.0,2024-12-07 13:00:00+00:00,"{'x': -0.373581, 'y': 51.46935}",SSEN-2818001160,SSEN-281800116002
281800116004,SSEN,13.0,4739.0,2024-12-07 13:00:00+00:00,"{'x': -0.373581, 'y': 51.46935}",SSEN-2818001160,SSEN-281800116004
281800116005,SSEN,37.0,15126.0,2024-12-07 13:00:00+00:00,"{'x': -0.373581, 'y': 51.46935}",SSEN-2818001160,SSEN-281800116005
281800116001,SSEN,33.0,11115.0,2024-12-07 13:30:00+00:00,"{'x': -0.373581, 'y': 51.46935}",SSEN-2818001160,SSEN-281800116001
281800116002,SSEN,16.0,5587.0,2024-12-07 13:30:00+00:00,"{'x': -0.373581, 'y': 51.46935}",SSEN-2818001160,SSEN-281800116002
281800116004,SSEN,13.0,4139.0,2024-12-07 13:30:00+00:00,"{'x': -0.373581, 'y': 51.46935}",SSEN-2818001160,SSEN-281800116004
281800116005,SSEN,37.0,13680.0,2024-12-07 13:30:00+00:00,"{'x': -0.373581, 'y': 51.46935}",SSEN-2818001160,SSEN-281800116005
281800116001,SSEN,33.0,10923.0,2024-12-07 14:00:00+00:00,"{'x': -0.373581, 'y': 51.46935}",SSEN-2818001160,SSEN-281800116001
281800116002,SSEN,16.0,7365.0,2024-12-07 14:00:00+00:00,"{'x': -0.373581, 'y': 51.46935}",SSEN-2818001160,SSEN-281800116002
281800116004,SSEN,13.0,4309.0,2024-12-07 14:00:00+00:00,"{'x': -0.373581, 'y': 51.46935}",SSEN-2818001160,SSEN-281800116004
281800116005,SSEN,37.0,17140.0,2024-12-07 14:00:00+00:00,"{'x': -0.373581, 'y': 51.46935}",SSEN-2818001160,SSEN-281800116005
281800116001,SSEN,33.0,13964.0,2024-12-07 14:30:00+00:00,"{'x': -0.373581, 'y': 51.46935}",SSEN-2818001160,SSEN-281800116001
281800116002,SSEN,16.0,6481.0,2024-12-07 14:30:00+00:00,"{'x': -0.373581, 'y': 51.46935}",SSEN-2818001160,SSEN-281800116002
281800116004,SSEN,13.0,4805.0,2024-12-07 14:30:00+00:00,"{'x': -0.373581, 'y': 51.46935}",SSEN-2818001160,SSEN-281800116004
281800116005,SSEN,37.0,14451.0,2024-12-07 14:30:00+00:00,"{'x': -0.373581, 'y': 51.46935}",SSEN-2818001160,SSEN-281800116005
281800116001,SSEN,33.0,10543.0,2024-12-07 15:00:00+00:00,"{'x': -0.373581, 'y': 51.46935}",SSEN-2818001160,SSEN-281800116001
281800116002,SSEN,16.0,7785.0,2024-12-07 15:00:00+00:00,"{'x': -0.373581, 'y': 51.46935}",SSEN-2818001160,SSEN-281800116002
281800116004,SSEN,13.0,4548.0,2024-12-07 15:00:00+00:00,"{'x': -0.373581, 'y': 51.46935}",SSEN-2818001160,SSEN-281800116004
281800116005,SSEN,37.0,16027.0,2024-12-07 15:00:00+00:00,"{'x': -0.373581, 'y': 51.46935}",SSEN-2818001160,SSEN-281800116005
281800116001,SSEN,33.0,11547.0,2024-12-07 15:30:00+00:00,"{'x': -0.373581, 'y': 51.46935}",SSEN-2818001160,SSEN-281800116001
281800116002,SSEN,16.0,7008.0,2024-12-07 15:30:00+00:00,"{'x': -0.373581, 'y': 51.46935}",SSEN-2818001160,SSEN-281800116002
281800116004,SSEN,13.0,4307.0,2024-12-07 15:30:00+00:00,"{'x': -0.373581, 'y': 51.46935}",SSEN-2818001160,SSEN-281800116004
281800116005,SSEN,37.0,13334.0,2024-12-07 15:30:00+00:00,"{'x': -0.373581, 'y': 51.46935}",SSEN-2818001160,SSEN-281800116005
281800116001,SSEN,33.0,13010.0,2024-12-07 16:00:00+00:00,"{'x': -0.373581, 'y': 51.46935}",SSEN-2818001160,SSEN-281800116001
281800116002,SSEN,16.0,6726.0,2024-12-07 16:00:00+00:00,"{'x': -0.373581, 'y': 51.46935}",SSEN-2818001160,SSEN-281800116002
281800116004,SSEN,13.0,5148.0,2024-12-07 16:00:00+00:00,"{'x': -0.373581, 'y': 51.46935}",SSEN-2818001160,SSEN-281800116004
281800116005,SSEN,37.0,16886.0,2024-12-07 16:00:00+00:00,"{'x': -0.373581, 'y': 51.46935}",SSEN-2818001160,SSEN-281800116005
281800116001,SSEN,33.0,14519.0,2024-12-07 16:30:00+00:00,"{'x': -0.373581, 'y': 51.46935}",SSEN-2818001160,SSEN-281800116001
281800116002,SSEN,16.0,6576.0,2024-12-07 16:30:00+00:00,"{'x': -0.373581, 'y': 51.46935}",SSEN-2818001160,SSEN-281800116002
281800116004,SSEN,13.0,6578.0,2024-12-07 16:30:00+00:00,"{'x': -0.373581, 'y': 51.46935}",SSEN-2818001160,SSEN-281800116004
281800116005,SSEN,37.0,17218.0,2024-12-07 16:30:00+00:00,"{'x': -0.373581, 'y': 51.46935}",SSEN-2818001160,SSEN-281800116005
281800116001,SSEN,33.0,14698.0,2024-12-07 17:00:00+00:00,"{'x': -0.373581, 'y': 51.46935}",SSEN-2818001160,SSEN-281800116001
281800116002,SSEN,16.0,7504.0,2024-12-07 17:00:00+00:00,"{'x': -0.373581, 'y': 51.46935}",SSEN-2818001160,SSEN-281800116002
281800116004,SSEN,13.0,5859.0,2024-12-07 17:00:00+00:00,"{'x': -0.373581, 'y': 51.46935}",SSEN-2818001160,SSEN-281800116004
281800116005,SSEN,37.0,19038.0,2024-12-07 17:00:00+00:00,"{'x': -0.373581, 'y': 51.46935}",SSEN-2818001160,SSEN-281800116005
281800116001,SSEN,33.0,19994.0,2024-12-07 17:30:00+00:00,"{'x': -0.373581, 'y': 51.46935}",SSEN-2818001160,SSEN-281800116001
281800116002,SSEN,16.0,8237.0,2024-12-07 17:30:00+00:00,"{'x': -0.373581, 'y': 51.46935}",SSEN-2818001160,SSEN-281800116002
281800116004,SSEN,13.0,6780.0,2024-12-07 17:30:00+00:00,"{'x': -0.373581, 'y': 51.46935}",SSEN-2818001160,SSEN-281800116004
281800116005,SSEN,37.0,17762.0,2024-12-07 17:30:00+00:00,"{'x': -0.373581, 'y': 51.46935}",SSEN-2818001160,SSEN-281800116005
281800116001,SSEN,33.0,18061.0,2024-12-07 18:00:00+00:00,"{'x': -0.373581, 'y': 51.46935}",SSEN-2818001160,SSEN-281800116001
281800116002,SSEN,16.0,8095.0,2024-12-07 18:00:00+00:00,"{'x': -0.373581, 'y': 51.46935}",SSEN-2818001160,SSEN-281800116002
281800116004,SSEN,13.0,4862.0,2024-12-07 18:00:00+00:00,"{'x': -0.373581, 'y': 51.46935}",SSEN-2818001160,SSEN-281800116004
281800116005,SSEN,37.0,18251.0,2024-12-07 18:00:00+00:00,"{'x': -0.373581, 'y': 51.46935}",SSEN-2818001160,SSEN-281800116005
281800116001,SSEN,33.0,16402.0,2024-12-07 18:30:00+00:00,"{'x': -0.373581, 'y': 51.46935}",SSEN-2818001160,SSEN-281800116001
281800116002,SSEN,16.0,6747.0,2024-12-07 18:30:00+00:00,"{'x': -0.373581, 'y': 51.46935}",SSEN-2818001160,SSEN-281800116002
281800116004,SSEN,13.0,6534.0,2024-12-07 18:30:00+00:00,"{'x': -0.373581, 'y': 51.46935}",SSEN-2818001160,SSEN-281800116004
281800116005,SSEN,37.0,16718.0,2024-12-07 18:30:00+00:00,"{'x': -0.373581, 'y': 51.46935}",SSEN-2818001160,SSEN-281800116005
281800116001,SSEN,33.0,18766.0,2024-12-07 19:00:00+00:00,"{'x': -0.373581, 'y': 51.46935}",SSEN-2818001160,SSEN-281800116001
281800116002,SSEN,16.0,9026.0,2024-12-07 19:00:00+00:00,"{'x': -0.373581, 'y': 51.46935}",SSEN-2818001160,SSEN-281800116002
281800116004,SSEN,13.0,4872.0,2024-12-07 19:00:00+00:00,"{'x': -0.373581, 'y': 51.46935}",SSEN-2818001160,SSEN-281800116004
281800116005,SSEN,37.0,16033.0,2024-12-07 19:00:00+00:00,"{'x': -0.373581, 'y': 51.46935}",SSEN-2818001160,SSEN-281800116005
281800116001,SSEN,33.0,13952.0,2024-12-07 19:30:00+00:00,"{'x': -0.373581, 'y': 51.46935}",SSEN-2818001160,SSEN-281800116001
281800116002,SSEN,16.0,9046.0,2024-12-07 19:30:00+00:00,"{'x': -0.373581, 'y': 51.46935}",SSEN-2818001160,SSEN-281800116002
281800116004,SSEN,13.0,4403.0,2024-12-07 19:30:00+00:00,"{'x': -0.373581, 'y': 51.46935}",SSEN-2818001160,SSEN-281800116004
281800116005,SSEN,37.0,12520.0,2024-12-07 19:30:00+00:00,"{'x': -0.373581, 'y': 51.46935}",SSEN-2818001160,SSEN-281800116005
281800116001,SSEN,33.0,13394.0,2024-12-07 20:00:00+00:00,"{'x': -0.373581, 'y': 51.46935}",SSEN-2818001160,SSEN-281800116001
281800116002,SSEN,16.0,8624.0,2024-12-07 20:00:00+00:00,"{'x': -0.373581, 'y': 51.46935}",SSEN-2818001160,SSEN-281800116002
281800116004,SSEN,13.0,4804.0,2024-12-07 20:00:00+00:00,"{'x': -0.373581, 'y': 51.46935}",SSEN-2818001160,SSEN-281800116004
281800116005,SSEN,37.0,13344.0,2024-12-07 20:00:00+00:00,"{'x': -0.373581, 'y': 51.46935}",SSEN-2818001160,SSEN-281800116005
281800116001,SSEN,33.0,12976.0,2024-12-07 20:30:00+00:00,"{'x': -0.373581, 'y': 51.46935}",SSEN-2818001160,SSEN-281800116001
281800116002,SSEN,16.0,8254.0,2024-12-07 20:30:00+00:00,"{'x': -0.373581, 'y': 51.46935}",SSEN-2818001160,SSEN-281800116002
281800116004,SSEN,13.0,5046.0,2024-12-07 20:30:00+00:00,"{'x': -0.373581, 'y': 51.46935}",SSEN-2818001160,SSEN-281800116004
281800116005,SSEN,37.0,14571.0,2024-12-07 20:30:00+00:00,"{'x': -0.373581, 'y': 51.46935}",SSEN-2818001160,SSEN-281800116005
281800116001,SSEN,33.0,11519.0,2024-12-07 21:00:00+00:00,"{'x': -0.373581, 'y': 51.46935}",SSEN-2818001160,SSEN-281800116001
281800116002,SSEN,16.0,8573.0,2024-12-07 21:00:00+00:00,"{'x': -0.373581, 'y': 51.46935}",SSEN-2818001160,SSEN-281800116002
281800116004,SSEN,13.0,4901.0,2024-12-07 21:00:00+00:00,"{'x': -0.373581, 'y': 51.46935}",SSEN-2818001160,SSEN-281800116004
281800116005,SSEN,37.0,15733.0,2024-12-07 21:00:00+00:00,"{'x': -0.373581, 'y': 51.46935}",SSEN-2818001160,SSEN-281800116005
281800116001,SSEN,33.0,11788.0,2024-12-07 21:30:00+00:00,"{'x': -0.373581, 'y': 51.46935}",SSEN-2818001160,SSEN-281800116001
281800116002,SSEN,16.0,7815.0,2024-12-07 21:30:00+00:00,"{'x': -0.373581, 'y': 51.46935}",SSEN-2818001160,SSEN-281800116002
281800116004,SSEN,13.0,5295.0,2024-12-07 21:30:00+00:00,"{'x': -0.373581, 'y': 51.46935}",SSEN-2818001160,SSEN-281800116004
281800116005,SSEN,37.0,16132.0,2024-12-07 21:30:00+00:00,"{'x': -0.373581, 'y': 51.46935}",SSEN-2818001160,SSEN-281800116005
281800116001,SSEN,33.0,10337.0,2024-12-07 22:00:00+00:00,"{'x': -0.373581, 'y': 51.46935}",SSEN-2818001160,SSEN-281800116001
281800116002,SSEN,16.0,9378.0,2024-12-07 22:00:00+00:00,"{'x': -0.373581, 'y': 51.46935}",SSEN-2818001160,SSEN-281800116002
281800116004,SSEN,13.0,5827.0,2024-12-07 22:00:00+00:00,"{'x': -0.373581, 'y': 51.46935}",SSEN-2818001160,SSEN-281800116004
281800116005,SSEN,37.0,15576.0,2024-12-07 22:00:00+00:00,"{'x': -0.373581, 'y': 51.46935}",SSEN-2818001160,SSEN-281800116005
281800116001,SSEN,33.0,9189.0,2024-12-07 22:30:00+00:00,"{'x': -0.373581, 'y': 51.46935}",SSEN-2818001160,SSEN-281800116001
281800116002,SSEN,16.0,9202.0,2024-12-07 22:30:00+00:00,"{'x': -0.373581, 'y': 51.46935}",SSEN-2818001160,SSEN-281800116002
281800116004,SSEN,13.0,4869.0,2024-12-07 22:30:00+00:00,"{'x': -0.373581, 'y': 51.46935}",SSEN-2818001160,SSEN-281800116004
281800116005,SSEN,37.0,17598.0,2024-12-07 22:30:00+00:00,"{'x': -0.373581, 'y': 51.46935}",SSEN-2818001160,SSEN-281800116005
281800116001,SSEN,33.0,10271.0,2024-12-07 23:00:00+00:00,"{'x': -0.373581, 'y': 51.46935}",SSEN-2818001160,SSEN-281800116001
281800116002,SSEN,16.0,5772.0,2024-12-07 23:00:00+00:00,"{'x': -0.373581, 'y': 51.46935}",SSEN-2818001160,SSEN-281800116002
281800116004,SSEN,13.0,5129.0,2024-12-07 23:00:00+00:00,"{'x': -0.373581, 'y': 51.46935}",SSEN-2818001160,SSEN-281800116004
281800116005,SSEN,37.0,16405.0,2024-12-07 23:00:00+00:00,"{'x': -0.373581, 'y': 51.46935}",SSEN-2818001160,SSEN-281800116005
281800116001,SSEN,33.0,10381.0,2024-12-07 23:30:00+00:00,"{'x': -0.373581, 'y': 51.46935}",SSEN-2818001160,SSEN-281800116001
281800116002,SSEN,16.0,9231.0,2024-12-07 23:30:00+00:00,"{'x': -0.373581, 'y': 51.46935}",SSEN-2818001160,SSEN-281800116002
281800116004,SSEN,13.0,4933.0,2024-12-07 23:30:00+00:00,"{'x': -0.373581, 'y': 51.46935}",SSEN-2818001160,SSEN-281800116004
281800116005,SSEN,37.0,18029.0,2024-12-07 23:30:00+00:00,"{'x': -0.373581, 'y': 51.46935}",SSEN-2818001160,SSEN-281800116005
281800116001,SSEN,33.0,11510.0,2024-12-08 00:00:00+00:00,"{'x': -0.373581, 'y': 51.46935}",SSEN-2818001160,SSEN-281800116001
281800116002,SSEN,16.0,7991.0,2024-12-08 00:00:00+00:00,"{'x': -0.373581, 'y': 51.46935}",SSEN-2818001160,SSEN-281800116002
281800116004,SSEN,13.0,4545.0,2024-12-08 00:00:00+00:00,"{'x': -0.373581, 'y': 51.46935}",SSEN-2818001160,SSEN-281800116004
281800116005,SSEN,37.0,15856.0,2024-12-08 00:00:00+00:00,"{'x': -0.373581, 'y': 51.46935}",SSEN-2818001160,SSEN-281800116005
281800116001,SSEN,46.0,14133.0,2024-12-08 00:30:00+00:00,"{'x': -0.373581, 'y': 51.46935}",SSEN-2818001160,SSEN-281800116001
281800116002,SSEN,19.0,11275.0,2024-12-08 00:30:00+00:00,"{'x': -0.373581, 'y': 51.46935}",SSEN-2818001160,SSEN-281800116002
281800116004,SSEN,18.0,4551.0,2024-12-08 00:30:00+00:00,"{'x': -0.373581, 'y': 51.46935}",SSEN-2818001160,SSEN-281800116004
281800116005,SSEN,43.0,16517.0,2024-12-08 00:30:00+00:00,"{'x': -0.373581, 'y': 51.46935}",SSEN-2818001160,SSEN-281800116005
281800116001,SSEN,46.0,12438.0,2024-12-08 01:00:00+00:00,"{'x': -0.373581, 'y': 51.46935}",SSEN-2818001160,SSEN-281800116001
281800116002,SSEN,19.0,9276.0,2024-12-08 01:00:00+00:00,"{'x': -0.373581, 'y': 51.46935}",SSEN-2818001160,SSEN-281800116002
281800116004,SSEN,18.0,4137.0,2024-12-08 01:00:00+00:00,"{'x': -0.373581, 'y': 51.46935}",SSEN-2818001160,SSEN-281800116004
281800116005,SSEN,43.0,14055.0,2024-12-08 01:00:00+00:00,"{'x': -0.373581, 'y': 51.46935}",SSEN-2818001160,SSEN-281800116005
281800116001,SSEN,46.0,11355.0,2024-12-08 01:30:00+00:00,"{'x': -0.373581, 'y': 51.46935}",SSEN-2818001160,SSEN-281800116001
281800116002,SSEN,19.0,7924.0,2024-12-08 01:30:00+00:00,"{'x': -0.373581, 'y': 51.46935}",SSEN-2818001160,SSEN-281800116002
281800116004,SSEN,18.0,4029.0,2024-12-08 01:30:00+00:00,"{'x': -0.373581, 'y': 51.46935}",SSEN-2818001160,SSEN-281800116004
281800116005,SSEN,43.0,13806.0,2024-12-08 01:30:00+00:00,"{'x': -0.373581, 'y': 51.46935}",SSEN-2818001160,SSEN-281800116005
281800116001,SSEN,46.0,11094.0,2024-12-08 02:00:00+00:00,"{'x': -0.373581, 'y': 51.46935}",SSEN-2818001160,SSEN-281800116001
281800116002,SSEN,19.0,5894.0,2024-12-08 02:00:00+00:00,"{'x': -0.373581, 'y': 51.46935}",SSEN-2818001160,SSEN-281800116002
281800116004,SSEN,18.0,3761.0,2024-12-08 02:00:00+00:00,"{'x': -0.373581, 'y': 51.46935}",SSEN-2818001160,SSEN-281800116004
281800116005,SSEN,43.0,12382.0,2024-12-08 02:00:00+00:00,"{'x': -0.373581, 'y': 51.46935}",SSEN-2818001160,SSEN-281800116005
281800116001,SSEN,46.0,11130.0,2024-12-08 02:30:00+00:00,"{'x': -0.373581, 'y': 51.46935}",SSEN-2818001160,SSEN-281800116001
281800116002,SSEN,19.0,6743.0,2024-12-08 02:30:00+00:00,"{'x': -0.373581, 'y': 51.46935}",SSEN-2818001160,SSEN-281800116002
281800116004,SSEN,18.0,3704.0,2024-12-08 02:30:00+00:00,"{'x': -0.373581, 'y': 51.46935}",SSEN-2818001160,SSEN-281800116004
281800116005,SSEN,43.0,13018.0,2024-12-08 02:30:00+00:00,"{'x': -0.373581, 'y': 51.46935}",SSEN-2818001160,SSEN-281800116005
281800116001,SSEN,46.0,8545.0,2024-12-08 03:00:00+00:00,"{'x': -0.373581, 'y': 51.46935}",SSEN-2818001160,SSEN-281800116001
281800116002,SSEN,19.0,7478.0,2024-12-08 03:00:00+00:00,"{'x': -0.373581, 'y': 51.46935}",SSEN-2818001160,SSEN-281800116002
281800116004,SSEN,18.0,3729.0,2024-12-08 03:00:00+00:00,"{'x': -0.373581, 'y': 51.46935}",SSEN-2818001160,SSEN-281800116004
281800116005,SSEN,43.0,11427.0,2024-12-08 03:00:00+00:00,"{'x': -0.373581, 'y': 51.46935}",SSEN-2818001160,SSEN-281800116005
281800116001,SSEN,46.0,7864.0,2024-12-08 03:30:00+00:00,"{'x': -0.373581, 'y': 51.46935}",SSEN-2818001160,SSEN-281800116001
281800116002,SSEN,19.0,6241.0,2024-12-08 03:30:00+00:00,"{'x': -0.373581, 'y': 51.46935}",SSEN-2818001160,SSEN-281800116002
281800116004,SSEN,18.0,3829.0,2024-12-08 03:30:00+00:00,"{'x': -0.373581, 'y': 51.46935}",SSEN-2818001160,SSEN-281800116004
281800116005,SSEN,43.0,11010.0,2024-12-08 03:30:00+00:00,"{'x': -0.373581, 'y': 51.46935}",SSEN-2818001160,SSEN-281800116005
281800116001,SSEN,46.0,7509.0,2024-12-08 04:00:00+00:00,"{'x': -0.373581, 'y': 51.46935}",SSEN-2818001160,SSEN-281800116001
281800116002,SSEN,19.0,4753.0,2024-12-08 04:00:00+00:00,"{'x': -0.373581, 'y': 51.46935}",SSEN-2818001160,SSEN-281800116002
281800116004,SSEN,18.0,3959.0,2024-12-08 04:00:00+00:00,"{'x': -0.373581, 'y': 51.46935}",SSEN-2818001160,SSEN-281800116004
281800116005,SSEN,43.0,12146.0,2024-12-08 04:00:00+00:00,"{'x': -0.373581, 'y': 51.46935}",SSEN-2818001160,SSEN-281800116005
281800116001,SSEN,46.0,8949.0,2024-12-08 04:30:00+00:00,"{'x': -0.373581, 'y': 51.46935}",SSEN-2818001160,SSEN-281800116001
281800116002,SSEN,19.0,2581.0,2024-12-08 04:30:00+00:00,"{'x': -0.373581, 'y': 51.46935}",SSEN-2818001160,SSEN-281800116002
281800116004,SSEN,18.0,3889.0,2024-12-08 04:30:00+00:00,"{'x': -0.373581, 'y': 51.46935}",SSEN-2818001160,SSEN-281800116004
281800116005,SSEN,43.0,12029.0,2024-12-08 04:30:00+00:00,"{'x': -0.373581, 'y': 51.46935}",SSEN-2818001160,SSEN-281800116005
281800116001,SSEN,46.0,10090.0,2024-12-08 05:00:00+00:00,"{'x': -0.373581, 'y': 51.46935}",SSEN-2818001160,SSEN-281800116001
281800116002,SSEN,19.0,4712.0,2024-12-08 05:00:00+00:00,"{'x': -0.373581, 'y': 51.46935}",SSEN-2818001160,SSEN-281800116002
281800116004,SSEN,18.0,3878.0,2024-12-08 05:00:00+00:00,"{'x': -0.373581, 'y': 51.46935}",SSEN-2818001160,SSEN-281800116004
281800116005,SSEN,43.0,9349.0,2024-12-08 05:00:00+00:00,"{'x': -0.373581, 'y': 51.46935}",SSEN-2818001160,SSEN-281800116005
281800116001,SSEN,46.0,9577.0,2024-12-08 05:30:00+00:00,"{'x': -0.373581, 'y': 51.46935}",SSEN-2818001160,SSEN-281800116001
281800116002,SSEN,19.0,3632.0,2024-12-08 05:30:00+00:00,"{'x': -0.373581, 'y': 51.46935}",SSEN-2818001160,SSEN-281800116002
281800116004,SSEN,18.0,3948.0,2024-12-08 05:30:00+00:00,"{'x': -0.373581, 'y': 51.46935}",SSEN-2818001160,SSEN-281800116004
281800116005,SSEN,43.0,8004.0,2024-12-08 05:30:00+00:00,"{'x': -0.373581, 'y': 51.46935}",SSEN-2818001160,SSEN-281800116005
281800116001,SSEN,46.0,11600.0,2024-12-08 06:00:00+00:00,"{'x': -0.373581, 'y': 51.46935}",SSEN-2818001160,SSEN-281800116001
281800116002,SSEN,19.0,2985.0,2024-12-08 06:00:00+00:00,"{'x': -0.373581, 'y': 51.46935}",SSEN-2818001160,SSEN-281800116002
281800116004,SSEN,18.0,3910.0,2024-12-08 06:00:00+00:00,"{'x': -0.373581, 'y': 51.46935}",SSEN-2818001160,SSEN-281800116004
281800116005,SSEN,43.0,6199.0,2024-12-08 06:00:00+00:00,"{'x': -0.373581, 'y': 51.46935}",SSEN-2818001160,SSEN-281800116005
281800116001,SSEN,46.0,10109.0,2024-12-08 06:30:00+00:00,"{'x': -0.373581, 'y': 51.46935}",SSEN-2818001160,SSEN-281800116001
281800116002,SSEN,19.0,4697.0,2024-12-08 06:30:00+00:00,"{'x': -0.373581, 'y': 51.46935}",SSEN-2818001160,SSEN-281800116002
281800116004,SSEN,18.0,4149.0,2024-12-08 06:30:00+00:00,"{'x': -0.373581, 'y': 51.46935}",SSEN-2818001160,SSEN-281800116004
281800116005,SSEN,43.0,9436.0,2024-12-08 06:30:00+00:00,"{'x': -0.373581, 'y': 51.46935}",SSEN-2818001160,SSEN-281800116005
281800116001,SSEN,46.0,10020.0,2024-12-08 07:00:00+00:00,"{'x': -0.373581, 'y': 51.46935}",SSEN-2818001160,SSEN-281800116001
281800116002,SSEN,19.0,5900.0,2024-12-08 07:00:00+00:00,"{'x': -0.373581, 'y': 51.46935}",SSEN-2818001160,SSEN-281800116002
281800116004,SSEN,18.0,4753.0,2024-12-08 07:00:00+00:00,"{'x': -0.373581, 'y': 51.46935}",SSEN-2818001160,SSEN-281800116004
281800116005,SSEN,43.0,14691.0,2024-12-08 07:00:00+00:00,"{'x': -0.373581, 'y': 51.46935}",SSEN-2818001160,SSEN-281800116005
281800116001,SSEN,46.0,10510.0,2024-12-08 07:30:00+00:00,"{'x': -0.373581, 'y': 51.46935}",SSEN-2818001160,SSEN-281800116001
281800116002,SSEN,19.0,3585.0,2024-12-08 07:30:00+00:00,"{'x': -0.373581, 'y': 51.46935}",SSEN-2818001160,SSEN-281800116002
281800116004,SSEN,18.0,4708.0,2024-12-08 07:30:00+00:00,"{'x': -0.373581, 'y': 51.46935}",SSEN-2818001160,SSEN-281800116004
281800116005,SSEN,43.0,12421.0,2024-12-08 07:30:00+00:00,"{'x': -0.373581, 'y': 51.46935}",SSEN-2818001160,SSEN-281800116005
281800116001,SSEN,46.0,10893.0,2024-12-08 08:00:00+00:00,"{'x': -0.373581, 'y': 51.46935}",SSEN-2818001160,SSEN-281800116001
281800116002,SSEN,19.0,3354.0,2024-12-08 08:00:00+00:00,"{'x': -0.373581, 'y': 51.46935}",SSEN-2818001160,SSEN-281800116002
281800116004,SSEN,18.0,4871.0,2024-12-08 08:00:00+00:00,"{'x': -0.373581, 'y': 51.46935}",SSEN-2818001160,SSEN-281800116004
281800116005,SSEN,43.0,9635.0,2024-12-08 08:00:00+00:00,"{'x': -0.373581, 'y': 51.46935}",SSEN-2818001160,SSEN-281800116005
281800116001,SSEN,46.0,10932.0,2024-12-08 08:30:00+00:00,"{'x': -0.373581, 'y': 51.46935}",SSEN-2818001160,SSEN-281800116001
281800116002,SSEN,19.0,4360.0,2024-12-08 08:30:00+00:00,"{'x': -0.373581, 'y': 51.46935}",SSEN-2818001160,SSEN-281800116002
281800116004,SSEN,18.0,3900.0,2024-12-08 08:30:00+00:00,"{'x': -0.373581, 'y': 51.46935}",SSEN-2818001160,SSEN-281800116004
281800116005,SSEN,43.0,11682.0,2024-12-08 08:30:00+00:00,"{'x': -0.373581, 'y': 51.46935}",SSEN-2818001160,SSEN-281800116005
281800116001,SSEN,46.0,12305.0,2024-12-08 09:00:00+00:00,"{'x': -0.373581, 'y': 51.46935}",SSEN-2818001160,SSEN-281800116001
281800116002,SSEN,19.0,3900.0,2024-12-08 09:00:00+00:00,"{'x': -0.373581, 'y': 51.46935}",SSEN-2818001160,SSEN-281800116002
281800116004,SSEN,18.0,3595.0,2024-12-08 09:00:00+00:00,"{'x': -0.373581, 'y': 51.46935}",SSEN-2818001160,SSEN-281800116004
281800116005,SSEN,43.0,14377.0,2024-12-08 09:00:00+00:00,"{'x': -0.373581, 'y': 51.46935}",SSEN-2818001160,SSEN-281800116005
281800116001,SSEN,46.0,15420.0,2024-12-08 09:30:00+00:00,"{'x': -0.373581, 'y': 51.46935}",SSEN-2818001160,SSEN-281800116001
281800116002,SSEN,19.0,4776.0,2024-12-08 09:30:00+00:00,"{'x': -0.373581, 'y': 51.46935}",SSEN-2818001160,SSEN-281800116002
281800116004,SSEN,18.0,3680.0,2024-12-08 09:30:00+00:00,"{'x': -0.373581, 'y': 51.46935}",SSEN-2818001160,SSEN-281800116004
281800116005,SSEN,43.0,15402.0,2024-12-08 09:30:00+00:00,"{'x': -0.373581, 'y': 51.46935}",SSEN-2818001160,SSEN-281800116005
281800116001,SSEN,46.0,14699.0,2024-12-08 10:00:00+00:00,"{'x': -0.373581, 'y': 51.46935}",SSEN-2818001160,SSEN-281800116001
281800116002,SSEN,19.0,5411.0,2024-12-08 10:00:00+00:00,"{'x': -0.373581, 'y': 51.46935}",SSEN-2818001160,SSEN-281800116002
281800116004,SSEN,18.0,4243.0,2024-12-08 10:00:00+00:00,"{'x': -0.373581, 'y': 51.46935}",SSEN-2818001160,SSEN-281800116004
281800116005,SSEN,43.0,15127.0,2024-12-08 10:00:00+00:00,"{'x': -0.373581, 'y': 51.46935}",SSEN-2818001160,SSEN-281800116005
281800116001,SSEN,46.0,16608.0,2024-12-08 10:30:00+00:00,"{'x': -0.373581, 'y': 51.46935}",SSEN-2818001160,SSEN-281800116001
281800116002,SSEN,19.0,4417.0,2024-12-08 10:30:00+00:00,"{'x': -0.373581, 'y': 51.46935}",SSEN-2818001160,SSEN-281800116002
281800116004,SSEN,18.0,6950.0,2024-12-08 10:30:00+00:00,"{'x': -0.373581, 'y': 51.46935}",SSEN-2818001160,SSEN-281800116004
281800116005,SSEN,43.0,17218.0,2024-12-08 10:30:00+00:00,"{'x': -0.373581, 'y': 51.46935}",SSEN-2818001160,SSEN-281800116005
281800116001,SSEN,46.0,16632.0,2024-12-08 11:00:00+00:00,"{'x': -0.373581, 'y': 51.46935}",SSEN-2818001160,SSEN-281800116001
281800116002,SSEN,19.0,4135.0,2024-12-08 11:00:00+00:00,"{'x': -0.373581, 'y': 51.46935}",SSEN-2818001160,SSEN-281800116002
281800116004,SSEN,18.0,14303.0,2024-12-08 11:00:00+00:00,"{'x': -0.373581, 'y': 51.46935}",SSEN-2818001160,SSEN-281800116004
281800116005,SSEN,43.0,19662.0,2024-12-08 11:00:00+00:00,"{'x': -0.373581, 'y': 51.46935}",SSEN-2818001160,SSEN-281800116005
281800116001,SSEN,46.0,18590.0,2024-12-08 11:30:00+00:00,"{'x': -0.373581, 'y': 51.46935}",SSEN-2818001160,SSEN-281800116001
281800116002,SSEN,19.0,4845.0,2024-12-08 11:30:00+00:00,"{'x': -0.373581, 'y': 51.46935}",SSEN-2818001160,SSEN-281800116002
281800116004,SSEN,18.0,15055.0,2024-12-08 11:30:00+00:00,"{'x': -0.373581, 'y': 51.46935}",SSEN-2818001160,SSEN-281800116004
281800116005,SSEN,43.0,18250.0,2024-12-08 11:30:00+00:00,"{'x': -0.373581, 'y': 51.46935}",SSEN-2818001160,SSEN-281800116005
281800116001,SSEN,46.0,17595.0,2024-12-08 12:00:00+00:00,"{'x': -0.373581, 'y': 51.46935}",SSEN-2818001160,SSEN-281800116001
281800116002,SSEN,19.0,5909.0,2024-12-08 12:00:00+00:00,"{'x': -0.373581, 'y': 51.46935}",SSEN-2818001160,SSEN-281800116002
281800116004,SSEN,18.0,15529.0,2024-12-08 12:00:00+00:00,"{'x': -0.373581, 'y': 51.46935}",SSEN-2818001160,SSEN-281800116004
281800116005,SSEN,43.0,19908.0,2024-12-08 12:00:00+00:00,"{'x': -0.373581, 'y': 51.46935}",SSEN-2818001160,SSEN-281800116005
281800116001,SSEN,46.0,17233.0,2024-12-08 12:30:00+00:00,"{'x': -0.373581, 'y': 51.46935}",SSEN-2818001160,SSEN-281800116001
281800116002,SSEN,19.0,6228.0,2024-12-08 12:30:00+00:00,"{'x': -0.373581, 'y': 51.46935}",SSEN-2818001160,SSEN-281800116002
281800116004,SSEN,18.0,15233.0,2024-12-08 12:30:00+00:00,"{'x': -0.373581, 'y': 51.46935}",SSEN-2818001160,SSEN-281800116004
281800116005,SSEN,43.0,18498.0,2024-12-08 12:30:00+00:00,"{'x': -0.373581, 'y': 51.46935}",SSEN-2818001160,SSEN-281800116005
281800116001,SSEN,46.0,17205.0,2024-12-08 13:00:00+00:00,"{'x': -0.373581, 'y': 51.46935}",SSEN-2818001160,SSEN-281800116001
281800116002,SSEN,19.0,7417.0,2024-12-08 13:00:00+00:00,"{'x': -0.373581, 'y': 51.46935}",SSEN-2818001160,SSEN-281800116002
281800116004,SSEN,18.0,15468.0,2024-12-08 13:00:00+00:00,"{'x': -0.373581, 'y': 51.46935}",SSEN-2818001160,SSEN-281800116004
281800116005,SSEN,43.0,18075.0,2024-12-08 13:00:00+00:00,"{'x': -0.373581, 'y': 51.46935}",SSEN-2818001160,SSEN-281800116005
281800116001,SSEN,46.0,15637.0,2024-12-08 13:30:00+00:00,"{'x': -0.373581, 'y': 51.46935}",SSEN-2818001160,SSEN-281800116001
281800116002,SSEN,19.0,7784.0,2024-12-08 13:30:00+00:00,"{'x': -0.373581, 'y': 51.46935}",SSEN-2818001160,SSEN-281800116002
281800116004,SSEN,18.0,15597.0,2024-12-08 13:30:00+00:00,"{'x': -0.373581, 'y': 51.46935}",SSEN-2818001160,SSEN-281800116004
281800116005,SSEN,43.0,17566.0,2024-12-08 13:30:00+00:00,"{'x': -0.373581, 'y': 51.46935}",SSEN-2818001160,SSEN-281800116005
281800116001,SSEN,46.0,12544.0,2024-12-08 14:00:00+00:00,"{'x': -0.373581, 'y': 51.46935}",SSEN-2818001160,SSEN-281800116001
281800116002,SSEN,19.0,8469.0,2024-12-08 14:00:00+00:00,"{'x': -0.373581, 'y': 51.46935}",SSEN-2818001160,SSEN-281800116002
281800116004,SSEN,18.0,6736.0,2024-12-08 14:00:00+00:00,"{'x': -0.373581, 'y': 51.46935}",SSEN-2818001160,SSEN-281800116004
281800116005,SSEN,43.0,17805.0,2024-12-08 14:00:00+00:00,"{'x': -0.373581, 'y': 51.46935}",SSEN-2818001160,SSEN-281800116005
281800116001,SSEN,46.0,14801.0,2024-12-08 14:30:00+00:00,"{'x': -0.373581, 'y': 51.46935}",SSEN-2818001160,SSEN-281800116001
281800116002,SSEN,19.0,8008.0,2024-12-08 14:30:00+00:00,"{'x': -0.373581, 'y': 51.46935}",SSEN-2818001160,SSEN-281800116002
281800116004,SSEN,18.0,7420.0,2024-12-08 14:30:00+00:00,"{'x': -0.373581, 'y': 51.46935}",SSEN-2818001160,SSEN-281800116004
281800116005,SSEN,43.0,15607.0,2024-12-08 14:30:00+00:00,"{'x': -0.373581, 'y': 51.46935}",SSEN-2818001160,SSEN-281800116005
281800116001,SSEN,46.0,14233.0,2024-12-08 15:00:00+00:00,"{'x': -0.373581, 'y': 51.46935}",SSEN-2818001160,SSEN-281800116001
281800116002,SSEN,19.0,8504.0,2024-12-08 15:00:00+00:00,"{'x': -0.373581, 'y': 51.46935}",SSEN-2818001160,SSEN-281800116002
281800116004,SSEN,18.0,5937.0,2024-12-08 15:00:00+00:00,"{'x': -0.373581, 'y': 51.46935}",SSEN-2818001160,SSEN-281800116004
281800116005,SSEN,43.0,18081.0,2024-12-08 15:00:00+00:00,"{'x': -0.373581, 'y': 51.46935}",SSEN-2818001160,SSEN-281800116005
281800116001,SSEN,46.0,18847.0,2024-12-08 15:30:00+00:00,"{'x': -0.373581, 'y': 51.46935}",SSEN-2818001160,SSEN-281800116001
281800116002,SSEN,19.0,7277.0,2024-12-08 15:30:00+00:00,"{'x': -0.373581, 'y': 51.46935}",SSEN-2818001160,SSEN-281800116002
281800116004,SSEN,18.0,7055.0,2024-12-08 15:30:00+00:00,"{'x': -0.373581, 'y': 51.46935}",SSEN-2818001160,SSEN-281800116004
281800116005,SSEN,43.0,15114.0,2024-12-08 15:30:00+00:00,"{'x': -0.373581, 'y': 51.46935}",SSEN-2818001160,SSEN-281800116005
281800116001,SSEN,46.0,15797.0,2024-12-08 16:00:00+00:00,"{'x': -0.373581, 'y': 51.46935}",SSEN-2818001160,SSEN-281800116001
281800116002,SSEN,19.0,7540.0,2024-12-08 16:00:00+00:00,"{'x': -0.373581, 'y': 51.46935}",SSEN-2818001160,SSEN-281800116002
281800116004,SSEN,18.0,8339.0,2024-12-08 16:00:00+00:00,"{'x': -0.373581, 'y': 51.46935}",SSEN-2818001160,SSEN-281800116004
281800116005,SSEN,43.0,16321.0,2024-12-08 16:00:00+00:00,"{'x': -0.373581, 'y': 51.46935}",SSEN-2818001160,SSEN-281800116005
281800116001,SSEN,46.0,17282.0,2024-12-08 16:30:00+00:00,"{'x': -0.373581, 'y': 51.46935}",SSEN-2818001160,SSEN-281800116001
281800116002,SSEN,19.0,8324.0,2024-12-08 16:30:00+00:00,"{'x': -0.373581, 'y': 51.46935}",SSEN-2818001160,SSEN-281800116002
281800116004,SSEN,18.0,7204.0,2024-12-08 16:30:00+00:00,"{'x': -0.373581, 'y': 51.46935}",SSEN-2818001160,SSEN-281800116004
281800116005,SSEN,43.0,18932.0,2024-12-08 16:30:00+00:00,"{'x': -0.373581, 'y': 51.46935}",SSEN-2818001160,SSEN-281800116005
281800116001,SSEN,46.0,19124.0,2024-12-08 17:00:00+00:00,"{'x': -0.373581, 'y': 51.46935}",SSEN-2818001160,SSEN-281800116001
281800116002,SSEN,19.0,6945.0,2024-12-08 17:00:00+00:00,"{'x': -0.373581, 'y': 51.46935}",SSEN-2818001160,SSEN-281800116002
281800116004,SSEN,18.0,5172.0,2024-12-08 17:00:00+00:00,"{'x': -0.373581, 'y': 51.46935}",SSEN-2818001160,SSEN-281800116004
281800116005,SSEN,43.0,19394.0,2024-12-08 17:00:00+00:00,"{'x': -0.373581, 'y': 51.46935}",SSEN-2818001160,SSEN-281800116005
281800116001,SSEN,46.0,20609.0,2024-12-08 17:30:00+00:00,"{'x': -0.373581, 'y': 51.46935}",SSEN-2818001160,SSEN-281800116001
281800116002,SSEN,19.0,8357.0,2024-12-08 17:30:00+00:00,"{'x': -0.373581, 'y': 51.46935}",SSEN-2818001160,SSEN-281800116002
281800116004,SSEN,18.0,7728.0,2024-12-08 17:30:00+00:00,"{'x': -0.373581, 'y': 51.46935}",SSEN-2818001160,SSEN-281800116004
281800116005,SSEN,43.0,17934.0,2024-12-08 17:30:00+00:00,"{'x': -0.373581, 'y': 51.46935}",SSEN-2818001160,SSEN-281800116005
281800116001,SSEN,46.0,20051.0,2024-12-08 18:00:00+00:00,"{'x': -0.373581, 'y': 51.46935}",SSEN-2818001160,SSEN-281800116001
281800116002,SSEN,19.0,7726.0,2024-12-08 18:00:00+00:00,"{'x': -0.373581, 'y': 51.46935}",SSEN-2818001160,SSEN-281800116002
281800116004,SSEN,18.0,5563.0,2024-12-08 18:00:00+00:00,"{'x': -0.373581, 'y': 51.46935}",SSEN-2818001160,SSEN-281800116004
281800116005,SSEN,43.0,19474.0,2024-12-08 18:00:00+00:00,"{'x': -0.373581, 'y': 51.46935}",SSEN-2818001160,SSEN-281800116005
281800116001,SSEN,46.0,19731.0,2024-12-08 18:30:00+00:00,"{'x': -0.373581, 'y': 51.46935}",SSEN-2818001160,SSEN-281800116001
281800116002,SSEN,19.0,6931.0,2024-12-08 18:30:00+00:00,"{'x': -0.373581, 'y': 51.46935}",SSEN-2818001160,SSEN-281800116002
281800116004,SSEN,18.0,6442.0,2024-12-08 18:30:00+00:00,"{'x': -0.373581, 'y': 51.46935}",SSEN-2818001160,SSEN-281800116004
281800116005,SSEN,43.0,20750.0,2024-12-08 18:30:00+00:00,"{'x': -0.373581, 'y': 51.46935}",SSEN-2818001160,SSEN-281800116005
281800116001,SSEN,46.0,15004.0,2024-12-08 19:00:00+00:00,"{'x': -0.373581, 'y': 51.46935}",SSEN-2818001160,SSEN-281800116001
281800116002,SSEN,19.0,8547.0,2024-12-08 19:00:00+00:00,"{'x': -0.373581, 'y': 51.46935}",SSEN-2818001160,SSEN-281800116002
281800116004,SSEN,18.0,8553.0,2024-12-08 19:00:00+00:00,"{'x': -0.373581, 'y': 51.46935}",SSEN-2818001160,SSEN-281800116004
281800116005,SSEN,43.0,21746.0,2024-12-08 19:00:00+00:00,"{'x': -0.373581, 'y': 51.46935}",SSEN-2818001160,SSEN-281800116005
281800116001,SSEN,46.0,14757.0,2024-12-08 19:30:00+00:00,"{'x': -0.373581, 'y': 51.46935}",SSEN-2818001160,SSEN-281800116001
281800116002,SSEN,19.0,7689.0,2024-12-08 19:30:00+00:00,"{'x': -0.373581, 'y': 51.46935}",SSEN-2818001160,SSEN-281800116002
281800116004,SSEN,18.0,5937.0,2024-12-08 19:30:00+00:00,"{'x': -0.373581, 'y': 51.46935}",SSEN-2818001160,SSEN-281800116004
281800116005,SSEN,43.0,23405.0,2024-12-08 19:30:00+00:00,"{'x': -0.373581, 'y': 51.46935}",SSEN-2818001160,SSEN-281800116005
281800116001,SSEN,46.0,17335.0,2024-12-08 20:00:00+00:00,"{'x': -0.373581, 'y': 51.46935}",SSEN-2818001160,SSEN-281800116001
281800116002,SSEN,19.0,6878.0,2024-12-08 20:00:00+00:00,"{'x': -0.373581, 'y': 51.46935}",SSEN-2818001160,SSEN-281800116002
281800116004,SSEN,18.0,4499.0,2024-12-08 20:00:00+00:00,"{'x': -0.373581, 'y': 51.46935}",SSEN-2818001160,SSEN-281800116004
281800116005,SSEN,43.0,21743.0,2024-12-08 20:00:00+00:00,"{'x': -0.373581, 'y': 51.46935}",SSEN-2818001160,SSEN-281800116005
281800116001,SSEN,46.0,18392.0,2024-12-08 20:30:00+00:00,"{'x': -0.373581, 'y': 51.46935}",SSEN-2818001160,SSEN-281800116001
281800116002,SSEN,19.0,8104.0,2024-12-08 20:30:00+00:00,"{'x': -0.373581, 'y': 51.46935}",SSEN-2818001160,SSEN-281800116002
281800116004,SSEN,18.0,5076.0,2024-12-08 20:30:00+00:00,"{'x': -0.373581, 'y': 51.46935}",SSEN-2818001160,SSEN-281800116004
281800116005,SSEN,43.0,17911.0,2024-12-08 20:30:00+00:00,"{'x': -0.373581, 'y': 51.46935}",SSEN-2818001160,SSEN-281800116005
281800116001,SSEN,46.0,15908.0,2024-12-08 21:00:00+00:00,"{'x': -0.373581, 'y': 51.46935}",SSEN-2818001160,SSEN-281800116001
281800116002,SSEN,19.0,7166.0,2024-12-08 21:00:00+00:00,"{'x': -0.373581, 'y': 51.46935}",SSEN-2818001160,SSEN-281800116002
281800116004,SSEN,18.0,4539.0,2024-12-08 21:00:00+00:00,"{'x': -0.373581, 'y': 51.46935}",SSEN-2818001160,SSEN-281800116004
281800116005,SSEN,43.0,16921.0,2024-12-08 21:00:00+00:00,"{'x': -0.373581, 'y': 51.46935}",SSEN-2818001160,SSEN-281800116005
281800116001,SSEN,46.0,14790.0,2024-12-08 21:30:00+00:00,"{'x': -0.373581, 'y': 51.46935}",SSEN-2818001160,SSEN-281800116001
281800116002,SSEN,19.0,6271.0,2024-12-08 21:30:00+00:00,"{'x': -0.373581, 'y': 51.46935}",SSEN-2818001160,SSEN-281800116002
281800116004,SSEN,18.0,4762.0,2024-12-08 21:30:00+00:00,"{'x': -0.373581, 'y': 51.46935}",SSEN-2818001160,SSEN-281800116004
281800116005,SSEN,43.0,18354.0,2024-12-08 21:30:00+00:00,"{'x': -0.373581, 'y': 51.46935}",SSEN-2818001160,SSEN-281800116005
281800116001,SSEN,46.0,15733.0,2024-12-08 22:00:00+00:00,"{'x': -0.373581, 'y': 51.46935}",SSEN-2818001160,SSEN-281800116001
281800116002,SSEN,19.0,4879.0,2024-12-08 22:00:00+00:00,"{'x': -0.373581, 'y': 51.46935}",SSEN-2818001160,SSEN-281800116002
281800116004,SSEN,18.0,5359.0,2024-12-08 22:00:00+00:00,"{'x': -0.373581, 'y': 51.46935}",SSEN-2818001160,SSEN-281800116004
281800116005,SSEN,43.0,17044.0,2024-12-08 22:00:00+00:00,"{'x': -0.373581, 'y': 51.46935}",SSEN-2818001160,SSEN-281800116005
281800116001,SSEN,46.0,13216.0,2024-12-08 22:30:00+00:00,"{'x': -0.373581, 'y': 51.46935}",SSEN-2818001160,SSEN-281800116001
281800116002,SSEN,19.0,5661.0,2024-12-08 22:30:00+00:00,"{'x': -0.373581, 'y': 51.46935}",SSEN-2818001160,SSEN-281800116002
281800116004,SSEN,18.0,5723.0,2024-12-08 22:30:00+00:00,"{'x': -0.373581, 'y': 51.46935}",SSEN-2818001160,SSEN-281800116004
281800116005,SSEN,43.0,15144.0,2024-12-08 22:30:00+00:00,"{'x': -0.373581, 'y': 51.46935}",SSEN-2818001160,SSEN-281800116005
281800116001,SSEN,46.0,12054.0,2024-12-08 23:00:00+00:00,"{'x': -0.373581, 'y': 51.46935}",SSEN-2818001160,SSEN-281800116001
281800116002,SSEN,19.0,6893.0,2024-12-08 23:00:00+00:00,"{'x': -0.373581, 'y': 51.46935}",SSEN-2818001160,SSEN-281800116002
281800116004,SSEN,18.0,6348.0,2024-12-08 23:00:00+00:00,"{'x': -0.373581, 'y': 51.46935}",SSEN-2818001160,SSEN-281800116004
281800116005,SSEN,43.0,18275.0,2024-12-08 23:00:00+00:00,"{'x': -0.373581, 'y': 51.46935}",SSEN-2818001160,SSEN-281800116005
281800116001,SSEN,46.0,10137.0,2024-12-08 23:30:00+00:00,"{'x': -0.373581, 'y': 51.46935}",SSEN-2818001160,SSEN-281800116001
281800116002,SSEN,19.0,9521.0,2024-12-08 23:30:00+00:00,"{'x': -0.373581, 'y': 51.46935}",SSEN-2818001160,SSEN-281800116002
281800116004,SSEN,18.0,5226.0,2024-12-08 23:30:00+00:00,"{'x': -0.373581, 'y': 51.46935}",SSEN-2818001160,SSEN-281800116004
281800116005,SSEN,43.0,20234.0,2024-12-08 23:30:00+00:00,"{'x': -0.373581, 'y': 51.46935}",SSEN-2818001160,SSEN-281800116005
281800116001,SSEN,46.0,8924.0,2024-12-09 00:00:00+00:00,"{'x': -0.373581, 'y': 51.46935}",SSEN-2818001160,SSEN-281800116001
281800116002,SSEN,19.0,10461.0,2024-12-09 00:00:00+00:00,"{'x': -0.373581, 'y': 51.46935}",SSEN-2818001160,SSEN-281800116002
281800116004,SSEN,18.0,5041.0,2024-12-09 00:00:00+00:00,"{'x': -0.373581, 'y': 51.46935}",SSEN-2818001160,SSEN-281800116004
281800116005,SSEN,43.0,19442.0,2024-12-09 00:00:00+00:00,"{'x': -0.373581, 'y': 51.46935}",SSEN-2818001160,SSEN-281800116005
281800116001,SSEN,45.0,12122.0,2024-12-09 00:30:00+00:00,"{'x': -0.373581, 'y': 51.46935}",SSEN-2818001160,SSEN-281800116001
281800116002,SSEN,19.0,11513.0,2024-12-09 00:30:00+00:00,"{'x': -0.373581, 'y': 51.46935}",SSEN-2818001160,SSEN-281800116002
281800116004,SSEN,17.0,3178.0,2024-12-09 00:30:00+00:00,"{'x': -0.373581, 'y': 51.46935}",SSEN-2818001160,SSEN-281800116004
281800116005,SSEN,41.0,16430.0,2024-12-09 00:30:00+00:00,"{'x': -0.373581, 'y': 51.46935}",SSEN-2818001160,SSEN-281800116005
281800116001,SSEN,45.0,11808.0,2024-12-09 01:00:00+00:00,"{'x': -0.373581, 'y': 51.46935}",SSEN-2818001160,SSEN-281800116001
281800116002,SSEN,19.0,9932.0,2024-12-09 01:00:00+00:00,"{'x': -0.373581, 'y': 51.46935}",SSEN-2818001160,SSEN-281800116002
281800116004,SSEN,17.0,3089.0,2024-12-09 01:00:00+00:00,"{'x': -0.373581, 'y': 51.46935}",SSEN-2818001160,SSEN-281800116004
281800116005,SSEN,41.0,13349.0,2024-12-09 01:00:00+00:00,"{'x': -0.373581, 'y': 51.46935}",SSEN-2818001160,SSEN-281800116005
281800116001,SSEN,45.0,12161.0,2024-12-09 01:30:00+00:00,"{'x': -0.373581, 'y': 51.46935}",SSEN-2818001160,SSEN-281800116001
281800116002,SSEN,19.0,8091.0,2024-12-09 01:30:00+00:00,"{'x': -0.373581, 'y': 51.46935}",SSEN-2818001160,SSEN-281800116002
281800116004,SSEN,17.0,3231.0,2024-12-09 01:30:00+00:00,"{'x': -0.373581, 'y': 51.46935}",SSEN-2818001160,SSEN-281800116004
281800116005,SSEN,41.0,10953.0,2024-12-09 01:30:00+00:00,"{'x': -0.373581, 'y': 51.46935}",SSEN-2818001160,SSEN-281800116005
281800116001,SSEN,45.0,11501.0,2024-12-09 02:00:00+00:00,"{'x': -0.373581, 'y': 51.46935}",SSEN-2818001160,SSEN-281800116001
281800116002,SSEN,19.0,7075.0,2024-12-09 02:00:00+00:00,"{'x': -0.373581, 'y': 51.46935}",SSEN-2818001160,SSEN-281800116002
281800116004,SSEN,17.0,3899.0,2024-12-09 02:00:00+00:00,"{'x': -0.373581, 'y': 51.46935}",SSEN-2818001160,SSEN-281800116004
281800116005,SSEN,41.0,11167.0,2024-12-09 02:00:00+00:00,"{'x': -0.373581, 'y': 51.46935}",SSEN-2818001160,SSEN-281800116005
281800116001,SSEN,45.0,10657.0,2024-12-09 02:30:00+00:00,"{'x': -0.373581, 'y': 51.46935}",SSEN-2818001160,SSEN-281800116001
281800116002,SSEN,19.0,5761.0,2024-12-09 02:30:00+00:00,"{'x': -0.373581, 'y': 51.46935}",SSEN-2818001160,SSEN-281800116002
281800116004,SSEN,17.0,3572.0,2024-12-09 02:30:00+00:00,"{'x': -0.373581, 'y': 51.46935}",SSEN-2818001160,SSEN-281800116004
281800116005,SSEN,41.0,11759.0,2024-12-09 02:30:00+00:00,"{'x': -0.373581, 'y': 51.46935}",SSEN-2818001160,SSEN-281800116005
281800116001,SSEN,45.0,10666.0,2024-12-09 03:00:00+00:00,"{'x': -0.373581, 'y': 51.46935}",SSEN-2818001160,SSEN-281800116001
281800116002,SSEN,19.0,5810.0,2024-12-09 03:00:00+00:00,"{'x': -0.373581, 'y': 51.46935}",SSEN-2818001160,SSEN-281800116002
281800116004,SSEN,17.0,3675.0,2024-12-09 03:00:00+00:00,"{'x': -0.373581, 'y': 51.46935}",SSEN-2818001160,SSEN-281800116004
281800116005,SSEN,41.0,10665.0,2024-12-09 03:00:00+00:00,"{'x': -0.373581, 'y': 51.46935}",SSEN-2818001160,SSEN-281800116005
281800116001,SSEN,45.0,11094.0,2024-12-09 03:30:00+00:00,"{'x': -0.373581, 'y': 51.46935}",SSEN-2818001160,SSEN-281800116001
281800116002,SSEN,19.0,5979.0,2024-12-09 03:30:00+00:00,"{'x': -0.373581, 'y': 51.46935}",SSEN-2818001160,SSEN-281800116002
281800116004,SSEN,17.0,3112.0,2024-12-09 03:30:00+00:00,"{'x': -0.373581, 'y': 51.46935}",SSEN-2818001160,SSEN-281800116004
281800116005,SSEN,41.0,9490.0,2024-12-09 03:30:00+00:00,"{'x': -0.373581, 'y': 51.46935}",SSEN-2818001160,SSEN-281800116005
281800116001,SSEN,45.0,11425.0,2024-12-09 04:00:00+00:00,"{'x': -0.373581, 'y': 51.46935}",SSEN-2818001160,SSEN-281800116001
281800116002,SSEN,19.0,5749.0,2024-12-09 04:00:00+00:00,"{'x': -0.373581, 'y': 51.46935}",SSEN-2818001160,SSEN-281800116002
281800116004,SSEN,17.0,2440.0,2024-12-09 04:00:00+00:00,"{'x': -0.373581, 'y': 51.46935}",SSEN-2818001160,SSEN-281800116004
281800116005,SSEN,41.0,11714.0,2024-12-09 04:00:00+00:00,"{'x': -0.373581, 'y': 51.46935}",SSEN-2818001160,SSEN-281800116005
281800116001,SSEN,45.0,11504.0,2024-12-09 04:30:00+00:00,"{'x': -0.373581, 'y': 51.46935}",SSEN-2818001160,SSEN-281800116001
281800116002,SSEN,19.0,5843.0,2024-12-09 04:30:00+00:00,"{'x': -0.373581, 'y': 51.46935}",SSEN-2818001160,SSEN-281800116002
281800116004,SSEN,17.0,2256.0,2024-12-09 04:30:00+00:00,"{'x': -0.373581, 'y': 51.46935}",SSEN-2818001160,SSEN-281800116004
281800116005,SSEN,41.0,11240.0,2024-12-09 04:30:00+00:00,"{'x': -0.373581, 'y': 51.46935}",SSEN-2818001160,SSEN-281800116005
281800116001,SSEN,45.0,12025.0,2024-12-09 05:00:00+00:00,"{'x': -0.373581, 'y': 51.46935}",SSEN-2818001160,SSEN-281800116001
281800116002,SSEN,19.0,5729.0,2024-12-09 05:00:00+00:00,"{'x': -0.373581, 'y': 51.46935}",SSEN-2818001160,SSEN-281800116002
281800116004,SSEN,17.0,2254.0,2024-12-09 05:00:00+00:00,"{'x': -0.373581, 'y': 51.46935}",SSEN-2818001160,SSEN-281800116004
281800116005,SSEN,41.0,10619.0,2024-12-09 05:00:00+00:00,"{'x': -0.373581, 'y': 51.46935}",SSEN-2818001160,SSEN-281800116005
281800116001,SSEN,45.0,11308.0,2024-12-09 05:30:00+00:00,"{'x': -0.373581, 'y': 51.46935}",SSEN-2818001160,SSEN-281800116001
281800116002,SSEN,19.0,5519.0,2024-12-09 05:30:00+00:00,"{'x': -0.373581, 'y': 51.46935}",SSEN-2818001160,SSEN-281800116002
281800116004,SSEN,17.0,2511.0,2024-12-09 05:30:00+00:00,"{'x': -0.373581, 'y': 51.46935}",SSEN-2818001160,SSEN-281800116004
281800116005,SSEN,41.0,13295.0,2024-12-09 05:30:00+00:00,"{'x': -0.373581, 'y': 51.46935}",SSEN-2818001160,SSEN-281800116005
281800116001,SSEN,45.0,11964.0,2024-12-09 06:00:00+00:00,"{'x': -0.373581, 'y': 51.46935}",SSEN-2818001160,SSEN-281800116001
281800116002,SSEN,19.0,5654.0,2024-12-09 06:00:00+00:00,"{'x': -0.373581, 'y': 51.46935}",SSEN-2818001160,SSEN-281800116002
281800116004,SSEN,17.0,2373.0,2024-12-09 06:00:00+00:00,"{'x': -0.373581, 'y': 51.46935}",SSEN-2818001160,SSEN-281800116004
281800116005,SSEN,41.0,9525.0,2024-12-09 06:00:00+00:00,"{'x': -0.373581, 'y': 51.46935}",SSEN-2818001160,SSEN-281800116005
281800116001,SSEN,45.0,12707.0,2024-12-09 06:30:00+00:00,"{'x': -0.373581, 'y': 51.46935}",SSEN-2818001160,SSEN-281800116001
281800116002,SSEN,19.0,6035.0,2024-12-09 06:30:00+00:00,"{'x': -0.373581, 'y': 51.46935}",SSEN-2818001160,SSEN-281800116002
281800116004,SSEN,17.0,2731.0,2024-12-09 06:30:00+00:00,"{'x': -0.373581, 'y': 51.46935}",SSEN-2818001160,SSEN-281800116004
281800116005,SSEN,41.0,8966.0,2024-12-09 06:30:00+00:00,"{'x': -0.373581, 'y': 51.46935}",SSEN-2818001160,SSEN-281800116005
281800116001,SSEN,45.0,14899.0,2024-12-09 07:00:00+00:00,"{'x': -0.373581, 'y': 51.46935}",SSEN-2818001160,SSEN-281800116001
281800116002,SSEN,19.0,7972.0,2024-12-09 07:00:00+00:00,"{'x': -0.373581, 'y': 51.46935}",SSEN-2818001160,SSEN-281800116002
281800116004,SSEN,17.0,3004.0,2024-12-09 07:00:00+00:00,"{'x': -0.373581, 'y': 51.46935}",SSEN-2818001160,SSEN-281800116004
281800116005,SSEN,41.0,12287.0,2024-12-09 07:00:00+00:00,"{'x': -0.373581, 'y': 51.46935}",SSEN-2818001160,SSEN-281800116005
281800116001,SSEN,45.0,17081.0,2024-12-09 07:30:00+00:00,"{'x': -0.373581, 'y': 51.46935}",SSEN-2818001160,SSEN-281800116001
281800116002,SSEN,19.0,7077.0,2024-12-09 07:30:00+00:00,"{'x': -0.373581, 'y': 51.46935}",SSEN-2818001160,SSEN-281800116002
281800116004,SSEN,17.0,2942.0,2024-12-09 07:30:00+00:00,"{'x': -0.373581, 'y': 51.46935}",SSEN-2818001160,SSEN-281800116004
281800116005,SSEN,41.0,10219.0,2024-12-09 07:30:00+00:00,"{'x': -0.373581, 'y': 51.46935}",SSEN-2818001160,SSEN-281800116005
281800116001,SSEN,45.0,13615.0,2024-12-09 08:00:00+00:00,"{'x': -0.373581, 'y': 51.46935}",SSEN-2818001160,SSEN-281800116001
281800116002,SSEN,19.0,8945.0,2024-12-09 08:00:00+00:00,"{'x': -0.373581, 'y': 51.46935}",SSEN-2818001160,SSEN-281800116002
281800116004,SSEN,17.0,3042.0,2024-12-09 08:00:00+00:00,"{'x': -0.373581, 'y': 51.46935}",SSEN-2818001160,SSEN-281800116004
281800116005,SSEN,41.0,12727.0,2024-12-09 08:00:00+00:00,"{'x': -0.373581, 'y': 51.46935}",SSEN-2818001160,SSEN-281800116005
281800116001,SSEN,45.0,12319.0,2024-12-09 08:30:00+00:00,"{'x': -0.373581, 'y': 51.46935}",SSEN-2818001160,SSEN-281800116001
281800116002,SSEN,19.0,8295.0,2024-12-09 08:30:00+00:00,"{'x': -0.373581, 'y': 51.46935}",SSEN-2818001160,SSEN-281800116002
281800116004,SSEN,17.0,2265.0,2024-12-09 08:30:00+00:00,"{'x': -0.373581, 'y': 51.46935}",SSEN-2818001160,SSEN-281800116004
281800116005,SSEN,41.0,10203.0,2024-12-09 08:30:00+00:00,"{'x': -0.373581, 'y': 51.46935}",SSEN-2818001160,SSEN-281800116005
281800116001,SSEN,45.0,10689.0,2024-12-09 09:00:00+00:00,"{'x': -0.373581, 'y': 51.46935}",SSEN-2818001160,SSEN-281800116001
281800116002,SSEN,19.0,5463.0,2024-12-09 09:00:00+00:00,"{'x': -0.373581, 'y': 51.46935}",SSEN-2818001160,SSEN-281800116002
281800116004,SSEN,17.0,2410.0,2024-12-09 09:00:00+00:00,"{'x': -0.373581, 'y': 51.46935}",SSEN-2818001160,SSEN-281800116004
281800116005,SSEN,41.0,14084.0,2024-12-09 09:00:00+00:00,"{'x': -0.373581, 'y': 51.46935}",SSEN-2818001160,SSEN-281800116005
281800116001,SSEN,45.0,12386.0,2024-12-09 09:30:00+00:00,"{'x': -0.373581, 'y': 51.46935}",SSEN-2818001160,SSEN-281800116001
281800116002,SSEN,19.0,6747.0,2024-12-09 09:30:00+00:00,"{'x': -0.373581, 'y': 51.46935}",SSEN-2818001160,SSEN-281800116002
281800116004,SSEN,17.0,3078.0,2024-12-09 09:30:00+00:00,"{'x': -0.373581, 'y': 51.46935}",SSEN-2818001160,SSEN-281800116004
281800116005,SSEN,41.0,12382.0,2024-12-09 09:30:00+00:00,"{'x': -0.373581, 'y': 51.46935}",SSEN-2818001160,SSEN-281800116005
281800116001,SSEN,45.0,13242.0,2024-12-09 10:00:00+00:00,"{'x': -0.373581, 'y': 51.46935}",SSEN-2818001160,SSEN-281800116001
281800116002,SSEN,19.0,5818.0,2024-12-09 10:00:00+00:00,"{'x': -0.373581, 'y': 51.46935}",SSEN-2818001160,SSEN-281800116002
281800116004,SSEN,17.0,6268.0,2024-12-09 10:00:00+00:00,"{'x': -0.373581, 'y': 51.46935}",SSEN-2818001160,SSEN-281800116004
281800116005,SSEN,41.0,10315.0,2024-12-09 10:00:00+00:00,"{'x': -0.373581, 'y': 51.46935}",SSEN-2818001160,SSEN-281800116005
281800116001,SSEN,45.0,10459.0,2024-12-09 10:30:00+00:00,"{'x': -0.373581, 'y': 51.46935}",SSEN-2818001160,SSEN-281800116001
281800116002,SSEN,19.0,4241.0,2024-12-09 10:30:00+00:00,"{'x': -0.373581, 'y': 51.46935}",SSEN-2818001160,SSEN-281800116002
281800116004,SSEN,17.0,4039.0,2024-12-09 10:30:00+00:00,"{'x': -0.373581, 'y': 51.46935}",SSEN-2818001160,SSEN-281800116004
281800116005,SSEN,41.0,9649.0,2024-12-09 10:30:00+00:00,"{'x': -0.373581, 'y': 51.46935}",SSEN-2818001160,SSEN-281800116005
281800116001,SSEN,45.0,9324.0,2024-12-09 11:00:00+00:00,"{'x': -0.373581, 'y': 51.46935}",SSEN-2818001160,SSEN-281800116001
281800116002,SSEN,19.0,4967.0,2024-12-09 11:00:00+00:00,"{'x': -0.373581, 'y': 51.46935}",SSEN-2818001160,SSEN-281800116002
281800116004,SSEN,17.0,4295.0,2024-12-09 11:00:00+00:00,"{'x': -0.373581, 'y': 51.46935}",SSEN-2818001160,SSEN-281800116004
281800116005,SSEN,41.0,9410.0,2024-12-09 11:00:00+00:00,"{'x': -0.373581, 'y': 51.46935}",SSEN-2818001160,SSEN-281800116005
281800116001,SSEN,45.0,11074.0,2024-12-09 11:30:00+00:00,"{'x': -0.373581, 'y': 51.46935}",SSEN-2818001160,SSEN-281800116001
281800116002,SSEN,19.0,4866.0,2024-12-09 11:30:00+00:00,"{'x': -0.373581, 'y': 51.46935}",SSEN-2818001160,SSEN-281800116002
281800116004,SSEN,17.0,4651.0,2024-12-09 11:30:00+00:00,"{'x': -0.373581, 'y': 51.46935}",SSEN-2818001160,SSEN-281800116004
281800116005,SSEN,41.0,10084.0,2024-12-09 11:30:00+00:00,"{'x': -0.373581, 'y': 51.46935}",SSEN-2818001160,SSEN-281800116005
281800116001,SSEN,45.0,10850.0,2024-12-09 12:00:00+00:00,"{'x': -0.373581, 'y': 51.46935}",SSEN-2818001160,SSEN-281800116001
281800116002,SSEN,19.0,5685.0,2024-12-09 12:00:00+00:00,"{'x': -0.373581, 'y': 51.46935}",SSEN-2818001160,SSEN-281800116002
281800116004,SSEN,17.0,5694.0,2024-12-09 12:00:00+00:00,"{'x': -0.373581, 'y': 51.46935}",SSEN-2818001160,SSEN-281800116004
281800116005,SSEN,41.0,10940.0,2024-12-09 12:00:00+00:00,"{'x': -0.373581, 'y': 51.46935}",SSEN-2818001160,SSEN-281800116005
281800116001,SSEN,45.0,15031.0,2024-12-09 12:30:00+00:00,"{'x': -0.373581, 'y': 51.46935}",SSEN-2818001160,SSEN-281800116001
281800116002,SSEN,19.0,4720.0,2024-12-09 12:30:00+00:00,"{'x': -0.373581, 'y': 51.46935}",SSEN-2818001160,SSEN-281800116002
281800116004,SSEN,17.0,3938.0,2024-12-09 12:30:00+00:00,"{'x': -0.373581, 'y': 51.46935}",SSEN-2818001160,SSEN-281800116004
281800116005,SSEN,41.0,13193.0,2024-12-09 12:30:00+00:00,"{'x': -0.373581, 'y': 51.46935}",SSEN-2818001160,SSEN-281800116005
281800116001,SSEN,45.0,13885.0,2024-12-09 13:00:00+00:00,"{'x': -0.373581, 'y': 51.46935}",SSEN-2818001160,SSEN-281800116001
281800116002,SSEN,19.0,4768.0,2024-12-09 13:00:00+00:00,"{'x': -0.373581, 'y': 51.46935}",SSEN-2818001160,SSEN-281800116002
281800116004,SSEN,17.0,4276.0,2024-12-09 13:00:00+00:00,"{'x': -0.373581, 'y': 51.46935}",SSEN-2818001160,SSEN-281800116004
281800116005,SSEN,41.0,12467.0,2024-12-09 13:00:00+00:00,"{'x': -0.373581, 'y': 51.46935}",SSEN-2818001160,SSEN-281800116005
281800116001,SSEN,45.0,10911.0,2024-12-09 13:30:00+00:00,"{'x': -0.373581, 'y': 51.46935}",SSEN-2818001160,SSEN-281800116001
281800116002,SSEN,19.0,5436.0,2024-12-09 13:30:00+00:00,"{'x': -0.373581, 'y': 51.46935}",SSEN-2818001160,SSEN-281800116002
281800116004,SSEN,17.0,4153.0,2024-12-09 13:30:00+00:00,"{'x': -0.373581, 'y': 51.46935}",SSEN-2818001160,SSEN-281800116004
281800116005,SSEN,41.0,11555.0,2024-12-09 13:30:00+00:00,"{'x': -0.373581, 'y': 51.46935}",SSEN-2818001160,SSEN-281800116005
281800116001,SSEN,45.0,10396.0,2024-12-09 14:00:00+00:00,"{'x': -0.373581, 'y': 51.46935}",SSEN-2818001160,SSEN-281800116001
281800116002,SSEN,19.0,5514.0,2024-12-09 14:00:00+00:00,"{'x': -0.373581, 'y': 51.46935}",SSEN-2818001160,SSEN-281800116002
281800116004,SSEN,17.0,4303.0,2024-12-09 14:00:00+00:00,"{'x': -0.373581, 'y': 51.46935}",SSEN-2818001160,SSEN-281800116004
281800116005,SSEN,41.0,13639.0,2024-12-09 14:00:00+00:00,"{'x': -0.373581, 'y': 51.46935}",SSEN-2818001160,SSEN-281800116005
281800116001,SSEN,45.0,10041.0,2024-12-09 14:30:00+00:00,"{'x': -0.373581, 'y': 51.46935}",SSEN-2818001160,SSEN-281800116001
281800116002,SSEN,19.0,5512.0,2024-12-09 14:30:00+00:00,"{'x': -0.373581, 'y': 51.46935}",SSEN-2818001160,SSEN-281800116002
281800116004,SSEN,17.0,4960.0,2024-12-09 14:30:00+00:00,"{'x': -0.373581, 'y': 51.46935}",SSEN-2818001160,SSEN-281800116004
281800116005,SSEN,41.0,14990.0,2024-12-09 14:30:00+00:00,"{'x': -0.373581, 'y': 51.46935}",SSEN-2818001160,SSEN-281800116005
281800116001,SSEN,45.0,10009.0,2024-12-09 15:00:00+00:00,"{'x': -0.373581, 'y': 51.46935}",SSEN-2818001160,SSEN-281800116001
281800116002,SSEN,19.0,6594.0,2024-12-09 15:00:00+00:00,"{'x': -0.373581, 'y': 51.46935}",SSEN-2818001160,SSEN-281800116002
281800116004,SSEN,17.0,5624.0,2024-12-09 15:00:00+00:00,"{'x': -0.373581, 'y': 51.46935}",SSEN-2818001160,SSEN-281800116004
281800116005,SSEN,41.0,14372.0,2024-12-09 15:00:00+00:00,"{'x': -0.373581, 'y': 51.46935}",SSEN-2818001160,SSEN-281800116005
281800116001,SSEN,45.0,12129.0,2024-12-09 15:30:00+00:00,"{'x': -0.373581, 'y': 51.46935}",SSEN-2818001160,SSEN-281800116001
281800116002,SSEN,19.0,6647.0,2024-12-09 15:30:00+00:00,"{'x': -0.373581, 'y': 51.46935}",SSEN-2818001160,SSEN-281800116002
281800116004,SSEN,17.0,4101.0,2024-12-09 15:30:00+00:00,"{'x': -0.373581, 'y': 51.46935}",SSEN-2818001160,SSEN-281800116004
281800116005,SSEN,41.0,16210.0,2024-12-09 15:30:00+00:00,"{'x': -0.373581, 'y': 51.46935}",SSEN-2818001160,SSEN-281800116005
281800116001,SSEN,45.0,10103.0,2024-12-09 16:00:00+00:00,"{'x': -0.373581, 'y': 51.46935}",SSEN-2818001160,SSEN-281800116001
281800116002,SSEN,19.0,5244.0,2024-12-09 16:00:00+00:00,"{'x': -0.373581, 'y': 51.46935}",SSEN-2818001160,SSEN-281800116002
281800116004,SSEN,17.0,3645.0,2024-12-09 16:00:00+00:00,"{'x': -0.373581, 'y': 51.46935}",SSEN-2818001160,SSEN-281800116004
281800116005,SSEN,41.0,15941.0,2024-12-09 16:00:00+00:00,"{'x': -0.373581, 'y': 51.46935}",SSEN-2818001160,SSEN-281800116005
281800116001,SSEN,45.0,14536.0,2024-12-09 16:30:00+00:00,"{'x': -0.373581, 'y': 51.46935}",SSEN-2818001160,SSEN-281800116001
281800116002,SSEN,19.0,7067.0,2024-12-09 16:30:00+00:00,"{'x': -0.373581, 'y': 51.46935}",SSEN-2818001160,SSEN-281800116002
281800116004,SSEN,17.0,4011.0,2024-12-09 16:30:00+00:00,"{'x': -0.373581, 'y': 51.46935}",SSEN-2818001160,SSEN-281800116004
281800116005,SSEN,41.0,13529.0,2024-12-09 16:30:00+00:00,"{'x': -0.373581, 'y': 51.46935}",SSEN-2818001160,SSEN-281800116005
281800116001,SSEN,45.0,16700.0,2024-12-09 17:00:00+00:00,"{'x': -0.373581, 'y': 51.46935}",SSEN-2818001160,SSEN-281800116001
281800116002,SSEN,19.0,8100.0,2024-12-09 17:00:00+00:00,"{'x': -0.373581, 'y': 51.46935}",SSEN-2818001160,SSEN-281800116002
281800116004,SSEN,17.0,3768.0,2024-12-09 17:00:00+00:00,"{'x': -0.373581, 'y': 51.46935}",SSEN-2818001160,SSEN-281800116004
281800116005,SSEN,41.0,15506.0,2024-12-09 17:00:00+00:00,"{'x': -0.373581, 'y': 51.46935}",SSEN-2818001160,SSEN-281800116005
281800116001,SSEN,45.0,19080.0,2024-12-09 17:30:00+00:00,"{'x': -0.373581, 'y': 51.46935}",SSEN-2818001160,SSEN-281800116001
281800116002,SSEN,19.0,8349.0,2024-12-09 17:30:00+00:00,"{'x': -0.373581, 'y': 51.46935}",SSEN-2818001160,SSEN-281800116002
281800116004,SSEN,17.0,5442.0,2024-12-09 17:30:00+00:00,"{'x': -0.373581, 'y': 51.46935}",SSEN-2818001160,SSEN-281800116004
281800116005,SSEN,41.0,18012.0,2024-12-09 17:30:00+00:00,"{'x': -0.373581, 'y': 51.46935}",SSEN-2818001160,SSEN-281800116005
281800116001,SSEN,45.0,22514.0,2024-12-09 18:00:00+00:00,"{'x': -0.373581, 'y': 51.46935}",SSEN-2818001160,SSEN-281800116001
281800116002,SSEN,19.0,7453.0,2024-12-09 18:00:00+00:00,"{'x': -0.373581, 'y': 51.46935}",SSEN-2818001160,SSEN-281800116002
281800116004,SSEN,17.0,6272.0,2024-12-09 18:00:00+00:00,"{'x': -0.373581, 'y': 51.46935}",SSEN-2818001160,SSEN-281800116004
281800116005,SSEN,41.0,19431.0,2024-12-09 18:00:00+00:00,"{'x': -0.373581, 'y': 51.46935}",SSEN-2818001160,SSEN-281800116005
281800116001,SSEN,45.0,18569.0,2024-12-09 18:30:00+00:00,"{'x': -0.373581, 'y': 51.46935}",SSEN-2818001160,SSEN-281800116001
281800116002,SSEN,19.0,7009.0,2024-12-09 18:30:00+00:00,"{'x': -0.373581, 'y': 51.46935}",SSEN-2818001160,SSEN-281800116002
281800116004,SSEN,17.0,4552.0,2024-12-09 18:30:00+00:00,"{'x': -0.373581, 'y': 51.46935}",SSEN-2818001160,SSEN-281800116004
281800116005,SSEN,41.0,17716.0,2024-12-09 18:30:00+00:00,"{'x': -0.373581, 'y': 51.46935}",SSEN-2818001160,SSEN-281800116005
281800116001,SSEN,45.0,20023.0,2024-12-09 19:00:00+00:00,"{'x': -0.373581, 'y': 51.46935}",SSEN-2818001160,SSEN-281800116001
281800116002,SSEN,19.0,6857.0,2024-12-09 19:00:00+00:00,"{'x': -0.373581, 'y': 51.46935}",SSEN-2818001160,SSEN-281800116002
281800116004,SSEN,17.0,4130.0,2024-12-09 19:00:00+00:00,"{'x': -0.373581, 'y': 51.46935}",SSEN-2818001160,SSEN-281800116004
281800116005,SSEN,41.0,17180.0,2024-12-09 19:00:00+00:00,"{'x': -0.373581, 'y': 51.46935}",SSEN-2818001160,SSEN-281800116005
281800116001,SSEN,45.0,17076.0,2024-12-09 19:30:00+00:00,"{'x': -0.373581, 'y': 51.46935}",SSEN-2818001160,SSEN-281800116001
281800116002,SSEN,19.0,10151.0,2024-12-09 19:30:00+00:00,"{'x': -0.373581, 'y': 51.46935}",SSEN-2818001160,SSEN-281800116002
281800116004,SSEN,17.0,3313.0,2024-12-09 19:30:00+00:00,"{'x': -0.373581, 'y': 51.46935}",SSEN-2818001160,SSEN-281800116004
281800116005,SSEN,41.0,20265.0,2024-12-09 19:30:00+00:00,"{'x': -0.373581, 'y': 51.46935}",SSEN-2818001160,SSEN-281800116005
281800116001,SSEN,45.0,18383.0,2024-12-09 20:00:00+00:00,"{'x': -0.373581, 'y': 51.46935}",SSEN-2818001160,SSEN-281800116001
281800116002,SSEN,19.0,11872.0,2024-12-09 20:00:00+00:00,"{'x': -0.373581, 'y': 51.46935}",SSEN-2818001160,SSEN-281800116002
281800116004,SSEN,17.0,4063.0,2024-12-09 20:00:00+00:00,"{'x': -0.373581, 'y': 51.46935}",SSEN-2818001160,SSEN-281800116004
281800116005,SSEN,41.0,19148.0,2024-12-09 20:00:00+00:00,"{'x': -0.373581, 'y': 51.46935}",SSEN-2818001160,SSEN-281800116005
281800116001,SSEN,45.0,18391.0,2024-12-09 20:30:00+00:00,"{'x': -0.373581, 'y': 51.46935}",SSEN-2818001160,SSEN-281800116001
281800116002,SSEN,19.0,12433.0,2024-12-09 20:30:00+00:00,"{'x': -0.373581, 'y': 51.46935}",SSEN-2818001160,SSEN-281800116002
281800116004,SSEN,17.0,4139.0,2024-12-09 20:30:00+00:00,"{'x': -0.373581, 'y': 51.46935}",SSEN-2818001160,SSEN-281800116004
281800116005,SSEN,41.0,18547.0,2024-12-09 20:30:00+00:00,"{'x': -0.373581, 'y': 51.46935}",SSEN-2818001160,SSEN-281800116005
281800116001,SSEN,45.0,18061.0,2024-12-09 21:00:00+00:00,"{'x': -0.373581, 'y': 51.46935}",SSEN-2818001160,SSEN-281800116001
281800116002,SSEN,19.0,10938.0,2024-12-09 21:00:00+00:00,"{'x': -0.373581, 'y': 51.46935}",SSEN-2818001160,SSEN-281800116002
281800116004,SSEN,17.0,3780.0,2024-12-09 21:00:00+00:00,"{'x': -0.373581, 'y': 51.46935}",SSEN-2818001160,SSEN-281800116004
281800116005,SSEN,41.0,19229.0,2024-12-09 21:00:00+00:00,"{'x': -0.373581, 'y': 51.46935}",SSEN-2818001160,SSEN-281800116005
281800116001,SSEN,45.0,14233.0,2024-12-09 21:30:00+00:00,"{'x': -0.373581, 'y': 51.46935}",SSEN-2818001160,SSEN-281800116001
281800116002,SSEN,19.0,10135.0,2024-12-09 21:30:00+00:00,"{'x': -0.373581, 'y': 51.46935}",SSEN-2818001160,SSEN-281800116002
281800116004,SSEN,17.0,3391.0,2024-12-09 21:30:00+00:00,"{'x': -0.373581, 'y': 51.46935}",SSEN-2818001160,SSEN-281800116004
281800116005,SSEN,41.0,17334.0,2024-12-09 21:30:00+00:00,"{'x': -0.373581, 'y': 51.46935}",SSEN-2818001160,SSEN-281800116005
281800116001,SSEN,45.0,10743.0,2024-12-09 22:00:00+00:00,"{'x': -0.373581, 'y': 51.46935}",SSEN-2818001160,SSEN-281800116001
281800116002,SSEN,19.0,10599.0,2024-12-09 22:00:00+00:00,"{'x': -0.373581, 'y': 51.46935}",SSEN-2818001160,SSEN-281800116002
281800116004,SSEN,17.0,4409.0,2024-12-09 22:00:00+00:00,"{'x': -0.373581, 'y': 51.46935}",SSEN-2818001160,SSEN-281800116004
281800116005,SSEN,41.0,15860.0,2024-12-09 22:00:00+00:00,"{'x': -0.373581, 'y': 51.46935}",SSEN-2818001160,SSEN-281800116005
281800116001,SSEN,45.0,10030.0,2024-12-09 22:30:00+00:00,"{'x': -0.373581, 'y': 51.46935}",SSEN-2818001160,SSEN-281800116001
281800116002,SSEN,19.0,9747.0,2024-12-09 22:30:00+00:00,"{'x': -0.373581, 'y': 51.46935}",SSEN-2818001160,SSEN-281800116002
281800116004,SSEN,17.0,3543.0,2024-12-09 22:30:00+00:00,"{'x': -0.373581, 'y': 51.46935}",SSEN-2818001160,SSEN-281800116004
281800116005,SSEN,41.0,16701.0,2024-12-09 22:30:00+00:00,"{'x': -0.373581, 'y': 51.46935}",SSEN-2818001160,SSEN-281800116005
281800116001,SSEN,45.0,10234.0,2024-12-09 23:00:00+00:00,"{'x': -0.373581, 'y': 51.46935}",SSEN-2818001160,SSEN-281800116001
281800116002,SSEN,19.0,11638.0,2024-12-09 23:00:00+00:00,"{'x': -0.373581, 'y': 51.46935}",SSEN-2818001160,SSEN-281800116002
281800116004,SSEN,17.0,3266.0,2024-12-09 23:00:00+00:00,"{'x': -0.373581, 'y': 51.46935}",SSEN-2818001160,SSEN-281800116004
281800116005,SSEN,41.0,18629.0,2024-12-09 23:00:00+00:00,"{'x': -0.373581, 'y': 51.46935}",SSEN-2818001160,SSEN-281800116005
281800116001,SSEN,45.0,12451.0,2024-12-09 23:30:00+00:00,"{'x': -0.373581, 'y': 51.46935}",SSEN-2818001160,SSEN-281800116001
281800116002,SSEN,19.0,11735.0,2024-12-09 23:30:00+00:00,"{'x': -0.373581, 'y': 51.46935}",SSEN-2818001160,SSEN-281800116002
281800116004,SSEN,17.0,3977.0,2024-12-09 23:30:00+00:00,"{'x': -0.373581, 'y': 51.46935}",SSEN-2818001160,SSEN-281800116004
281800116005,SSEN,41.0,17253.0,2024-12-09 23:30:00+00:00,"{'x': -0.373581, 'y': 51.46935}",SSEN-2818001160,SSEN-281800116005
281800116001,SSEN,45.0,11699.0,2024-12-10 00:00:00+00:00,"{'x': -0.373581, 'y': 51.46935}",SSEN-2818001160,SSEN-281800116001
281800116002,SSEN,19.0,9109.0,2024-12-10 00:00:00+00:00,"{'x': -0.373581, 'y': 51.46935}",SSEN-2818001160,SSEN-281800116002
281800116004,SSEN,17.0,3791.0,2024-12-10 00:00:00+00:00,"{'x': -0.373581, 'y': 51.46935}",SSEN-2818001160,SSEN-281800116004
281800116005,SSEN,41.0,17160.0,2024-12-10 00:00:00+00:00,"{'x': -0.373581, 'y': 51.46935}",SSEN-2818001160,SSEN-281800116005
281800116001,SSEN,46.0,9925.0,2024-12-10 00:30:00+00:00,"{'x': -0.373581, 'y': 51.46935}",SSEN-2818001160,SSEN-281800116001
281800116002,SSEN,18.0,7931.0,2024-12-10 00:30:00+00:00,"{'x': -0.373581, 'y': 51.46935}",SSEN-2818001160,SSEN-281800116002
281800116004,SSEN,17.0,4193.0,2024-12-10 00:30:00+00:00,"{'x': -0.373581, 'y': 51.46935}",SSEN-2818001160,SSEN-281800116004
281800116005,SSEN,43.0,17201.0,2024-12-10 00:30:00+00:00,"{'x': -0.373581, 'y': 51.46935}",SSEN-2818001160,SSEN-281800116005
281800116001,SSEN,46.0,9658.0,2024-12-10 01:00:00+00:00,"{'x': -0.373581, 'y': 51.46935}",SSEN-2818001160,SSEN-281800116001
281800116002,SSEN,18.0,6426.0,2024-12-10 01:00:00+00:00,"{'x': -0.373581, 'y': 51.46935}",SSEN-2818001160,SSEN-281800116002
281800116004,SSEN,17.0,4674.0,2024-12-10 01:00:00+00:00,"{'x': -0.373581, 'y': 51.46935}",SSEN-2818001160,SSEN-281800116004
281800116005,SSEN,43.0,14412.0,2024-12-10 01:00:00+00:00,"{'x': -0.373581, 'y': 51.46935}",SSEN-2818001160,SSEN-281800116005
281800116001,SSEN,46.0,9197.0,2024-12-10 01:30:00+00:00,"{'x': -0.373581, 'y': 51.46935}",SSEN-2818001160,SSEN-281800116001
281800116002,SSEN,18.0,5497.0,2024-12-10 01:30:00+00:00,"{'x': -0.373581, 'y': 51.46935}",SSEN-2818001160,SSEN-281800116002
281800116004,SSEN,17.0,3984.0,2024-12-10 01:30:00+00:00,"{'x': -0.373581, 'y': 51.46935}",SSEN-2818001160,SSEN-281800116004
281800116005,SSEN,43.0,13048.0,2024-12-10 01:30:00+00:00,"{'x': -0.373581, 'y': 51.46935}",SSEN-2818001160,SSEN-281800116005
281800116001,SSEN,46.0,8989.0,2024-12-10 02:00:00+00:00,"{'x': -0.373581, 'y': 51.46935}",SSEN-2818001160,SSEN-281800116001
281800116002,SSEN,18.0,5198.0,2024-12-10 02:00:00+00:00,"{'x': -0.373581, 'y': 51.46935}",SSEN-2818001160,SSEN-281800116002
281800116004,SSEN,17.0,3839.0,2024-12-10 02:00:00+00:00,"{'x': -0.373581, 'y': 51.46935}",SSEN-2818001160,SSEN-281800116004
281800116005,SSEN,43.0,15322.0,2024-12-10 02:00:00+00:00,"{'x': -0.373581, 'y': 51.46935}",SSEN-2818001160,SSEN-281800116005
281800116001,SSEN,46.0,7954.0,2024-12-10 02:30:00+00:00,"{'x': -0.373581, 'y': 51.46935}",SSEN-2818001160,SSEN-281800116001
281800116002,SSEN,18.0,4776.0,2024-12-10 02:30:00+00:00,"{'x': -0.373581, 'y': 51.46935}",SSEN-2818001160,SSEN-281800116002
281800116004,SSEN,17.0,3914.0,2024-12-10 02:30:00+00:00,"{'x': -0.373581, 'y': 51.46935}",SSEN-2818001160,SSEN-281800116004
281800116005,SSEN,43.0,15485.0,2024-12-10 02:30:00+00:00,"{'x': -0.373581, 'y': 51.46935}",SSEN-2818001160,SSEN-281800116005
281800116001,SSEN,46.0,6964.0,2024-12-10 03:00:00+00:00,"{'x': -0.373581, 'y': 51.46935}",SSEN-2818001160,SSEN-281800116001
281800116002,SSEN,18.0,4575.0,2024-12-10 03:00:00+00:00,"{'x': -0.373581, 'y': 51.46935}",SSEN-2818001160,SSEN-281800116002
281800116004,SSEN,17.0,3698.0,2024-12-10 03:00:00+00:00,"{'x': -0.373581, 'y': 51.46935}",SSEN-2818001160,SSEN-281800116004
281800116005,SSEN,43.0,13288.0,2024-12-10 03:00:00+00:00,"{'x': -0.373581, 'y': 51.46935}",SSEN-2818001160,SSEN-281800116005
281800116001,SSEN,46.0,7281.0,2024-12-10 03:30:00+00:00,"{'x': -0.373581, 'y': 51.46935}",SSEN-2818001160,SSEN-281800116001
281800116002,SSEN,18.0,4425.0,2024-12-10 03:30:00+00:00,"{'x': -0.373581, 'y': 51.46935}",SSEN-2818001160,SSEN-281800116002
281800116004,SSEN,17.0,4033.0,2024-12-10 03:30:00+00:00,"{'x': -0.373581, 'y': 51.46935}",SSEN-2818001160,SSEN-281800116004
281800116005,SSEN,43.0,11689.0,2024-12-10 03:30:00+00:00,"{'x': -0.373581, 'y': 51.46935}",SSEN-2818001160,SSEN-281800116005
281800116001,SSEN,46.0,7044.0,2024-12-10 04:00:00+00:00,"{'x': -0.373581, 'y': 51.46935}",SSEN-2818001160,SSEN-281800116001
281800116002,SSEN,18.0,4754.0,2024-12-10 04:00:00+00:00,"{'x': -0.373581, 'y': 51.46935}",SSEN-2818001160,SSEN-281800116002
281800116004,SSEN,17.0,3839.0,2024-12-10 04:00:00+00:00,"{'x': -0.373581, 'y': 51.46935}",SSEN-2818001160,SSEN-281800116004
281800116005,SSEN,43.0,11811.0,2024-12-10 04:00:00+00:00,"{'x': -0.373581, 'y': 51.46935}",SSEN-2818001160,SSEN-281800116005
281800116001,SSEN,46.0,8584.0,2024-12-10 04:30:00+00:00,"{'x': -0.373581, 'y': 51.46935}",SSEN-2818001160,SSEN-281800116001
281800116002,SSEN,18.0,2066.0,2024-12-10 04:30:00+00:00,"{'x': -0.373581, 'y': 51.46935}",SSEN-2818001160,SSEN-281800116002
281800116004,SSEN,17.0,3803.0,2024-12-10 04:30:00+00:00,"{'x': -0.373581, 'y': 51.46935}",SSEN-2818001160,SSEN-281800116004
281800116005,SSEN,43.0,12618.0,2024-12-10 04:30:00+00:00,"{'x': -0.373581, 'y': 51.46935}",SSEN-2818001160,SSEN-281800116005
281800116001,SSEN,46.0,8561.0,2024-12-10 05:00:00+00:00,"{'x': -0.373581, 'y': 51.46935}",SSEN-2818001160,SSEN-281800116001
281800116002,SSEN,18.0,2084.0,2024-12-10 05:00:00+00:00,"{'x': -0.373581, 'y': 51.46935}",SSEN-2818001160,SSEN-281800116002
281800116004,SSEN,17.0,3523.0,2024-12-10 05:00:00+00:00,"{'x': -0.373581, 'y': 51.46935}",SSEN-2818001160,SSEN-281800116004
281800116005,SSEN,43.0,10085.0,2024-12-10 05:00:00+00:00,"{'x': -0.373581, 'y': 51.46935}",SSEN-2818001160,SSEN-281800116005
281800116001,SSEN,46.0,7988.0,2024-12-10 05:30:00+00:00,"{'x': -0.373581, 'y': 51.46935}",SSEN-2818001160,SSEN-281800116001
281800116002,SSEN,18.0,2015.0,2024-12-10 05:30:00+00:00,"{'x': -0.373581, 'y': 51.46935}",SSEN-2818001160,SSEN-281800116002
281800116004,SSEN,17.0,3616.0,2024-12-10 05:30:00+00:00,"{'x': -0.373581, 'y': 51.46935}",SSEN-2818001160,SSEN-281800116004
281800116005,SSEN,43.0,11386.0,2024-12-10 05:30:00+00:00,"{'x': -0.373581, 'y': 51.46935}",SSEN-2818001160,SSEN-281800116005
281800116001,SSEN,46.0,8125.0,2024-12-10 06:00:00+00:00,"{'x': -0.373581, 'y': 51.46935}",SSEN-2818001160,SSEN-281800116001
281800116002,SSEN,18.0,2714.0,2024-12-10 06:00:00+00:00,"{'x': -0.373581, 'y': 51.46935}",SSEN-2818001160,SSEN-281800116002
281800116004,SSEN,17.0,3549.0,2024-12-10 06:00:00+00:00,"{'x': -0.373581, 'y': 51.46935}",SSEN-2818001160,SSEN-281800116004
281800116005,SSEN,43.0,9892.0,2024-12-10 06:00:00+00:00,"{'x': -0.373581, 'y': 51.46935}",SSEN-2818001160,SSEN-281800116005
281800116001,SSEN,46.0,8462.0,2024-12-10 06:30:00+00:00,"{'x': -0.373581, 'y': 51.46935}",SSEN-2818001160,SSEN-281800116001
281800116002,SSEN,18.0,4268.0,2024-12-10 06:30:00+00:00,"{'x': -0.373581, 'y': 51.46935}",SSEN-2818001160,SSEN-281800116002
281800116004,SSEN,17.0,3558.0,2024-12-10 06:30:00+00:00,"{'x': -0.373581, 'y': 51.46935}",SSEN-2818001160,SSEN-281800116004
281800116005,SSEN,43.0,9245.0,2024-12-10 06:30:00+00:00,"{'x': -0.373581, 'y': 51.46935}",SSEN-2818001160,SSEN-281800116005
281800116001,SSEN,46.0,10271.0,2024-12-10 07:00:00+00:00,"{'x': -0.373581, 'y': 51.46935}",SSEN-2818001160,SSEN-281800116001
281800116002,SSEN,18.0,6125.0,2024-12-10 07:00:00+00:00,"{'x': -0.373581, 'y': 51.46935}",SSEN-2818001160,SSEN-281800116002
281800116004,SSEN,17.0,3389.0,2024-12-10 07:00:00+00:00,"{'x': -0.373581, 'y': 51.46935}",SSEN-2818001160,SSEN-281800116004
281800116005,SSEN,43.0,12736.0,2024-12-10 07:00:00+00:00,"{'x': -0.373581, 'y': 51.46935}",SSEN-2818001160,SSEN-281800116005
281800116001,SSEN,46.0,14335.0,2024-12-10 07:30:00+00:00,"{'x': -0.373581, 'y': 51.46935}",SSEN-2818001160,SSEN-281800116001
281800116002,SSEN,18.0,4599.0,2024-12-10 07:30:00+00:00,"{'x': -0.373581, 'y': 51.46935}",SSEN-2818001160,SSEN-281800116002
281800116004,SSEN,17.0,4237.0,2024-12-10 07:30:00+00:00,"{'x': -0.373581, 'y': 51.46935}",SSEN-2818001160,SSEN-281800116004
281800116005,SSEN,43.0,18114.0,2024-12-10 07:30:00+00:00,"{'x': -0.373581, 'y': 51.46935}",SSEN-2818001160,SSEN-281800116005
281800116001,SSEN,46.0,12163.0,2024-12-10 08:00:00+00:00,"{'x': -0.373581, 'y': 51.46935}",SSEN-2818001160,SSEN-281800116001
281800116002,SSEN,18.0,4135.0,2024-12-10 08:00:00+00:00,"{'x': -0.373581, 'y': 51.46935}",SSEN-2818001160,SSEN-281800116002
281800116004,SSEN,17.0,4327.0,2024-12-10 08:00:00+00:00,"{'x': -0.373581, 'y': 51.46935}",SSEN-2818001160,SSEN-281800116004
281800116005,SSEN,43.0,13707.0,2024-12-10 08:00:00+00:00,"{'x': -0.373581, 'y': 51.46935}",SSEN-2818001160,SSEN-281800116005
281800116001,SSEN,46.0,15175.0,2024-12-10 08:30:00+00:00,"{'x': -0.373581, 'y': 51.46935}",SSEN-2818001160,SSEN-281800116001
281800116002,SSEN,18.0,4019.0,2024-12-10 08:30:00+00:00,"{'x': -0.373581, 'y': 51.46935}",SSEN-2818001160,SSEN-281800116002
281800116004,SSEN,17.0,4656.0,2024-12-10 08:30:00+00:00,"{'x': -0.373581, 'y': 51.46935}",SSEN-2818001160,SSEN-281800116004
281800116005,SSEN,43.0,14935.0,2024-12-10 08:30:00+00:00,"{'x': -0.373581, 'y': 51.46935}",SSEN-2818001160,SSEN-281800116005
281800116001,SSEN,46.0,15499.0,2024-12-10 09:00:00+00:00,"{'x': -0.373581, 'y': 51.46935}",SSEN-2818001160,SSEN-281800116001
281800116002,SSEN,18.0,3649.0,2024-12-10 09:00:00+00:00,"{'x': -0.373581, 'y': 51.46935}",SSEN-2818001160,SSEN-281800116002
281800116004,SSEN,17.0,3734.0,2024-12-10 09:00:00+00:00,"{'x': -0.373581, 'y': 51.46935}",SSEN-2818001160,SSEN-281800116004
281800116005,SSEN,43.0,11489.0,2024-12-10 09:00:00+00:00,"{'x': -0.373581, 'y': 51.46935}",SSEN-2818001160,SSEN-281800116005
281800116001,SSEN,46.0,17104.0,2024-12-10 09:30:00+00:00,"{'x': -0.373581, 'y': 51.46935}",SSEN-2818001160,SSEN-281800116001
281800116002,SSEN,18.0,5261.0,2024-12-10 09:30:00+00:00,"{'x': -0.373581, 'y': 51.46935}",SSEN-2818001160,SSEN-281800116002
281800116004,SSEN,17.0,4281.0,2024-12-10 09:30:00+00:00,"{'x': -0.373581, 'y': 51.46935}",SSEN-2818001160,SSEN-281800116004
281800116005,SSEN,43.0,11174.0,2024-12-10 09:30:00+00:00,"{'x': -0.373581, 'y': 51.46935}",SSEN-2818001160,SSEN-281800116005
281800116001,SSEN,46.0,18607.0,2024-12-10 10:00:00+00:00,"{'x': -0.373581, 'y': 51.46935}",SSEN-2818001160,SSEN-281800116001
281800116002,SSEN,18.0,4882.0,2024-12-10 10:00:00+00:00,"{'x': -0.373581, 'y': 51.46935}",SSEN-2818001160,SSEN-281800116002
281800116004,SSEN,17.0,5117.0,2024-12-10 10:00:00+00:00,"{'x': -0.373581, 'y': 51.46935}",SSEN-2818001160,SSEN-281800116004
281800116005,SSEN,43.0,13891.0,2024-12-10 10:00:00+00:00,"{'x': -0.373581, 'y': 51.46935}",SSEN-2818001160,SSEN-281800116005
281800116001,SSEN,46.0,17603.0,2024-12-10 10:30:00+00:00,"{'x': -0.373581, 'y': 51.46935}",SSEN-2818001160,SSEN-281800116001
281800116002,SSEN,18.0,4239.0,2024-12-10 10:30:00+00:00,"{'x': -0.373581, 'y': 51.46935}",SSEN-2818001160,SSEN-281800116002
281800116004,SSEN,17.0,5284.0,2024-12-10 10:30:00+00:00,"{'x': -0.373581, 'y': 51.46935}",SSEN-2818001160,SSEN-281800116004
281800116005,SSEN,43.0,16388.0,2024-12-10 10:30:00+00:00,"{'x': -0.373581, 'y': 51.46935}",SSEN-2818001160,SSEN-281800116005
281800116001,SSEN,46.0,14788.0,2024-12-10 11:00:00+00:00,"{'x': -0.373581, 'y': 51.46935}",SSEN-2818001160,SSEN-281800116001
281800116002,SSEN,18.0,4400.0,2024-12-10 11:00:00+00:00,"{'x': -0.373581, 'y': 51.46935}",SSEN-2818001160,SSEN-281800116002
281800116004,SSEN,17.0,4919.0,2024-12-10 11:00:00+00:00,"{'x': -0.373581, 'y': 51.46935}",SSEN-2818001160,SSEN-281800116004
281800116005,SSEN,43.0,16463.0,2024-12-10 11:00:00+00:00,"{'x': -0.373581, 'y': 51.46935}",SSEN-2818001160,SSEN-281800116005
281800116001,SSEN,46.0,14174.0,2024-12-10 11:30:00+00:00,"{'x': -0.373581, 'y': 51.46935}",SSEN-2818001160,SSEN-281800116001
281800116002,SSEN,18.0,3641.0,2024-12-10 11:30:00+00:00,"{'x': -0.373581, 'y': 51.46935}",SSEN-2818001160,SSEN-281800116002
281800116004,SSEN,17.0,4173.0,2024-12-10 11:30:00+00:00,"{'x': -0.373581, 'y': 51.46935}",SSEN-2818001160,SSEN-281800116004
281800116005,SSEN,43.0,16938.0,2024-12-10 11:30:00+00:00,"{'x': -0.373581, 'y': 51.46935}",SSEN-2818001160,SSEN-281800116005
281800116001,SSEN,46.0,12297.0,2024-12-10 12:00:00+00:00,"{'x': -0.373581, 'y': 51.46935}",SSEN-2818001160,SSEN-281800116001
281800116002,SSEN,18.0,4010.0,2024-12-10 12:00:00+00:00,"{'x': -0.373581, 'y': 51.46935}",SSEN-2818001160,SSEN-281800116002
281800116004,SSEN,17.0,4671.0,2024-12-10 12:00:00+00:00,"{'x': -0.373581, 'y': 51.46935}",SSEN-2818001160,SSEN-281800116004
281800116005,SSEN,43.0,16367.0,2024-12-10 12:00:00+00:00,"{'x': -0.373581, 'y': 51.46935}",SSEN-2818001160,SSEN-281800116005
281800116001,SSEN,46.0,11063.0,2024-12-10 12:30:00+00:00,"{'x': -0.373581, 'y': 51.46935}",SSEN-2818001160,SSEN-281800116001
281800116002,SSEN,18.0,4177.0,2024-12-10 12:30:00+00:00,"{'x': -0.373581, 'y': 51.46935}",SSEN-2818001160,SSEN-281800116002
281800116004,SSEN,17.0,7695.0,2024-12-10 12:30:00+00:00,"{'x': -0.373581, 'y': 51.46935}",SSEN-2818001160,SSEN-281800116004
281800116005,SSEN,43.0,18596.0,2024-12-10 12:30:00+00:00,"{'x': -0.373581, 'y': 51.46935}",SSEN-2818001160,SSEN-281800116005
281800116001,SSEN,46.0,11952.0,2024-12-10 13:00:00+00:00,"{'x': -0.373581, 'y': 51.46935}",SSEN-2818001160,SSEN-281800116001
281800116002,SSEN,18.0,3906.0,2024-12-10 13:00:00+00:00,"{'x': -0.373581, 'y': 51.46935}",SSEN-2818001160,SSEN-281800116002
281800116004,SSEN,17.0,7278.0,2024-12-10 13:00:00+00:00,"{'x': -0.373581, 'y': 51.46935}",SSEN-2818001160,SSEN-281800116004
281800116005,SSEN,43.0,19497.0,2024-12-10 13:00:00+00:00,"{'x': -0.373581, 'y': 51.46935}",SSEN-2818001160,SSEN-281800116005
281800116001,SSEN,46.0,9503.0,2024-12-10 13:30:00+00:00,"{'x': -0.373581, 'y': 51.46935}",SSEN-2818001160,SSEN-281800116001
281800116002,SSEN,18.0,7106.0,2024-12-10 13:30:00+00:00,"{'x': -0.373581, 'y': 51.46935}",SSEN-2818001160,SSEN-281800116002
281800116004,SSEN,17.0,6233.0,2024-12-10 13:30:00+00:00,"{'x': -0.373581, 'y': 51.46935}",SSEN-2818001160,SSEN-281800116004
281800116005,SSEN,43.0,16854.0,2024-12-10 13:30:00+00:00,"{'x': -0.373581, 'y': 51.46935}",SSEN-2818001160,SSEN-281800116005
281800116001,SSEN,46.0,8543.0,2024-12-10 14:00:00+00:00,"{'x': -0.373581, 'y': 51.46935}",SSEN-2818001160,SSEN-281800116001
281800116002,SSEN,18.0,5979.0,2024-12-10 14:00:00+00:00,"{'x': -0.373581, 'y': 51.46935}",SSEN-2818001160,SSEN-281800116002
281800116004,SSEN,17.0,5617.0,2024-12-10 14:00:00+00:00,"{'x': -0.373581, 'y': 51.46935}",SSEN-2818001160,SSEN-281800116004
281800116005,SSEN,43.0,17193.0,2024-12-10 14:00:00+00:00,"{'x': -0.373581, 'y': 51.46935}",SSEN-2818001160,SSEN-281800116005
281800116001,SSEN,46.0,9881.0,2024-12-10 14:30:00+00:00,"{'x': -0.373581, 'y': 51.46935}",SSEN-2818001160,SSEN-281800116001
281800116002,SSEN,18.0,4474.0,2024-12-10 14:30:00+00:00,"{'x': -0.373581, 'y': 51.46935}",SSEN-2818001160,SSEN-281800116002
281800116004,SSEN,17.0,5795.0,2024-12-10 14:30:00+00:00,"{'x': -0.373581, 'y': 51.46935}",SSEN-2818001160,SSEN-281800116004
281800116005,SSEN,43.0,18372.0,2024-12-10 14:30:00+00:00,"{'x': -0.373581, 'y': 51.46935}",SSEN-2818001160,SSEN-281800116005
281800116001,SSEN,46.0,8946.0,2024-12-10 15:00:00+00:00,"{'x': -0.373581, 'y': 51.46935}",SSEN-2818001160,SSEN-281800116001
281800116002,SSEN,18.0,4514.0,2024-12-10 15:00:00+00:00,"{'x': -0.373581, 'y': 51.46935}",SSEN-2818001160,SSEN-281800116002
281800116004,SSEN,17.0,5065.0,2024-12-10 15:00:00+00:00,"{'x': -0.373581, 'y': 51.46935}",SSEN-2818001160,SSEN-281800116004
281800116005,SSEN,43.0,19146.0,2024-12-10 15:00:00+00:00,"{'x': -0.373581, 'y': 51.46935}",SSEN-2818001160,SSEN-281800116005
281800116001,SSEN,46.0,10564.0,2024-12-10 15:30:00+00:00,"{'x': -0.373581, 'y': 51.46935}",SSEN-2818001160,SSEN-281800116001
281800116002,SSEN,18.0,5215.0,2024-12-10 15:30:00+00:00,"{'x': -0.373581, 'y': 51.46935}",SSEN-2818001160,SSEN-281800116002
281800116004,SSEN,17.0,5484.0,2024-12-10 15:30:00+00:00,"{'x': -0.373581, 'y': 51.46935}",SSEN-2818001160,SSEN-281800116004
281800116005,SSEN,43.0,16694.0,2024-12-10 15:30:00+00:00,"{'x': -0.373581, 'y': 51.46935}",SSEN-2818001160,SSEN-281800116005
281800116001,SSEN,46.0,13010.0,2024-12-10 16:00:00+00:00,"{'x': -0.373581, 'y': 51.46935}",SSEN-2818001160,SSEN-281800116001
281800116002,SSEN,18.0,5945.0,2024-12-10 16:00:00+00:00,"{'x': -0.373581, 'y': 51.46935}",SSEN-2818001160,SSEN-281800116002
281800116004,SSEN,17.0,7047.0,2024-12-10 16:00:00+00:00,"{'x': -0.373581, 'y': 51.46935}",SSEN-2818001160,SSEN-281800116004
281800116005,SSEN,43.0,19050.0,2024-12-10 16:00:00+00:00,"{'x': -0.373581, 'y': 51.46935}",SSEN-2818001160,SSEN-281800116005
281800116001,SSEN,46.0,17143.0,2024-12-10 16:30:00+00:00,"{'x': -0.373581, 'y': 51.46935}",SSEN-2818001160,SSEN-281800116001
281800116002,SSEN,18.0,5279.0,2024-12-10 16:30:00+00:00,"{'x': -0.373581, 'y': 51.46935}",SSEN-2818001160,SSEN-281800116002
281800116004,SSEN,17.0,6513.0,2024-12-10 16:30:00+00:00,"{'x': -0.373581, 'y': 51.46935}",SSEN-2818001160,SSEN-281800116004
281800116005,SSEN,43.0,18204.0,2024-12-10 16:30:00+00:00,"{'x': -0.373581, 'y': 51.46935}",SSEN-2818001160,SSEN-281800116005
281800116001,SSEN,46.0,20031.0,2024-12-10 17:00:00+00:00,"{'x': -0.373581, 'y': 51.46935}",SSEN-2818001160,SSEN-281800116001
281800116002,SSEN,18.0,6835.0,2024-12-10 17:00:00+00:00,"{'x': -0.373581, 'y': 51.46935}",SSEN-2818001160,SSEN-281800116002
281800116004,SSEN,17.0,6517.0,2024-12-10 17:00:00+00:00,"{'x': -0.373581, 'y': 51.46935}",SSEN-2818001160,SSEN-281800116004
281800116005,SSEN,43.0,19009.0,2024-12-10 17:00:00+00:00,"{'x': -0.373581, 'y': 51.46935}",SSEN-2818001160,SSEN-281800116005
281800116001,SSEN,46.0,22733.0,2024-12-10 17:30:00+00:00,"{'x': -0.373581, 'y': 51.46935}",SSEN-2818001160,SSEN-281800116001
281800116002,SSEN,18.0,6403.0,2024-12-10 17:30:00+00:00,"{'x': -0.373581, 'y': 51.46935}",SSEN-2818001160,SSEN-281800116002
281800116004,SSEN,17.0,7804.0,2024-12-10 17:30:00+00:00,"{'x': -0.373581, 'y': 51.46935}",SSEN-2818001160,SSEN-281800116004
281800116005,SSEN,43.0,19644.0,2024-12-10 17:30:00+00:00,"{'x': -0.373581, 'y': 51.46935}",SSEN-2818001160,SSEN-281800116005
281800116001,SSEN,46.0,21061.0,2024-12-10 18:00:00+00:00,"{'x': -0.373581, 'y': 51.46935}",SSEN-2818001160,SSEN-281800116001
281800116002,SSEN,18.0,6309.0,2024-12-10 18:00:00+00:00,"{'x': -0.373581, 'y': 51.46935}",SSEN-2818001160,SSEN-281800116002
281800116004,SSEN,17.0,5870.0,2024-12-10 18:00:00+00:00,"{'x': -0.373581, 'y': 51.46935}",SSEN-2818001160,SSEN-281800116004
281800116005,SSEN,43.0,17854.0,2024-12-10 18:00:00+00:00,"{'x': -0.373581, 'y': 51.46935}",SSEN-2818001160,SSEN-281800116005
281800116001,SSEN,46.0,20196.0,2024-12-10 18:30:00+00:00,"{'x': -0.373581, 'y': 51.46935}",SSEN-2818001160,SSEN-281800116001
281800116002,SSEN,18.0,5716.0,2024-12-10 18:30:00+00:00,"{'x': -0.373581, 'y': 51.46935}",SSEN-2818001160,SSEN-281800116002
281800116004,SSEN,17.0,4659.0,2024-12-10 18:30:00+00:00,"{'x': -0.373581, 'y': 51.46935}",SSEN-2818001160,SSEN-281800116004
281800116005,SSEN,43.0,21791.0,2024-12-10 18:30:00+00:00,"{'x': -0.373581, 'y': 51.46935}",SSEN-2818001160,SSEN-281800116005
281800116001,SSEN,46.0,19020.0,2024-12-10 19:00:00+00:00,"{'x': -0.373581, 'y': 51.46935}",SSEN-2818001160,SSEN-281800116001
281800116002,SSEN,18.0,7739.0,2024-12-10 19:00:00+00:00,"{'x': -0.373581, 'y': 51.46935}",SSEN-2818001160,SSEN-281800116002
281800116004,SSEN,17.0,5304.0,2024-12-10 19:00:00+00:00,"{'x': -0.373581, 'y': 51.46935}",SSEN-2818001160,SSEN-281800116004
281800116005,SSEN,43.0,21958.0,2024-12-10 19:00:00+00:00,"{'x': -0.373581, 'y': 51.46935}",SSEN-2818001160,SSEN-281800116005
281800116001,SSEN,46.0,18682.0,2024-12-10 19:30:00+00:00,"{'x': -0.373581, 'y': 51.46935}",SSEN-2818001160,SSEN-281800116001
281800116002,SSEN,18.0,6445.0,2024-12-10 19:30:00+00:00,"{'x': -0.373581, 'y': 51.46935}",SSEN-2818001160,SSEN-281800116002
281800116004,SSEN,17.0,6173.0,2024-12-10 19:30:00+00:00,"{'x': -0.373581, 'y': 51.46935}",SSEN-2818001160,SSEN-281800116004
281800116005,SSEN,43.0,20520.0,2024-12-10 19:30:00+00:00,"{'x': -0.373581, 'y': 51.46935}",SSEN-2818001160,SSEN-281800116005
281800116001,SSEN,46.0,19093.0,2024-12-10 20:00:00+00:00,"{'x': -0.373581, 'y': 51.46935}",SSEN-2818001160,SSEN-281800116001
281800116002,SSEN,18.0,7900.0,2024-12-10 20:00:00+00:00,"{'x': -0.373581, 'y': 51.46935}",SSEN-2818001160,SSEN-281800116002
281800116004,SSEN,17.0,6464.0,2024-12-10 20:00:00+00:00,"{'x': -0.373581, 'y': 51.46935}",SSEN-2818001160,SSEN-281800116004
281800116005,SSEN,43.0,23536.0,2024-12-10 20:00:00+00:00,"{'x': -0.373581, 'y': 51.46935}",SSEN-2818001160,SSEN-281800116005
281800116001,SSEN,46.0,21789.0,2024-12-10 20:30:00+00:00,"{'x': -0.373581, 'y': 51.46935}",SSEN-2818001160,SSEN-281800116001
281800116002,SSEN,18.0,6599.0,2024-12-10 20:30:00+00:00,"{'x': -0.373581, 'y': 51.46935}",SSEN-2818001160,SSEN-281800116002
281800116004,SSEN,17.0,6274.0,2024-12-10 20:30:00+00:00,"{'x': -0.373581, 'y': 51.46935}",SSEN-2818001160,SSEN-281800116004
281800116005,SSEN,43.0,24491.0,2024-12-10 20:30:00+00:00,"{'x': -0.373581, 'y': 51.46935}",SSEN-2818001160,SSEN-281800116005
281800116001,SSEN,46.0,22314.0,2024-12-10 21:00:00+00:00,"{'x': -0.373581, 'y': 51.46935}",SSEN-2818001160,SSEN-281800116001
281800116002,SSEN,18.0,6858.0,2024-12-10 21:00:00+00:00,"{'x': -0.373581, 'y': 51.46935}",SSEN-2818001160,SSEN-281800116002
281800116004,SSEN,17.0,5921.0,2024-12-10 21:00:00+00:00,"{'x': -0.373581, 'y': 51.46935}",SSEN-2818001160,SSEN-281800116004
281800116005,SSEN,43.0,19826.0,2024-12-10 21:00:00+00:00,"{'x': -0.373581, 'y': 51.46935}",SSEN-2818001160,SSEN-281800116005
281800116001,SSEN,46.0,18767.0,2024-12-10 21:30:00+00:00,"{'x': -0.373581, 'y': 51.46935}",SSEN-2818001160,SSEN-281800116001
281800116002,SSEN,18.0,8438.0,2024-12-10 21:30:00+00:00,"{'x': -0.373581, 'y': 51.46935}",SSEN-2818001160,SSEN-281800116002
281800116004,SSEN,17.0,5315.0,2024-12-10 21:30:00+00:00,"{'x': -0.373581, 'y': 51.46935}",SSEN-2818001160,SSEN-281800116004
281800116005,SSEN,43.0,21784.0,2024-12-10 21:30:00+00:00,"{'x': -0.373581, 'y': 51.46935}",SSEN-2818001160,SSEN-281800116005
281800116001,SSEN,46.0,17618.0,2024-12-10 22:00:00+00:00,"{'x': -0.373581, 'y': 51.46935}",SSEN-2818001160,SSEN-281800116001
281800116002,SSEN,18.0,6891.0,2024-12-10 22:00:00+00:00,"{'x': -0.373581, 'y': 51.46935}",SSEN-2818001160,SSEN-281800116002
281800116004,SSEN,17.0,4507.0,2024-12-10 22:00:00+00:00,"{'x': -0.373581, 'y': 51.46935}",SSEN-2818001160,SSEN-281800116004
281800116005,SSEN,43.0,21774.0,2024-12-10 22:00:00+00:00,"{'x': -0.373581, 'y': 51.46935}",SSEN-2818001160,SSEN-281800116005
281800116001,SSEN,46.0,15787.0,2024-12-10 22:30:00+00:00,"{'x': -0.373581, 'y': 51.46935}",SSEN-2818001160,SSEN-281800116001
281800116002,SSEN,18.0,7838.0,2024-12-10 22:30:00+00:00,"{'x': -0.373581, 'y': 51.46935}",SSEN-2818001160,SSEN-281800116002
281800116004,SSEN,17.0,4665.0,2024-12-10 22:30:00+00:00,"{'x': -0.373581, 'y': 51.46935}",SSEN-2818001160,SSEN-281800116004
281800116005,SSEN,43.0,19632.0,2024-12-10 22:30:00+00:00,"{'x': -0.373581, 'y': 51.46935}",SSEN-2818001160,SSEN-281800116005
281800116001,SSEN,46.0,14070.0,2024-12-10 23:00:00+00:00,"{'x': -0.373581, 'y': 51.46935}",SSEN-2818001160,SSEN-281800116001
281800116002,SSEN,18.0,8501.0,2024-12-10 23:00:00+00:00,"{'x': -0.373581, 'y': 51.46935}",SSEN-2818001160,SSEN-281800116002
281800116004,SSEN,17.0,5678.0,2024-12-10 23:00:00+00:00,"{'x': -0.373581, 'y': 51.46935}",SSEN-2818001160,SSEN-281800116004
281800116005,SSEN,43.0,19742.0,2024-12-10 23:00:00+00:00,"{'x': -0.373581, 'y': 51.46935}",SSEN-2818001160,SSEN-281800116005
281800116001,SSEN,46.0,12640.0,2024-12-10 23:30:00+00:00,"{'x': -0.373581, 'y': 51.46935}",SSEN-2818001160,SSEN-281800116001
281800116002,SSEN,18.0,12042.0,2024-12-10 23:30:00+00:00,"{'x': -0.373581, 'y': 51.46935}",SSEN-2818001160,SSEN-281800116002
281800116004,SSEN,17.0,5481.0,2024-12-10 23:30:00+00:00,"{'x': -0.373581, 'y': 51.46935}",SSEN-2818001160,SSEN-281800116004
281800116005,SSEN,43.0,17687.0,2024-12-10 23:30:00+00:00,"{'x': -0.373581, 'y': 51.46935}",SSEN-2818001160,SSEN-281800116005
281800116001,SSEN,46.0,11026.0,2024-12-11 00:00:00+00:00,"{'x': -0.373581, 'y': 51.46935}",SSEN-2818001160,SSEN-281800116001
281800116002,SSEN,18.0,12363.0,2024-12-11 00:00:00+00:00,"{'x': -0.373581, 'y': 51.46935}",SSEN-2818001160,SSEN-281800116002
281800116004,SSEN,17.0,4426.0,2024-12-11 00:00:00+00:00,"{'x': -0.373581, 'y': 51.46935}",SSEN-2818001160,SSEN-281800116004
281800116005,SSEN,43.0,18371.0,2024-12-11 00:00:00+00:00,"{'x': -0.373581, 'y': 51.46935}",SSEN-2818001160,SSEN-281800116005
281800116001,SSEN,45.0,12707.0,2024-12-11 00:30:00+00:00,"{'x': -0.373581, 'y': 51.46935}",SSEN-2818001160,SSEN-281800116001
281800116002,SSEN,18.0,11637.0,2024-12-11 00:30:00+00:00,"{'x': -0.373581, 'y': 51.46935}",SSEN-2818001160,SSEN-281800116002
281800116004,SSEN,17.0,3566.0,2024-12-11 00:30:00+00:00,"{'x': -0.373581, 'y': 51.46935}",SSEN-2818001160,SSEN-281800116004
281800116005,SSEN,43.0,18354.0,2024-12-11 00:30:00+00:00,"{'x': -0.373581, 'y': 51.46935}",SSEN-2818001160,SSEN-281800116005
281800116001,SSEN,45.0,10340.0,2024-12-11 01:00:00+00:00,"{'x': -0.373581, 'y': 51.46935}",SSEN-2818001160,SSEN-281800116001
281800116002,SSEN,18.0,6783.0,2024-12-11 01:00:00+00:00,"{'x': -0.373581, 'y': 51.46935}",SSEN-2818001160,SSEN-281800116002
281800116004,SSEN,17.0,3300.0,2024-12-11 01:00:00+00:00,"{'x': -0.373581, 'y': 51.46935}",SSEN-2818001160,SSEN-281800116004
281800116005,SSEN,43.0,14511.0,2024-12-11 01:00:00+00:00,"{'x': -0.373581, 'y': 51.46935}",SSEN-2818001160,SSEN-281800116005
281800116001,SSEN,45.0,10931.0,2024-12-11 01:30:00+00:00,"{'x': -0.373581, 'y': 51.46935}",SSEN-2818001160,SSEN-281800116001
281800116002,SSEN,18.0,6406.0,2024-12-11 01:30:00+00:00,"{'x': -0.373581, 'y': 51.46935}",SSEN-2818001160,SSEN-281800116002
281800116004,SSEN,17.0,3737.0,2024-12-11 01:30:00+00:00,"{'x': -0.373581, 'y': 51.46935}",SSEN-2818001160,SSEN-281800116004
281800116005,SSEN,43.0,14182.0,2024-12-11 01:30:00+00:00,"{'x': -0.373581, 'y': 51.46935}",SSEN-2818001160,SSEN-281800116005
281800116001,SSEN,45.0,10192.0,2024-12-11 02:00:00+00:00,"{'x': -0.373581, 'y': 51.46935}",SSEN-2818001160,SSEN-281800116001
281800116002,SSEN,18.0,5492.0,2024-12-11 02:00:00+00:00,"{'x': -0.373581, 'y': 51.46935}",SSEN-2818001160,SSEN-281800116002
281800116004,SSEN,17.0,2708.0,2024-12-11 02:00:00+00:00,"{'x': -0.373581, 'y': 51.46935}",SSEN-2818001160,SSEN-281800116004
281800116005,SSEN,43.0,16859.0,2024-12-11 02:00:00+00:00,"{'x': -0.373581, 'y': 51.46935}",SSEN-2818001160,SSEN-281800116005
281800116001,SSEN,45.0,10281.0,2024-12-11 02:30:00+00:00,"{'x': -0.373581, 'y': 51.46935}",SSEN-2818001160,SSEN-281800116001
281800116002,SSEN,18.0,4837.0,2024-12-11 02:30:00+00:00,"{'x': -0.373581, 'y': 51.46935}",SSEN-2818001160,SSEN-281800116002
281800116004,SSEN,17.0,2814.0,2024-12-11 02:30:00+00:00,"{'x': -0.373581, 'y': 51.46935}",SSEN-2818001160,SSEN-281800116004
281800116005,SSEN,43.0,19381.0,2024-12-11 02:30:00+00:00,"{'x': -0.373581, 'y': 51.46935}",SSEN-2818001160,SSEN-281800116005
281800116001,SSEN,45.0,9238.0,2024-12-11 03:00:00+00:00,"{'x': -0.373581, 'y': 51.46935}",SSEN-2818001160,SSEN-281800116001
281800116002,SSEN,18.0,5456.0,2024-12-11 03:00:00+00:00,"{'x': -0.373581, 'y': 51.46935}",SSEN-2818001160,SSEN-281800116002
281800116004,SSEN,17.0,2562.0,2024-12-11 03:00:00+00:00,"{'x': -0.373581, 'y': 51.46935}",SSEN-2818001160,SSEN-281800116004
281800116005,SSEN,43.0,16059.0,2024-12-11 03:00:00+00:00,"{'x': -0.373581, 'y': 51.46935}",SSEN-2818001160,SSEN-281800116005
281800116001,SSEN,45.0,9135.0,2024-12-11 03:30:00+00:00,"{'x': -0.373581, 'y': 51.46935}",SSEN-2818001160,SSEN-281800116001
281800116002,SSEN,18.0,3841.0,2024-12-11 03:30:00+00:00,"{'x': -0.373581, 'y': 51.46935}",SSEN-2818001160,SSEN-281800116002
281800116004,SSEN,17.0,2668.0,2024-12-11 03:30:00+00:00,"{'x': -0.373581, 'y': 51.46935}",SSEN-2818001160,SSEN-281800116004
281800116005,SSEN,43.0,14737.0,2024-12-11 03:30:00+00:00,"{'x': -0.373581, 'y': 51.46935}",SSEN-2818001160,SSEN-281800116005
281800116001,SSEN,45.0,8950.0,2024-12-11 04:00:00+00:00,"{'x': -0.373581, 'y': 51.46935}",SSEN-2818001160,SSEN-281800116001
281800116002,SSEN,18.0,2465.0,2024-12-11 04:00:00+00:00,"{'x': -0.373581, 'y': 51.46935}",SSEN-2818001160,SSEN-281800116002
281800116004,SSEN,17.0,2595.0,2024-12-11 04:00:00+00:00,"{'x': -0.373581, 'y': 51.46935}",SSEN-2818001160,SSEN-281800116004
281800116005,SSEN,43.0,14568.0,2024-12-11 04:00:00+00:00,"{'x': -0.373581, 'y': 51.46935}",SSEN-2818001160,SSEN-281800116005
281800116001,SSEN,45.0,9422.0,2024-12-11 04:30:00+00:00,"{'x': -0.373581, 'y': 51.46935}",SSEN-2818001160,SSEN-281800116001
281800116002,SSEN,18.0,2876.0,2024-12-11 04:30:00+00:00,"{'x': -0.373581, 'y': 51.46935}",SSEN-2818001160,SSEN-281800116002
281800116004,SSEN,17.0,2635.0,2024-12-11 04:30:00+00:00,"{'x': -0.373581, 'y': 51.46935}",SSEN-2818001160,SSEN-281800116004
281800116005,SSEN,43.0,15038.0,2024-12-11 04:30:00+00:00,"{'x': -0.373581, 'y': 51.46935}",SSEN-2818001160,SSEN-281800116005
281800116001,SSEN,45.0,10917.0,2024-12-11 05:00:00+00:00,"{'x': -0.373581, 'y': 51.46935}",SSEN-2818001160,SSEN-281800116001
281800116002,SSEN,18.0,2547.0,2024-12-11 05:00:00+00:00,"{'x': -0.373581, 'y': 51.46935}",SSEN-2818001160,SSEN-281800116002
281800116004,SSEN,17.0,3193.0,2024-12-11 05:00:00+00:00,"{'x': -0.373581, 'y': 51.46935}",SSEN-2818001160,SSEN-281800116004
281800116005,SSEN,43.0,11327.0,2024-12-11 05:00:00+00:00,"{'x': -0.373581, 'y': 51.46935}",SSEN-2818001160,SSEN-281800116005
281800116001,SSEN,45.0,9257.0,2024-12-11 05:30:00+00:00,"{'x': -0.373581, 'y': 51.46935}",SSEN-2818001160,SSEN-281800116001
281800116002,SSEN,18.0,2064.0,2024-12-11 05:30:00+00:00,"{'x': -0.373581, 'y': 51.46935}",SSEN-2818001160,SSEN-281800116002
281800116004,SSEN,17.0,3712.0,2024-12-11 05:30:00+00:00,"{'x': -0.373581, 'y': 51.46935}",SSEN-2818001160,SSEN-281800116004
281800116005,SSEN,43.0,13276.0,2024-12-11 05:30:00+00:00,"{'x': -0.373581, 'y': 51.46935}",SSEN-2818001160,SSEN-281800116005
281800116001,SSEN,45.0,10167.0,2024-12-11 06:00:00+00:00,"{'x': -0.373581, 'y': 51.46935}",SSEN-2818001160,SSEN-281800116001
281800116002,SSEN,18.0,2575.0,2024-12-11 06:00:00+00:00,"{'x': -0.373581, 'y': 51.46935}",SSEN-2818001160,SSEN-281800116002
281800116004,SSEN,17.0,4642.0,2024-12-11 06:00:00+00:00,"{'x': -0.373581, 'y': 51.46935}",SSEN-2818001160,SSEN-281800116004
281800116005,SSEN,43.0,13005.0,2024-12-11 06:00:00+00:00,"{'x': -0.373581, 'y': 51.46935}",SSEN-2818001160,SSEN-281800116005
281800116001,SSEN,45.0,10304.0,2024-12-11 06:30:00+00:00,"{'x': -0.373581, 'y': 51.46935}",SSEN-2818001160,SSEN-281800116001
281800116002,SSEN,18.0,3551.0,2024-12-11 06:30:00+00:00,"{'x': -0.373581, 'y': 51.46935}",SSEN-2818001160,SSEN-281800116002
281800116004,SSEN,17.0,5529.0,2024-12-11 06:30:00+00:00,"{'x': -0.373581, 'y': 51.46935}",SSEN-2818001160,SSEN-281800116004
281800116005,SSEN,43.0,13508.0,2024-12-11 06:30:00+00:00,"{'x': -0.373581, 'y': 51.46935}",SSEN-2818001160,SSEN-281800116005
281800116001,SSEN,45.0,11632.0,2024-12-11 07:00:00+00:00,"{'x': -0.373581, 'y': 51.46935}",SSEN-2818001160,SSEN-281800116001
281800116002,SSEN,18.0,5387.0,2024-12-11 07:00:00+00:00,"{'x': -0.373581, 'y': 51.46935}",SSEN-2818001160,SSEN-281800116002
281800116004,SSEN,17.0,5262.0,2024-12-11 07:00:00+00:00,"{'x': -0.373581, 'y': 51.46935}",SSEN-2818001160,SSEN-281800116004
281800116005,SSEN,43.0,13888.0,2024-12-11 07:00:00+00:00,"{'x': -0.373581, 'y': 51.46935}",SSEN-2818001160,SSEN-281800116005
281800116001,SSEN,45.0,16218.0,2024-12-11 07:30:00+00:00,"{'x': -0.373581, 'y': 51.46935}",SSEN-2818001160,SSEN-281800116001
281800116002,SSEN,18.0,3336.0,2024-12-11 07:30:00+00:00,"{'x': -0.373581, 'y': 51.46935}",SSEN-2818001160,SSEN-281800116002
281800116004,SSEN,17.0,4300.0,2024-12-11 07:30:00+00:00,"{'x': -0.373581, 'y': 51.46935}",SSEN-2818001160,SSEN-281800116004
281800116005,SSEN,43.0,17550.0,2024-12-11 07:30:00+00:00,"{'x': -0.373581, 'y': 51.46935}",SSEN-2818001160,SSEN-281800116005
281800116001,SSEN,45.0,16666.0,2024-12-11 08:00:00+00:00,"{'x': -0.373581, 'y': 51.46935}",SSEN-2818001160,SSEN-281800116001
281800116002,SSEN,18.0,4071.0,2024-12-11 08:00:00+00:00,"{'x': -0.373581, 'y': 51.46935}",SSEN-2818001160,SSEN-281800116002
281800116004,SSEN,17.0,4441.0,2024-12-11 08:00:00+00:00,"{'x': -0.373581, 'y': 51.46935}",SSEN-2818001160,SSEN-281800116004
281800116005,SSEN,43.0,11396.0,2024-12-11 08:00:00+00:00,"{'x': -0.373581, 'y': 51.46935}",SSEN-2818001160,SSEN-281800116005
281800116001,SSEN,45.0,17351.0,2024-12-11 08:30:00+00:00,"{'x': -0.373581, 'y': 51.46935}",SSEN-2818001160,SSEN-281800116001
281800116002,SSEN,18.0,4934.0,2024-12-11 08:30:00+00:00,"{'x': -0.373581, 'y': 51.46935}",SSEN-2818001160,SSEN-281800116002
281800116004,SSEN,17.0,4090.0,2024-12-11 08:30:00+00:00,"{'x': -0.373581, 'y': 51.46935}",SSEN-2818001160,SSEN-281800116004
281800116005,SSEN,43.0,11693.0,2024-12-11 08:30:00+00:00,"{'x': -0.373581, 'y': 51.46935}",SSEN-2818001160,SSEN-281800116005
281800116001,SSEN,45.0,15101.0,2024-12-11 09:00:00+00:00,"{'x': -0.373581, 'y': 51.46935}",SSEN-2818001160,SSEN-281800116001
281800116002,SSEN,18.0,3607.0,2024-12-11 09:00:00+00:00,"{'x': -0.373581, 'y': 51.46935}",SSEN-2818001160,SSEN-281800116002
281800116004,SSEN,17.0,4240.0,2024-12-11 09:00:00+00:00,"{'x': -0.373581, 'y': 51.46935}",SSEN-2818001160,SSEN-281800116004
281800116005,SSEN,43.0,12378.0,2024-12-11 09:00:00+00:00,"{'x': -0.373581, 'y': 51.46935}",SSEN-2818001160,SSEN-281800116005
281800116001,SSEN,45.0,17048.0,2024-12-11 09:30:00+00:00,"{'x': -0.373581, 'y': 51.46935}",SSEN-2818001160,SSEN-281800116001
281800116002,SSEN,18.0,3401.0,2024-12-11 09:30:00+00:00,"{'x': -0.373581, 'y': 51.46935}",SSEN-2818001160,SSEN-281800116002
281800116004,SSEN,17.0,5426.0,2024-12-11 09:30:00+00:00,"{'x': -0.373581, 'y': 51.46935}",SSEN-2818001160,SSEN-281800116004
281800116005,SSEN,43.0,15177.0,2024-12-11 09:30:00+00:00,"{'x': -0.373581, 'y': 51.46935}",SSEN-2818001160,SSEN-281800116005
281800116001,SSEN,45.0,17250.0,2024-12-11 10:00:00+00:00,"{'x': -0.373581, 'y': 51.46935}",SSEN-2818001160,SSEN-281800116001
281800116002,SSEN,18.0,5786.0,2024-12-11 10:00:00+00:00,"{'x': -0.373581, 'y': 51.46935}",SSEN-2818001160,SSEN-281800116002
281800116004,SSEN,17.0,9025.0,2024-12-11 10:00:00+00:00,"{'x': -0.373581, 'y': 51.46935}",SSEN-2818001160,SSEN-281800116004
281800116005,SSEN,43.0,12925.0,2024-12-11 10:00:00+00:00,"{'x': -0.373581, 'y': 51.46935}",SSEN-2818001160,SSEN-281800116005
281800116001,SSEN,45.0,14386.0,2024-12-11 10:30:00+00:00,"{'x': -0.373581, 'y': 51.46935}",SSEN-2818001160,SSEN-281800116001
281800116002,SSEN,18.0,4509.0,2024-12-11 10:30:00+00:00,"{'x': -0.373581, 'y': 51.46935}",SSEN-2818001160,SSEN-281800116002
281800116004,SSEN,17.0,7197.0,2024-12-11 10:30:00+00:00,"{'x': -0.373581, 'y': 51.46935}",SSEN-2818001160,SSEN-281800116004
281800116005,SSEN,43.0,10685.0,2024-12-11 10:30:00+00:00,"{'x': -0.373581, 'y': 51.46935}",SSEN-2818001160,SSEN-281800116005
281800116001,SSEN,45.0,13049.0,2024-12-11 11:00:00+00:00,"{'x': -0.373581, 'y': 51.46935}",SSEN-2818001160,SSEN-281800116001
281800116002,SSEN,18.0,4446.0,2024-12-11 11:00:00+00:00,"{'x': -0.373581, 'y': 51.46935}",SSEN-2818001160,SSEN-281800116002
281800116004,SSEN,17.0,4840.0,2024-12-11 11:00:00+00:00,"{'x': -0.373581, 'y': 51.46935}",SSEN-2818001160,SSEN-281800116004
281800116005,SSEN,43.0,13143.0,2024-12-11 11:00:00+00:00,"{'x': -0.373581, 'y': 51.46935}",SSEN-2818001160,SSEN-281800116005
281800116001,SSEN,45.0,15444.0,2024-12-11 11:30:00+00:00,"{'x': -0.373581, 'y': 51.46935}",SSEN-2818001160,SSEN-281800116001
281800116002,SSEN,18.0,2984.0,2024-12-11 11:30:00+00:00,"{'x': -0.373581, 'y': 51.46935}",SSEN-2818001160,SSEN-281800116002
281800116004,SSEN,17.0,6170.0,2024-12-11 11:30:00+00:00,"{'x': -0.373581, 'y': 51.46935}",SSEN-2818001160,SSEN-281800116004
281800116005,SSEN,43.0,12798.0,2024-12-11 11:30:00+00:00,"{'x': -0.373581, 'y': 51.46935}",SSEN-2818001160,SSEN-281800116005
281800116001,SSEN,45.0,14995.0,2024-12-11 12:00:00+00:00,"{'x': -0.373581, 'y': 51.46935}",SSEN-2818001160,SSEN-281800116001
281800116002,SSEN,18.0,3757.0,2024-12-11 12:00:00+00:00,"{'x': -0.373581, 'y': 51.46935}",SSEN-2818001160,SSEN-281800116002
281800116004,SSEN,17.0,7737.0,2024-12-11 12:00:00+00:00,"{'x': -0.373581, 'y': 51.46935}",SSEN-2818001160,SSEN-281800116004
281800116005,SSEN,43.0,12323.0,2024-12-11 12:00:00+00:00,"{'x': -0.373581, 'y': 51.46935}",SSEN-2818001160,SSEN-281800116005
281800116001,SSEN,45.0,13556.0,2024-12-11 12:30:00+00:00,"{'x': -0.373581, 'y': 51.46935}",SSEN-2818001160,SSEN-281800116001
281800116002,SSEN,18.0,2867.0,2024-12-11 12:30:00+00:00,"{'x': -0.373581, 'y': 51.46935}",SSEN-2818001160,SSEN-281800116002
281800116004,SSEN,17.0,6400.0,2024-12-11 12:30:00+00:00,"{'x': -0.373581, 'y': 51.46935}",SSEN-2818001160,SSEN-281800116004
281800116005,SSEN,43.0,14400.0,2024-12-11 12:30:00+00:00,"{'x': -0.373581, 'y': 51.46935}",SSEN-2818001160,SSEN-281800116005
281800116001,SSEN,45.0,13715.0,2024-12-11 13:00:00+00:00,"{'x': -0.373581, 'y': 51.46935}",SSEN-2818001160,SSEN-281800116001
281800116002,SSEN,18.0,3309.0,2024-12-11 13:00:00+00:00,"{'x': -0.373581, 'y': 51.46935}",SSEN-2818001160,SSEN-281800116002
281800116004,SSEN,17.0,5178.0,2024-12-11 13:00:00+00:00,"{'x': -0.373581, 'y': 51.46935}",SSEN-2818001160,SSEN-281800116004
281800116005,SSEN,43.0,16798.0,2024-12-11 13:00:00+00:00,"{'x': -0.373581, 'y': 51.46935}",SSEN-2818001160,SSEN-281800116005
281800116001,SSEN,45.0,13431.0,2024-12-11 13:30:00+00:00,"{'x': -0.373581, 'y': 51.46935}",SSEN-2818001160,SSEN-281800116001
281800116002,SSEN,18.0,5246.0,2024-12-11 13:30:00+00:00,"{'x': -0.373581, 'y': 51.46935}",SSEN-2818001160,SSEN-281800116002
281800116004,SSEN,17.0,6408.0,2024-12-11 13:30:00+00:00,"{'x': -0.373581, 'y': 51.46935}",SSEN-2818001160,SSEN-281800116004
281800116005,SSEN,43.0,12354.0,2024-12-11 13:30:00+00:00,"{'x': -0.373581, 'y': 51.46935}",SSEN-2818001160,SSEN-281800116005
281800116001,SSEN,45.0,13121.0,2024-12-11 14:00:00+00:00,"{'x': -0.373581, 'y': 51.46935}",SSEN-2818001160,SSEN-281800116001
281800116002,SSEN,18.0,4575.0,2024-12-11 14:00:00+00:00,"{'x': -0.373581, 'y': 51.46935}",SSEN-2818001160,SSEN-281800116002
281800116004,SSEN,17.0,5456.0,2024-12-11 14:00:00+00:00,"{'x': -0.373581, 'y': 51.46935}",SSEN-2818001160,SSEN-281800116004
281800116005,SSEN,43.0,13645.0,2024-12-11 14:00:00+00:00,"{'x': -0.373581, 'y': 51.46935}",SSEN-2818001160,SSEN-281800116005
281800116001,SSEN,45.0,11386.0,2024-12-11 14:30:00+00:00,"{'x': -0.373581, 'y': 51.46935}",SSEN-2818001160,SSEN-281800116001
281800116002,SSEN,18.0,3470.0,2024-12-11 14:30:00+00:00,"{'x': -0.373581, 'y': 51.46935}",SSEN-2818001160,SSEN-281800116002
281800116004,SSEN,17.0,5965.0,2024-12-11 14:30:00+00:00,"{'x': -0.373581, 'y': 51.46935}",SSEN-2818001160,SSEN-281800116004
281800116005,SSEN,43.0,13596.0,2024-12-11 14:30:00+00:00,"{'x': -0.373581, 'y': 51.46935}",SSEN-2818001160,SSEN-281800116005
281800116001,SSEN,45.0,14106.0,2024-12-11 15:00:00+00:00,"{'x': -0.373581, 'y': 51.46935}",SSEN-2818001160,SSEN-281800116001
281800116002,SSEN,18.0,6122.0,2024-12-11 15:00:00+00:00,"{'x': -0.373581, 'y': 51.46935}",SSEN-2818001160,SSEN-281800116002
281800116004,SSEN,17.0,5407.0,2024-12-11 15:00:00+00:00,"{'x': -0.373581, 'y': 51.46935}",SSEN-2818001160,SSEN-281800116004
281800116005,SSEN,43.0,12571.0,2024-12-11 15:00:00+00:00,"{'x': -0.373581, 'y': 51.46935}",SSEN-2818001160,SSEN-281800116005
281800116001,SSEN,45.0,13219.0,2024-12-11 15:30:00+00:00,"{'x': -0.373581, 'y': 51.46935}",SSEN-2818001160,SSEN-281800116001
281800116002,SSEN,18.0,4467.0,2024-12-11 15:30:00+00:00,"{'x': -0.373581, 'y': 51.46935}",SSEN-2818001160,SSEN-281800116002
281800116004,SSEN,17.0,5949.0,2024-12-11 15:30:00+00:00,"{'x': -0.373581, 'y': 51.46935}",SSEN-2818001160,SSEN-281800116004
281800116005,SSEN,43.0,14577.0,2024-12-11 15:30:00+00:00,"{'x': -0.373581, 'y': 51.46935}",SSEN-2818001160,SSEN-281800116005
281800116001,SSEN,45.0,13690.0,2024-12-11 16:00:00+00:00,"{'x': -0.373581, 'y': 51.46935}",SSEN-2818001160,SSEN-281800116001
281800116002,SSEN,18.0,4104.0,2024-12-11 16:00:00+00:00,"{'x': -0.373581, 'y': 51.46935}",SSEN-2818001160,SSEN-281800116002
281800116004,SSEN,17.0,5571.0,2024-12-11 16:00:00+00:00,"{'x': -0.373581, 'y': 51.46935}",SSEN-2818001160,SSEN-281800116004
281800116005,SSEN,43.0,14641.0,2024-12-11 16:00:00+00:00,"{'x': -0.373581, 'y': 51.46935}",SSEN-2818001160,SSEN-281800116005
281800116001,SSEN,45.0,15908.0,2024-12-11 16:30:00+00:00,"{'x': -0.373581, 'y': 51.46935}",SSEN-2818001160,SSEN-281800116001
281800116002,SSEN,18.0,5523.0,2024-12-11 16:30:00+00:00,"{'x': -0.373581, 'y': 51.46935}",SSEN-2818001160,SSEN-281800116002
281800116004,SSEN,17.0,7854.0,2024-12-11 16:30:00+00:00,"{'x': -0.373581, 'y': 51.46935}",SSEN-2818001160,SSEN-281800116004
281800116005,SSEN,43.0,14987.0,2024-12-11 16:30:00+00:00,"{'x': -0.373581, 'y': 51.46935}",SSEN-2818001160,SSEN-281800116005
281800116001,SSEN,45.0,16040.0,2024-12-11 17:00:00+00:00,"{'x': -0.373581, 'y': 51.46935}",SSEN-2818001160,SSEN-281800116001
281800116002,SSEN,18.0,6412.0,2024-12-11 17:00:00+00:00,"{'x': -0.373581, 'y': 51.46935}",SSEN-2818001160,SSEN-281800116002
281800116004,SSEN,17.0,8084.0,2024-12-11 17:00:00+00:00,"{'x': -0.373581, 'y': 51.46935}",SSEN-2818001160,SSEN-281800116004
281800116005,SSEN,43.0,18474.0,2024-12-11 17:00:00+00:00,"{'x': -0.373581, 'y': 51.46935}",SSEN-2818001160,SSEN-281800116005
281800116001,SSEN,45.0,18929.0,2024-12-11 17:30:00+00:00,"{'x': -0.373581, 'y': 51.46935}",SSEN-2818001160,SSEN-281800116001
281800116002,SSEN,18.0,7955.0,2024-12-11 17:30:00+00:00,"{'x': -0.373581, 'y': 51.46935}",SSEN-2818001160,SSEN-281800116002
281800116004,SSEN,17.0,8668.0,2024-12-11 17:30:00+00:00,"{'x': -0.373581, 'y': 51.46935}",SSEN-2818001160,SSEN-281800116004
281800116005,SSEN,43.0,17970.0,2024-12-11 17:30:00+00:00,"{'x': -0.373581, 'y': 51.46935}",SSEN-2818001160,SSEN-281800116005
281800116001,SSEN,45.0,19366.0,2024-12-11 18:00:00+00:00,"{'x': -0.373581, 'y': 51.46935}",SSEN-2818001160,SSEN-281800116001
281800116002,SSEN,18.0,8087.0,2024-12-11 18:00:00+00:00,"{'x': -0.373581, 'y': 51.46935}",SSEN-2818001160,SSEN-281800116002
281800116004,SSEN,17.0,6473.0,2024-12-11 18:00:00+00:00,"{'x': -0.373581, 'y': 51.46935}",SSEN-2818001160,SSEN-281800116004
281800116005,SSEN,43.0,18508.0,2024-12-11 18:00:00+00:00,"{'x': -0.373581, 'y': 51.46935}",SSEN-2818001160,SSEN-281800116005
281800116001,SSEN,45.0,21102.0,2024-12-11 18:30:00+00:00,"{'x': -0.373581, 'y': 51.46935}",SSEN-2818001160,SSEN-281800116001
281800116002,SSEN,18.0,7402.0,2024-12-11 18:30:00+00:00,"{'x': -0.373581, 'y': 51.46935}",SSEN-2818001160,SSEN-281800116002
281800116004,SSEN,17.0,4241.0,2024-12-11 18:30:00+00:00,"{'x': -0.373581, 'y': 51.46935}",SSEN-2818001160,SSEN-281800116004
281800116005,SSEN,43.0,21206.0,2024-12-11 18:30:00+00:00,"{'x': -0.373581, 'y': 51.46935}",SSEN-2818001160,SSEN-281800116005
281800116001,SSEN,45.0,19299.0,2024-12-11 19:00:00+00:00,"{'x': -0.373581, 'y': 51.46935}",SSEN-2818001160,SSEN-281800116001
281800116002,SSEN,18.0,9231.0,2024-12-11 19:00:00+00:00,"{'x': -0.373581, 'y': 51.46935}",SSEN-2818001160,SSEN-281800116002
281800116004,SSEN,17.0,5606.0,2024-12-11 19:00:00+00:00,"{'x': -0.373581, 'y': 51.46935}",SSEN-2818001160,SSEN-281800116004
281800116005,SSEN,43.0,20766.0,2024-12-11 19:00:00+00:00,"{'x': -0.373581, 'y': 51.46935}",SSEN-2818001160,SSEN-281800116005
281800116001,SSEN,45.0,16169.0,2024-12-11 19:30:00+00:00,"{'x': -0.373581, 'y': 51.46935}",SSEN-2818001160,SSEN-281800116001
281800116002,SSEN,18.0,6242.0,2024-12-11 19:30:00+00:00,"{'x': -0.373581, 'y': 51.46935}",SSEN-2818001160,SSEN-281800116002
281800116004,SSEN,17.0,4196.0,2024-12-11 19:30:00+00:00,"{'x': -0.373581, 'y': 51.46935}",SSEN-2818001160,SSEN-281800116004
281800116005,SSEN,43.0,22392.0,2024-12-11 19:30:00+00:00,"{'x': -0.373581, 'y': 51.46935}",SSEN-2818001160,SSEN-281800116005
281800116001,SSEN,45.0,13952.0,2024-12-11 20:00:00+00:00,"{'x': -0.373581, 'y': 51.46935}",SSEN-2818001160,SSEN-281800116001
281800116002,SSEN,18.0,6851.0,2024-12-11 20:00:00+00:00,"{'x': -0.373581, 'y': 51.46935}",SSEN-2818001160,SSEN-281800116002
281800116004,SSEN,17.0,4811.0,2024-12-11 20:00:00+00:00,"{'x': -0.373581, 'y': 51.46935}",SSEN-2818001160,SSEN-281800116004
281800116005,SSEN,43.0,24786.0,2024-12-11 20:00:00+00:00,"{'x': -0.373581, 'y': 51.46935}",SSEN-2818001160,SSEN-281800116005
281800116001,SSEN,45.0,17157.0,2024-12-11 20:30:00+00:00,"{'x': -0.373581, 'y': 51.46935}",SSEN-2818001160,SSEN-281800116001
281800116002,SSEN,18.0,7679.0,2024-12-11 20:30:00+00:00,"{'x': -0.373581, 'y': 51.46935}",SSEN-2818001160,SSEN-281800116002
281800116004,SSEN,17.0,6351.0,2024-12-11 20:30:00+00:00,"{'x': -0.373581, 'y': 51.46935}",SSEN-2818001160,SSEN-281800116004
281800116005,SSEN,43.0,24734.0,2024-12-11 20:30:00+00:00,"{'x': -0.373581, 'y': 51.46935}",SSEN-2818001160,SSEN-281800116005
281800116001,SSEN,45.0,14557.0,2024-12-11 21:00:00+00:00,"{'x': -0.373581, 'y': 51.46935}",SSEN-2818001160,SSEN-281800116001
281800116002,SSEN,18.0,5935.0,2024-12-11 21:00:00+00:00,"{'x': -0.373581, 'y': 51.46935}",SSEN-2818001160,SSEN-281800116002
281800116004,SSEN,17.0,5700.0,2024-12-11 21:00:00+00:00,"{'x': -0.373581, 'y': 51.46935}",SSEN-2818001160,SSEN-281800116004
281800116005,SSEN,43.0,24421.0,2024-12-11 21:00:00+00:00,"{'x': -0.373581, 'y': 51.46935}",SSEN-2818001160,SSEN-281800116005
281800116001,SSEN,45.0,16101.0,2024-12-11 21:30:00+00:00,"{'x': -0.373581, 'y': 51.46935}",SSEN-2818001160,SSEN-281800116001
281800116002,SSEN,18.0,9853.0,2024-12-11 21:30:00+00:00,"{'x': -0.373581, 'y': 51.46935}",SSEN-2818001160,SSEN-281800116002
281800116004,SSEN,17.0,5086.0,2024-12-11 21:30:00+00:00,"{'x': -0.373581, 'y': 51.46935}",SSEN-2818001160,SSEN-281800116004
281800116005,SSEN,43.0,21674.0,2024-12-11 21:30:00+00:00,"{'x': -0.373581, 'y': 51.46935}",SSEN-2818001160,SSEN-281800116005
281800116001,SSEN,45.0,13046.0,2024-12-11 22:00:00+00:00,"{'x': -0.373581, 'y': 51.46935}",SSEN-2818001160,SSEN-281800116001
281800116002,SSEN,18.0,10894.0,2024-12-11 22:00:00+00:00,"{'x': -0.373581, 'y': 51.46935}",SSEN-2818001160,SSEN-281800116002
281800116004,SSEN,17.0,3872.0,2024-12-11 22:00:00+00:00,"{'x': -0.373581, 'y': 51.46935}",SSEN-2818001160,SSEN-281800116004
281800116005,SSEN,43.0,23052.0,2024-12-11 22:00:00+00:00,"{'x': -0.373581, 'y': 51.46935}",SSEN-2818001160,SSEN-281800116005
281800116001,SSEN,45.0,11838.0,2024-12-11 22:30:00+00:00,"{'x': -0.373581, 'y': 51.46935}",SSEN-2818001160,SSEN-281800116001
281800116002,SSEN,18.0,11297.0,2024-12-11 22:30:00+00:00,"{'x': -0.373581, 'y': 51.46935}",SSEN-2818001160,SSEN-281800116002
281800116004,SSEN,17.0,5127.0,2024-12-11 22:30:00+00:00,"{'x': -0.373581, 'y': 51.46935}",SSEN-2818001160,SSEN-281800116004
281800116005,SSEN,43.0,21888.0,2024-12-11 22:30:00+00:00,"{'x': -0.373581, 'y': 51.46935}",SSEN-2818001160,SSEN-281800116005
281800116001,SSEN,45.0,10870.0,2024-12-11 23:00:00+00:00,"{'x': -0.373581, 'y': 51.46935}",SSEN-2818001160,SSEN-281800116001
281800116002,SSEN,18.0,9439.0,2024-12-11 23:00:00+00:00,"{'x': -0.373581, 'y': 51.46935}",SSEN-2818001160,SSEN-281800116002
281800116004,SSEN,17.0,4210.0,2024-12-11 23:00:00+00:00,"{'x': -0.373581, 'y': 51.46935}",SSEN-2818001160,SSEN-281800116004
281800116005,SSEN,43.0,21664.0,2024-12-11 23:00:00+00:00,"{'x': -0.373581, 'y': 51.46935}",SSEN-2818001160,SSEN-281800116005
281800116001,SSEN,45.0,9865.0,2024-12-11 23:30:00+00:00,"{'x': -0.373581, 'y': 51.46935}",SSEN-2818001160,SSEN-281800116001
281800116002,SSEN,18.0,8631.0,2024-12-11 23:30:00+00:00,"{'x': -0.373581, 'y': 51.46935}",SSEN-2818001160,SSEN-281800116002
281800116004,SSEN,17.0,4559.0,2024-12-11 23:30:00+00:00,"{'x': -0.373581, 'y': 51.46935}",SSEN-2818001160,SSEN-281800116004
281800116005,SSEN,43.0,17589.0,2024-12-11 23:30:00+00:00,"{'x': -0.373581, 'y': 51.46935}",SSEN-2818001160,SSEN-281800116005
281800116001,SSEN,45.0,10018.0,2024-12-12 00:00:00+00:00,"{'x': -0.373581, 'y': 51.46935}",SSEN-2818001160,SSEN-281800116001
281800116002,SSEN,18.0,8178.0,2024-12-12 00:00:00+00:00,"{'x': -0.373581, 'y': 51.46935}",SSEN-2818001160,SSEN-281800116002
281800116004,SSEN,17.0,5209.0,2024-12-12 00:00:00+00:00,"{'x': -0.373581, 'y': 51.46935}",SSEN-2818001160,SSEN-281800116004
281800116005,SSEN,43.0,16114.0,2024-12-12 00:00:00+00:00,"{'x': -0.373581, 'y': 51.46935}",SSEN-2818001160,SSEN-281800116005
281800116001,SSEN,45.0,10290.0,2024-12-12 00:30:00+00:00,"{'x': -0.373581, 'y': 51.46935}",SSEN-2818001160,SSEN-281800116001
281800116002,SSEN,18.0,8072.0,2024-12-12 00:30:00+00:00,"{'x': -0.373581, 'y': 51.46935}",SSEN-2818001160,SSEN-281800116002
281800116004,SSEN,17.0,4109.0,2024-12-12 00:30:00+00:00,"{'x': -0.373581, 'y': 51.46935}",SSEN-2818001160,SSEN-281800116004
281800116005,SSEN,43.0,15635.0,2024-12-12 00:30:00+00:00,"{'x': -0.373581, 'y': 51.46935}",SSEN-2818001160,SSEN-281800116005
281800116001,SSEN,45.0,8475.0,2024-12-12 01:00:00+00:00,"{'x': -0.373581, 'y': 51.46935}",SSEN-2818001160,SSEN-281800116001
281800116002,SSEN,18.0,7894.0,2024-12-12 01:00:00+00:00,"{'x': -0.373581, 'y': 51.46935}",SSEN-2818001160,SSEN-281800116002
281800116004,SSEN,17.0,5571.0,2024-12-12 01:00:00+00:00,"{'x': -0.373581, 'y': 51.46935}",SSEN-2818001160,SSEN-281800116004
281800116005,SSEN,43.0,13668.0,2024-12-12 01:00:00+00:00,"{'x': -0.373581, 'y': 51.46935}",SSEN-2818001160,SSEN-281800116005
281800116001,SSEN,45.0,8588.0,2024-12-12 01:30:00+00:00,"{'x': -0.373581, 'y': 51.46935}",SSEN-2818001160,SSEN-281800116001
281800116002,SSEN,18.0,5501.0,2024-12-12 01:30:00+00:00,"{'x': -0.373581, 'y': 51.46935}",SSEN-2818001160,SSEN-281800116002
281800116004,SSEN,17.0,4209.0,2024-12-12 01:30:00+00:00,"{'x': -0.373581, 'y': 51.46935}",SSEN-2818001160,SSEN-281800116004
281800116005,SSEN,43.0,11561.0,2024-12-12 01:30:00+00:00,"{'x': -0.373581, 'y': 51.46935}",SSEN-2818001160,SSEN-281800116005
281800116001,SSEN,45.0,8692.0,2024-12-12 02:00:00+00:00,"{'x': -0.373581, 'y': 51.46935}",SSEN-2818001160,SSEN-281800116001
281800116002,SSEN,18.0,5921.0,2024-12-12 02:00:00+00:00,"{'x': -0.373581, 'y': 51.46935}",SSEN-2818001160,SSEN-281800116002
281800116004,SSEN,17.0,3814.0,2024-12-12 02:00:00+00:00,"{'x': -0.373581, 'y': 51.46935}",SSEN-2818001160,SSEN-281800116004
281800116005,SSEN,43.0,12423.0,2024-12-12 02:00:00+00:00,"{'x': -0.373581, 'y': 51.46935}",SSEN-2818001160,SSEN-281800116005
281800116001,SSEN,45.0,7442.0,2024-12-12 02:30:00+00:00,"{'x': -0.373581, 'y': 51.46935}",SSEN-2818001160,SSEN-281800116001
281800116002,SSEN,18.0,5408.0,2024-12-12 02:30:00+00:00,"{'x': -0.373581, 'y': 51.46935}",SSEN-2818001160,SSEN-281800116002
281800116004,SSEN,17.0,3677.0,2024-12-12 02:30:00+00:00,"{'x': -0.373581, 'y': 51.46935}",SSEN-2818001160,SSEN-281800116004
281800116005,SSEN,43.0,11545.0,2024-12-12 02:30:00+00:00,"{'x': -0.373581, 'y': 51.46935}",SSEN-2818001160,SSEN-281800116005
281800116001,SSEN,45.0,7104.0,2024-12-12 03:00:00+00:00,"{'x': -0.373581, 'y': 51.46935}",SSEN-2818001160,SSEN-281800116001
281800116002,SSEN,18.0,6273.0,2024-12-12 03:00:00+00:00,"{'x': -0.373581, 'y': 51.46935}",SSEN-2818001160,SSEN-281800116002
281800116004,SSEN,17.0,4025.0,2024-12-12 03:00:00+00:00,"{'x': -0.373581, 'y': 51.46935}",SSEN-2818001160,SSEN-281800116004
281800116005,SSEN,43.0,11000.0,2024-12-12 03:00:00+00:00,"{'x': -0.373581, 'y': 51.46935}",SSEN-2818001160,SSEN-281800116005
281800116001,SSEN,45.0,8232.0,2024-12-12 03:30:00+00:00,"{'x': -0.373581, 'y': 51.46935}",SSEN-2818001160,SSEN-281800116001
281800116002,SSEN,18.0,4327.0,2024-12-12 03:30:00+00:00,"{'x': -0.373581, 'y': 51.46935}",SSEN-2818001160,SSEN-281800116002
281800116004,SSEN,17.0,3762.0,2024-12-12 03:30:00+00:00,"{'x': -0.373581, 'y': 51.46935}",SSEN-2818001160,SSEN-281800116004
281800116005,SSEN,43.0,11901.0,2024-12-12 03:30:00+00:00,"{'x': -0.373581, 'y': 51.46935}",SSEN-2818001160,SSEN-281800116005
281800116001,SSEN,45.0,8051.0,2024-12-12 04:00:00+00:00,"{'x': -0.373581, 'y': 51.46935}",SSEN-2818001160,SSEN-281800116001
281800116002,SSEN,18.0,4551.0,2024-12-12 04:00:00+00:00,"{'x': -0.373581, 'y': 51.46935}",SSEN-2818001160,SSEN-281800116002
281800116004,SSEN,17.0,3474.0,2024-12-12 04:00:00+00:00,"{'x': -0.373581, 'y': 51.46935}",SSEN-2818001160,SSEN-281800116004
281800116005,SSEN,43.0,11202.0,2024-12-12 04:00:00+00:00,"{'x': -0.373581, 'y': 51.46935}",SSEN-2818001160,SSEN-281800116005
281800116001,SSEN,45.0,9069.0,2024-12-12 04:30:00+00:00,"{'x': -0.373581, 'y': 51.46935}",SSEN-2818001160,SSEN-281800116001
281800116002,SSEN,17.0,4871.0,2024-12-12 04:30:00+00:00,"{'x': -0.373581, 'y': 51.46935}",SSEN-2818001160,SSEN-281800116002
281800116004,SSEN,17.0,3666.0,2024-12-12 04:30:00+00:00,"{'x': -0.373581, 'y': 51.46935}",SSEN-2818001160,SSEN-281800116004
281800116005,SSEN,43.0,10711.0,2024-12-12 04:30:00+00:00,"{'x': -0.373581, 'y': 51.46935}",SSEN-2818001160,SSEN-281800116005
281800116001,SSEN,45.0,8191.0,2024-12-12 05:00:00+00:00,"{'x': -0.373581, 'y': 51.46935}",SSEN-2818001160,SSEN-281800116001
281800116002,SSEN,18.0,3508.0,2024-12-12 05:00:00+00:00,"{'x': -0.373581, 'y': 51.46935}",SSEN-2818001160,SSEN-281800116002
281800116004,SSEN,17.0,3513.0,2024-12-12 05:00:00+00:00,"{'x': -0.373581, 'y': 51.46935}",SSEN-2818001160,SSEN-281800116004
281800116005,SSEN,43.0,12481.0,2024-12-12 05:00:00+00:00,"{'x': -0.373581, 'y': 51.46935}",SSEN-2818001160,SSEN-281800116005
281800116001,SSEN,45.0,8412.0,2024-12-12 05:30:00+00:00,"{'x': -0.373581, 'y': 51.46935}",SSEN-2818001160,SSEN-281800116001
281800116002,SSEN,18.0,1947.0,2024-12-12 05:30:00+00:00,"{'x': -0.373581, 'y': 51.46935}",SSEN-2818001160,SSEN-281800116002
281800116004,SSEN,17.0,3785.0,2024-12-12 05:30:00+00:00,"{'x': -0.373581, 'y': 51.46935}",SSEN-2818001160,SSEN-281800116004
281800116005,SSEN,43.0,14004.0,2024-12-12 05:30:00+00:00,"{'x': -0.373581, 'y': 51.46935}",SSEN-2818001160,SSEN-281800116005
281800116001,SSEN,45.0,8548.0,2024-12-12 06:00:00+00:00,"{'x': -0.373581, 'y': 51.46935}",SSEN-2818001160,SSEN-281800116001
281800116002,SSEN,18.0,2092.0,2024-12-12 06:00:00+00:00,"{'x': -0.373581, 'y': 51.46935}",SSEN-2818001160,SSEN-281800116002
281800116004,SSEN,17.0,4696.0,2024-12-12 06:00:00+00:00,"{'x': -0.373581, 'y': 51.46935}",SSEN-2818001160,SSEN-281800116004
281800116005,SSEN,43.0,11167.0,2024-12-12 06:00:00+00:00,"{'x': -0.373581, 'y': 51.46935}",SSEN-2818001160,SSEN-281800116005
281800116001,SSEN,45.0,10403.0,2024-12-12 06:30:00+00:00,"{'x': -0.373581, 'y': 51.46935}",SSEN-2818001160,SSEN-281800116001
281800116002,SSEN,18.0,3268.0,2024-12-12 06:30:00+00:00,"{'x': -0.373581, 'y': 51.46935}",SSEN-2818001160,SSEN-281800116002
281800116004,SSEN,17.0,3780.0,2024-12-12 06:30:00+00:00,"{'x': -0.373581, 'y': 51.46935}",SSEN-2818001160,SSEN-281800116004
281800116005,SSEN,43.0,11926.0,2024-12-12 06:30:00+00:00,"{'x': -0.373581, 'y': 51.46935}",SSEN-2818001160,SSEN-281800116005
281800116001,SSEN,45.0,11691.0,2024-12-12 07:00:00+00:00,"{'x': -0.373581, 'y': 51.46935}",SSEN-2818001160,SSEN-281800116001
281800116002,SSEN,18.0,5063.0,2024-12-12 07:00:00+00:00,"{'x': -0.373581, 'y': 51.46935}",SSEN-2818001160,SSEN-281800116002
281800116004,SSEN,17.0,3638.0,2024-12-12 07:00:00+00:00,"{'x': -0.373581, 'y': 51.46935}",SSEN-2818001160,SSEN-281800116004
281800116005,SSEN,43.0,15050.0,2024-12-12 07:00:00+00:00,"{'x': -0.373581, 'y': 51.46935}",SSEN-2818001160,SSEN-281800116005
281800116001,SSEN,45.0,12998.0,2024-12-12 07:30:00+00:00,"{'x': -0.373581, 'y': 51.46935}",SSEN-2818001160,SSEN-281800116001
281800116002,SSEN,18.0,3596.0,2024-12-12 07:30:00+00:00,"{'x': -0.373581, 'y': 51.46935}",SSEN-2818001160,SSEN-281800116002
281800116004,SSEN,17.0,3248.0,2024-12-12 07:30:00+00:00,"{'x': -0.373581, 'y': 51.46935}",SSEN-2818001160,SSEN-281800116004
281800116005,SSEN,43.0,15941.0,2024-12-12 07:30:00+00:00,"{'x': -0.373581, 'y': 51.46935}",SSEN-2818001160,SSEN-281800116005
281800116001,SSEN,45.0,13695.0,2024-12-12 08:00:00+00:00,"{'x': -0.373581, 'y': 51.46935}",SSEN-2818001160,SSEN-281800116001
281800116002,SSEN,18.0,3571.0,2024-12-12 08:00:00+00:00,"{'x': -0.373581, 'y': 51.46935}",SSEN-2818001160,SSEN-281800116002
281800116004,SSEN,17.0,3545.0,2024-12-12 08:00:00+00:00,"{'x': -0.373581, 'y': 51.46935}",SSEN-2818001160,SSEN-281800116004
281800116005,SSEN,43.0,14344.0,2024-12-12 08:00:00+00:00,"{'x': -0.373581, 'y': 51.46935}",SSEN-2818001160,SSEN-281800116005
281800116001,SSEN,45.0,16558.0,2024-12-12 08:30:00+00:00,"{'x': -0.373581, 'y': 51.46935}",SSEN-2818001160,SSEN-281800116001
281800116002,SSEN,18.0,4241.0,2024-12-12 08:30:00+00:00,"{'x': -0.373581, 'y': 51.46935}",SSEN-2818001160,SSEN-281800116002
281800116004,SSEN,17.0,3914.0,2024-12-12 08:30:00+00:00,"{'x': -0.373581, 'y': 51.46935}",SSEN-2818001160,SSEN-281800116004
281800116005,SSEN,43.0,14699.0,2024-12-12 08:30:00+00:00,"{'x': -0.373581, 'y': 51.46935}",SSEN-2818001160,SSEN-281800116005
281800116001,SSEN,45.0,13398.0,2024-12-12 09:00:00+00:00,"{'x': -0.373581, 'y': 51.46935}",SSEN-2818001160,SSEN-281800116001
281800116002,SSEN,18.0,5295.0,2024-12-12 09:00:00+00:00,"{'x': -0.373581, 'y': 51.46935}",SSEN-2818001160,SSEN-281800116002
281800116004,SSEN,17.0,2693.0,2024-12-12 09:00:00+00:00,"{'x': -0.373581, 'y': 51.46935}",SSEN-2818001160,SSEN-281800116004
281800116005,SSEN,43.0,12386.0,2024-12-12 09:00:00+00:00,"{'x': -0.373581, 'y': 51.46935}",SSEN-2818001160,SSEN-281800116005
281800116001,SSEN,45.0,12886.0,2024-12-12 09:30:00+00:00,"{'x': -0.373581, 'y': 51.46935}",SSEN-2818001160,SSEN-281800116001
281800116002,SSEN,18.0,5190.0,2024-12-12 09:30:00+00:00,"{'x': -0.373581, 'y': 51.46935}",SSEN-2818001160,SSEN-281800116002
281800116004,SSEN,17.0,3439.0,2024-12-12 09:30:00+00:00,"{'x': -0.373581, 'y': 51.46935}",SSEN-2818001160,SSEN-281800116004
281800116005,SSEN,43.0,15621.0,2024-12-12 09:30:00+00:00,"{'x': -0.373581, 'y': 51.46935}",SSEN-2818001160,SSEN-281800116005
281800116001,SSEN,45.0,11228.0,2024-12-12 10:00:00+00:00,"{'x': -0.373581, 'y': 51.46935}",SSEN-2818001160,SSEN-281800116001
281800116002,SSEN,18.0,4951.0,2024-12-12 10:00:00+00:00,"{'x': -0.373581, 'y': 51.46935}",SSEN-2818001160,SSEN-281800116002
281800116004,SSEN,17.0,4621.0,2024-12-12 10:00:00+00:00,"{'x': -0.373581, 'y': 51.46935}",SSEN-2818001160,SSEN-281800116004
281800116005,SSEN,43.0,13574.0,2024-12-12 10:00:00+00:00,"{'x': -0.373581, 'y': 51.46935}",SSEN-2818001160,SSEN-281800116005
281800116001,SSEN,45.0,12767.0,2024-12-12 10:30:00+00:00,"{'x': -0.373581, 'y': 51.46935}",SSEN-2818001160,SSEN-281800116001
281800116002,SSEN,18.0,4030.0,2024-12-12 10:30:00+00:00,"{'x': -0.373581, 'y': 51.46935}",SSEN-2818001160,SSEN-281800116002
281800116004,SSEN,17.0,3994.0,2024-12-12 10:30:00+00:00,"{'x': -0.373581, 'y': 51.46935}",SSEN-2818001160,SSEN-281800116004
281800116005,SSEN,43.0,13391.0,2024-12-12 10:30:00+00:00,"{'x': -0.373581, 'y': 51.46935}",SSEN-2818001160,SSEN-281800116005
281800116001,SSEN,45.0,11892.0,2024-12-12 11:00:00+00:00,"{'x': -0.373581, 'y': 51.46935}",SSEN-2818001160,SSEN-281800116001
281800116002,SSEN,18.0,4373.0,2024-12-12 11:00:00+00:00,"{'x': -0.373581, 'y': 51.46935}",SSEN-2818001160,SSEN-281800116002
281800116004,SSEN,17.0,4242.0,2024-12-12 11:00:00+00:00,"{'x': -0.373581, 'y': 51.46935}",SSEN-2818001160,SSEN-281800116004
281800116005,SSEN,43.0,14892.0,2024-12-12 11:00:00+00:00,"{'x': -0.373581, 'y': 51.46935}",SSEN-2818001160,SSEN-281800116005
281800116001,SSEN,45.0,13539.0,2024-12-12 11:30:00+00:00,"{'x': -0.373581, 'y': 51.46935}",SSEN-2818001160,SSEN-281800116001
281800116002,SSEN,18.0,3599.0,2024-12-12 11:30:00+00:00,"{'x': -0.373581, 'y': 51.46935}",SSEN-2818001160,SSEN-281800116002
281800116004,SSEN,17.0,4502.0,2024-12-12 11:30:00+00:00,"{'x': -0.373581, 'y': 51.46935}",SSEN-2818001160,SSEN-281800116004
281800116005,SSEN,43.0,18019.0,2024-12-12 11:30:00+00:00,"{'x': -0.373581, 'y': 51.46935}",SSEN-2818001160,SSEN-281800116005
281800116001,SSEN,45.0,12200.0,2024-12-12 12:00:00+00:00,"{'x': -0.373581, 'y': 51.46935}",SSEN-2818001160,SSEN-281800116001
281800116002,SSEN,18.0,3188.0,2024-12-12 12:00:00+00:00,"{'x': -0.373581, 'y': 51.46935}",SSEN-2818001160,SSEN-281800116002
281800116004,SSEN,17.0,5191.0,2024-12-12 12:00:00+00:00,"{'x': -0.373581, 'y': 51.46935}",SSEN-2818001160,SSEN-281800116004
281800116005,SSEN,43.0,16921.0,2024-12-12 12:00:00+00:00,"{'x': -0.373581, 'y': 51.46935}",SSEN-2818001160,SSEN-281800116005
281800116001,SSEN,45.0,12452.0,2024-12-12 12:30:00+00:00,"{'x': -0.373581, 'y': 51.46935}",SSEN-2818001160,SSEN-281800116001
281800116002,SSEN,18.0,4180.0,2024-12-12 12:30:00+00:00,"{'x': -0.373581, 'y': 51.46935}",SSEN-2818001160,SSEN-281800116002
281800116004,SSEN,17.0,5130.0,2024-12-12 12:30:00+00:00,"{'x': -0.373581, 'y': 51.46935}",SSEN-2818001160,SSEN-281800116004
281800116005,SSEN,43.0,14014.0,2024-12-12 12:30:00+00:00,"{'x': -0.373581, 'y': 51.46935}",SSEN-2818001160,SSEN-281800116005
281800116001,SSEN,45.0,11283.0,2024-12-12 13:00:00+00:00,"{'x': -0.373581, 'y': 51.46935}",SSEN-2818001160,SSEN-281800116001
281800116002,SSEN,18.0,4924.0,2024-12-12 13:00:00+00:00,"{'x': -0.373581, 'y': 51.46935}",SSEN-2818001160,SSEN-281800116002
281800116004,SSEN,17.0,4842.0,2024-12-12 13:00:00+00:00,"{'x': -0.373581, 'y': 51.46935}",SSEN-2818001160,SSEN-281800116004
281800116005,SSEN,43.0,12328.0,2024-12-12 13:00:00+00:00,"{'x': -0.373581, 'y': 51.46935}",SSEN-2818001160,SSEN-281800116005
281800116001,SSEN,45.0,13297.0,2024-12-12 13:30:00+00:00,"{'x': -0.373581, 'y': 51.46935}",SSEN-2818001160,SSEN-281800116001
281800116002,SSEN,18.0,4300.0,2024-12-12 13:30:00+00:00,"{'x': -0.373581, 'y': 51.46935}",SSEN-2818001160,SSEN-281800116002
281800116004,SSEN,17.0,5050.0,2024-12-12 13:30:00+00:00,"{'x': -0.373581, 'y': 51.46935}",SSEN-2818001160,SSEN-281800116004
281800116005,SSEN,43.0,15063.0,2024-12-12 13:30:00+00:00,"{'x': -0.373581, 'y': 51.46935}",SSEN-2818001160,SSEN-281800116005
281800116001,SSEN,45.0,12700.0,2024-12-12 14:00:00+00:00,"{'x': -0.373581, 'y': 51.46935}",SSEN-2818001160,SSEN-281800116001
281800116002,SSEN,18.0,4510.0,2024-12-12 14:00:00+00:00,"{'x': -0.373581, 'y': 51.46935}",SSEN-2818001160,SSEN-281800116002
281800116004,SSEN,17.0,5113.0,2024-12-12 14:00:00+00:00,"{'x': -0.373581, 'y': 51.46935}",SSEN-2818001160,SSEN-281800116004
281800116005,SSEN,43.0,12993.0,2024-12-12 14:00:00+00:00,"{'x': -0.373581, 'y': 51.46935}",SSEN-2818001160,SSEN-281800116005
281800116001,SSEN,45.0,11761.0,2024-12-12 14:30:00+00:00,"{'x': -0.373581, 'y': 51.46935}",SSEN-2818001160,SSEN-281800116001
281800116002,SSEN,18.0,4348.0,2024-12-12 14:30:00+00:00,"{'x': -0.373581, 'y': 51.46935}",SSEN-2818001160,SSEN-281800116002
281800116004,SSEN,17.0,5581.0,2024-12-12 14:30:00+00:00,"{'x': -0.373581, 'y': 51.46935}",SSEN-2818001160,SSEN-281800116004
281800116005,SSEN,43.0,12061.0,2024-12-12 14:30:00+00:00,"{'x': -0.373581, 'y': 51.46935}",SSEN-2818001160,SSEN-281800116005
281800116001,SSEN,45.0,10588.0,2024-12-12 15:00:00+00:00,"{'x': -0.373581, 'y': 51.46935}",SSEN-2818001160,SSEN-281800116001
281800116002,SSEN,18.0,5724.0,2024-12-12 15:00:00+00:00,"{'x': -0.373581, 'y': 51.46935}",SSEN-2818001160,SSEN-281800116002
281800116004,SSEN,17.0,5664.0,2024-12-12 15:00:00+00:00,"{'x': -0.373581, 'y': 51.46935}",SSEN-2818001160,SSEN-281800116004
281800116005,SSEN,43.0,13186.0,2024-12-12 15:00:00+00:00,"{'x': -0.373581, 'y': 51.46935}",SSEN-2818001160,SSEN-281800116005
281800116001,SSEN,45.0,13246.0,2024-12-12 15:30:00+00:00,"{'x': -0.373581, 'y': 51.46935}",SSEN-2818001160,SSEN-281800116001
281800116002,SSEN,18.0,6256.0,2024-12-12 15:30:00+00:00,"{'x': -0.373581, 'y': 51.46935}",SSEN-2818001160,SSEN-281800116002
281800116004,SSEN,17.0,5166.0,2024-12-12 15:30:00+00:00,"{'x': -0.373581, 'y': 51.46935}",SSEN-2818001160,SSEN-281800116004
281800116005,SSEN,43.0,11222.0,2024-12-12 15:30:00+00:00,"{'x': -0.373581, 'y': 51.46935}",SSEN-2818001160,SSEN-281800116005
281800116001,SSEN,45.0,13961.0,2024-12-12 16:00:00+00:00,"{'x': -0.373581, 'y': 51.46935}",SSEN-2818001160,SSEN-281800116001
281800116002,SSEN,18.0,6745.0,2024-12-12 16:00:00+00:00,"{'x': -0.373581, 'y': 51.46935}",SSEN-2818001160,SSEN-281800116002
281800116004,SSEN,17.0,5487.0,2024-12-12 16:00:00+00:00,"{'x': -0.373581, 'y': 51.46935}",SSEN-2818001160,SSEN-281800116004
281800116005,SSEN,43.0,10490.0,2024-12-12 16:00:00+00:00,"{'x': -0.373581, 'y': 51.46935}",SSEN-2818001160,SSEN-281800116005
281800116001,SSEN,45.0,13275.0,2024-12-12 16:30:00+00:00,"{'x': -0.373581, 'y': 51.46935}",SSEN-2818001160,SSEN-281800116001
281800116002,SSEN,18.0,6479.0,2024-12-12 16:30:00+00:00,"{'x': -0.373581, 'y': 51.46935}",SSEN-2818001160,SSEN-281800116002
281800116004,SSEN,17.0,5812.0,2024-12-12 16:30:00+00:00,"{'x': -0.373581, 'y': 51.46935}",SSEN-2818001160,SSEN-281800116004
281800116005,SSEN,43.0,12041.0,2024-12-12 16:30:00+00:00,"{'x': -0.373581, 'y': 51.46935}",SSEN-2818001160,SSEN-281800116005
281800116001,SSEN,45.0,14542.0,2024-12-12 17:00:00+00:00,"{'x': -0.373581, 'y': 51.46935}",SSEN-2818001160,SSEN-281800116001
281800116002,SSEN,18.0,6339.0,2024-12-12 17:00:00+00:00,"{'x': -0.373581, 'y': 51.46935}",SSEN-2818001160,SSEN-281800116002
281800116004,SSEN,17.0,5363.0,2024-12-12 17:00:00+00:00,"{'x': -0.373581, 'y': 51.46935}",SSEN-2818001160,SSEN-281800116004
281800116005,SSEN,43.0,15916.0,2024-12-12 17:00:00+00:00,"{'x': -0.373581, 'y': 51.46935}",SSEN-2818001160,SSEN-281800116005
281800116001,SSEN,45.0,15130.0,2024-12-12 17:30:00+00:00,"{'x': -0.373581, 'y': 51.46935}",SSEN-2818001160,SSEN-281800116001
281800116002,SSEN,18.0,7193.0,2024-12-12 17:30:00+00:00,"{'x': -0.373581, 'y': 51.46935}",SSEN-2818001160,SSEN-281800116002
281800116004,SSEN,17.0,5483.0,2024-12-12 17:30:00+00:00,"{'x': -0.373581, 'y': 51.46935}",SSEN-2818001160,SSEN-281800116004
281800116005,SSEN,43.0,13959.0,2024-12-12 17:30:00+00:00,"{'x': -0.373581, 'y': 51.46935}",SSEN-2818001160,SSEN-281800116005
281800116001,SSEN,45.0,14754.0,2024-12-12 18:00:00+00:00,"{'x': -0.373581, 'y': 51.46935}",SSEN-2818001160,SSEN-281800116001
281800116002,SSEN,18.0,6258.0,2024-12-12 18:00:00+00:00,"{'x': -0.373581, 'y': 51.46935}",SSEN-2818001160,SSEN-281800116002
281800116004,SSEN,17.0,5706.0,2024-12-12 18:00:00+00:00,"{'x': -0.373581, 'y': 51.46935}",SSEN-2818001160,SSEN-281800116004
281800116005,SSEN,43.0,12232.0,2024-12-12 18:00:00+00:00,"{'x': -0.373581, 'y': 51.46935}",SSEN-2818001160,SSEN-281800116005
281800116001,SSEN,45.0,13565.0,2024-12-12 18:30:00+00:00,"{'x': -0.373581, 'y': 51.46935}",SSEN-2818001160,SSEN-281800116001
281800116002,SSEN,18.0,8354.0,2024-12-12 18:30:00+00:00,"{'x': -0.373581, 'y': 51.46935}",SSEN-2818001160,SSEN-281800116002
281800116004,SSEN,17.0,6457.0,2024-12-12 18:30:00+00:00,"{'x': -0.373581, 'y': 51.46935}",SSEN-2818001160,SSEN-281800116004
281800116005,SSEN,43.0,12570.0,2024-12-12 18:30:00+00:00,"{'x': -0.373581, 'y': 51.46935}",SSEN-2818001160,SSEN-281800116005
281800116001,SSEN,45.0,15874.0,2024-12-12 19:00:00+00:00,"{'x': -0.373581, 'y': 51.46935}",SSEN-2818001160,SSEN-281800116001
281800116002,SSEN,18.0,7790.0,2024-12-12 19:00:00+00:00,"{'x': -0.373581, 'y': 51.46935}",SSEN-2818001160,SSEN-281800116002
281800116004,SSEN,17.0,3943.0,2024-12-12 19:00:00+00:00,"{'x': -0.373581, 'y': 51.46935}",SSEN-2818001160,SSEN-281800116004
281800116005,SSEN,43.0,17179.0,2024-12-12 19:00:00+00:00,"{'x': -0.373581, 'y': 51.46935}",SSEN-2818001160,SSEN-281800116005
281800116001,SSEN,45.0,15301.0,2024-12-12 19:30:00+00:00,"{'x': -0.373581, 'y': 51.46935}",SSEN-2818001160,SSEN-281800116001
281800116002,SSEN,18.0,7150.0,2024-12-12 19:30:00+00:00,"{'x': -0.373581, 'y': 51.46935}",SSEN-2818001160,SSEN-281800116002
281800116004,SSEN,17.0,5043.0,2024-12-12 19:30:00+00:00,"{'x': -0.373581, 'y': 51.46935}",SSEN-2818001160,SSEN-281800116004
281800116005,SSEN,43.0,18545.0,2024-12-12 19:30:00+00:00,"{'x': -0.373581, 'y': 51.46935}",SSEN-2818001160,SSEN-281800116005
281800116001,SSEN,45.0,14926.0,2024-12-12 20:00:00+00:00,"{'x': -0.373581, 'y': 51.46935}",SSEN-2818001160,SSEN-281800116001
281800116002,SSEN,18.0,8769.0,2024-12-12 20:00:00+00:00,"{'x': -0.373581, 'y': 51.46935}",SSEN-2818001160,SSEN-281800116002
281800116004,SSEN,17.0,5519.0,2024-12-12 20:00:00+00:00,"{'x': -0.373581, 'y': 51.46935}",SSEN-2818001160,SSEN-281800116004
281800116005,SSEN,43.0,18351.0,2024-12-12 20:00:00+00:00,"{'x': -0.373581, 'y': 51.46935}",SSEN-2818001160,SSEN-281800116005
281800116001,SSEN,45.0,16684.0,2024-12-12 20:30:00+00:00,"{'x': -0.373581, 'y': 51.46935}",SSEN-2818001160,SSEN-281800116001
281800116002,SSEN,18.0,6039.0,2024-12-12 20:30:00+00:00,"{'x': -0.373581, 'y': 51.46935}",SSEN-2818001160,SSEN-281800116002
281800116004,SSEN,17.0,4802.0,2024-12-12 20:30:00+00:00,"{'x': -0.373581, 'y': 51.46935}",SSEN-2818001160,SSEN-281800116004
281800116005,SSEN,43.0,19477.0,2024-12-12 20:30:00+00:00,"{'x': -0.373581, 'y': 51.46935}",SSEN-2818001160,SSEN-281800116005
281800116001,SSEN,45.0,15789.0,2024-12-12 21:00:00+00:00,"{'x': -0.373581, 'y': 51.46935}",SSEN-2818001160,SSEN-281800116001
281800116002,SSEN,18.0,6169.0,2024-12-12 21:00:00+00:00,"{'x': -0.373581, 'y': 51.46935}",SSEN-2818001160,SSEN-281800116002
281800116004,SSEN,17.0,5050.0,2024-12-12 21:00:00+00:00,"{'x': -0.373581, 'y': 51.46935}",SSEN-2818001160,SSEN-281800116004
281800116005,SSEN,43.0,18534.0,2024-12-12 21:00:00+00:00,"{'x': -0.373581, 'y': 51.46935}",SSEN-2818001160,SSEN-281800116005
281800116001,SSEN,45.0,14912.0,2024-12-12 21:30:00+00:00,"{'x': -0.373581, 'y': 51.46935}",SSEN-2818001160,SSEN-281800116001
281800116002,SSEN,18.0,6381.0,2024-12-12 21:30:00+00:00,"{'x': -0.373581, 'y': 51.46935}",SSEN-2818001160,SSEN-281800116002
281800116004,SSEN,17.0,4996.0,2024-12-12 21:30:00+00:00,"{'x': -0.373581, 'y': 51.46935}",SSEN-2818001160,SSEN-281800116004
281800116005,SSEN,43.0,16824.0,2024-12-12 21:30:00+00:00,"{'x': -0.373581, 'y': 51.46935}",SSEN-2818001160,SSEN-281800116005
281800116001,SSEN,45.0,11953.0,2024-12-12 22:00:00+00:00,"{'x': -0.373581, 'y': 51.46935}",SSEN-2818001160,SSEN-281800116001
281800116002,SSEN,18.0,5158.0,2024-12-12 22:00:00+00:00,"{'x': -0.373581, 'y': 51.46935}",SSEN-2818001160,SSEN-281800116002
281800116004,SSEN,17.0,4827.0,2024-12-12 22:00:00+00:00,"{'x': -0.373581, 'y': 51.46935}",SSEN-2818001160,SSEN-281800116004
281800116005,SSEN,43.0,15087.0,2024-12-12 22:00:00+00:00,"{'x': -0.373581, 'y': 51.46935}",SSEN-2818001160,SSEN-281800116005
281800116001,SSEN,45.0,9448.0,2024-12-12 22:30:00+00:00,"{'x': -0.373581, 'y': 51.46935}",SSEN-2818001160,SSEN-281800116001
281800116002,SSEN,18.0,6192.0,2024-12-12 22:30:00+00:00,"{'x': -0.373581, 'y': 51.46935}",SSEN-2818001160,SSEN-281800116002
281800116004,SSEN,17.0,5420.0,2024-12-12 22:30:00+00:00,"{'x': -0.373581, 'y': 51.46935}",SSEN-2818001160,SSEN-281800116004
281800116005,SSEN,43.0,14503.0,2024-12-12 22:30:00+00:00,"{'x': -0.373581, 'y': 51.46935}",SSEN-2818001160,SSEN-281800116005
281800116001,SSEN,45.0,11974.0,2024-12-12 23:00:00+00:00,"{'x': -0.373581, 'y': 51.46935}",SSEN-2818001160,SSEN-281800116001
281800116002,SSEN,18.0,4807.0,2024-12-12 23:00:00+00:00,"{'x': -0.373581, 'y': 51.46935}",SSEN-2818001160,SSEN-281800116002
281800116004,SSEN,17.0,4675.0,2024-12-12 23:00:00+00:00,"{'x': -0.373581, 'y': 51.46935}",SSEN-2818001160,SSEN-281800116004
281800116005,SSEN,43.0,19834.0,2024-12-12 23:00:00+00:00,"{'x': -0.373581, 'y': 51.46935}",SSEN-2818001160,SSEN-281800116005
281800116001,SSEN,45.0,10211.0,2024-12-12 23:30:00+00:00,"{'x': -0.373581, 'y': 51.46935}",SSEN-2818001160,SSEN-281800116001
281800116002,SSEN,18.0,4277.0,2024-12-12 23:30:00+00:00,"{'x': -0.373581, 'y': 51.46935}",SSEN-2818001160,SSEN-281800116002
281800116004,SSEN,17.0,4592.0,2024-12-12 23:30:00+00:00,"{'x': -0.373581, 'y': 51.46935}",SSEN-2818001160,SSEN-281800116004
281800116005,SSEN,43.0,18581.0,2024-12-12 23:30:00+00:00,"{'x': -0.373581, 'y': 51.46935}",SSEN-2818001160,SSEN-281800116005
281800116001,SSEN,45.0,10440.0,2024-12-13 00:00:00+00:00,"{'x': -0.373581, 'y': 51.46935}",SSEN-2818001160,SSEN-281800116001
281800116002,SSEN,18.0,6418.0,2024-12-13 00:00:00+00:00,"{'x': -0.373581, 'y': 51.46935}",SSEN-2818001160,SSEN-281800116002
281800116004,SSEN,17.0,4865.0,2024-12-13 00:00:00+00:00,"{'x': -0.373581, 'y': 51.46935}",SSEN-2818001160,SSEN-281800116004
281800116005,SSEN,43.0,14047.0,2024-12-13 00:00:00+00:00,"{'x': -0.373581, 'y': 51.46935}",SSEN-2818001160,SSEN-281800116005
281800116001,SSEN,46.0,12073.0,2024-12-13 00:30:00+00:00,"{'x': -0.373581, 'y': 51.46935}",SSEN-2818001160,SSEN-281800116001
281800116002,SSEN,17.0,6071.0,2024-12-13 00:30:00+00:00,"{'x': -0.373581, 'y': 51.46935}",SSEN-2818001160,SSEN-281800116002
281800116004,SSEN,17.0,4125.0,2024-12-13 00:30:00+00:00,"{'x': -0.373581, 'y': 51.46935}",SSEN-2818001160,SSEN-281800116004
281800116005,SSEN,43.0,13730.0,2024-12-13 00:30:00+00:00,"{'x': -0.373581, 'y': 51.46935}",SSEN-2818001160,SSEN-281800116005
281800116001,SSEN,46.0,10495.0,2024-12-13 01:00:00+00:00,"{'x': -0.373581, 'y': 51.46935}",SSEN-2818001160,SSEN-281800116001
281800116002,SSEN,17.0,4457.0,2024-12-13 01:00:00+00:00,"{'x': -0.373581, 'y': 51.46935}",SSEN-2818001160,SSEN-281800116002
281800116004,SSEN,17.0,4125.0,2024-12-13 01:00:00+00:00,"{'x': -0.373581, 'y': 51.46935}",SSEN-2818001160,SSEN-281800116004
281800116005,SSEN,43.0,12419.0,2024-12-13 01:00:00+00:00,"{'x': -0.373581, 'y': 51.46935}",SSEN-2818001160,SSEN-281800116005
281800116001,SSEN,46.0,11253.0,2024-12-13 01:30:00+00:00,"{'x': -0.373581, 'y': 51.46935}",SSEN-2818001160,SSEN-281800116001
281800116002,SSEN,17.0,6204.0,2024-12-13 01:30:00+00:00,"{'x': -0.373581, 'y': 51.46935}",SSEN-2818001160,SSEN-281800116002
281800116004,SSEN,17.0,4677.0,2024-12-13 01:30:00+00:00,"{'x': -0.373581, 'y': 51.46935}",SSEN-2818001160,SSEN-281800116004
281800116005,SSEN,43.0,12513.0,2024-12-13 01:30:00+00:00,"{'x': -0.373581, 'y': 51.46935}",SSEN-2818001160,SSEN-281800116005
281800116001,SSEN,46.0,11725.0,2024-12-13 02:00:00+00:00,"{'x': -0.373581, 'y': 51.46935}",SSEN-2818001160,SSEN-281800116001
281800116002,SSEN,17.0,5576.0,2024-12-13 02:00:00+00:00,"{'x': -0.373581, 'y': 51.46935}",SSEN-2818001160,SSEN-281800116002
281800116004,SSEN,17.0,4004.0,2024-12-13 02:00:00+00:00,"{'x': -0.373581, 'y': 51.46935}",SSEN-2818001160,SSEN-281800116004
281800116005,SSEN,43.0,11462.0,2024-12-13 02:00:00+00:00,"{'x': -0.373581, 'y': 51.46935}",SSEN-2818001160,SSEN-281800116005
281800116001,SSEN,46.0,11860.0,2024-12-13 02:30:00+00:00,"{'x': -0.373581, 'y': 51.46935}",SSEN-2818001160,SSEN-281800116001
281800116002,SSEN,17.0,4262.0,2024-12-13 02:30:00+00:00,"{'x': -0.373581, 'y': 51.46935}",SSEN-2818001160,SSEN-281800116002
281800116004,SSEN,17.0,3811.0,2024-12-13 02:30:00+00:00,"{'x': -0.373581, 'y': 51.46935}",SSEN-2818001160,SSEN-281800116004
281800116005,SSEN,43.0,10670.0,2024-12-13 02:30:00+00:00,"{'x': -0.373581, 'y': 51.46935}",SSEN-2818001160,SSEN-281800116005
281800116001,SSEN,46.0,11054.0,2024-12-13 03:00:00+00:00,"{'x': -0.373581, 'y': 51.46935}",SSEN-2818001160,SSEN-281800116001
281800116002,SSEN,17.0,4693.0,2024-12-13 03:00:00+00:00,"{'x': -0.373581, 'y': 51.46935}",SSEN-2818001160,SSEN-281800116002
281800116004,SSEN,17.0,3191.0,2024-12-13 03:00:00+00:00,"{'x': -0.373581, 'y': 51.46935}",SSEN-2818001160,SSEN-281800116004
281800116005,SSEN,43.0,10658.0,2024-12-13 03:00:00+00:00,"{'x': -0.373581, 'y': 51.46935}",SSEN-2818001160,SSEN-281800116005
281800116001,SSEN,46.0,10492.0,2024-12-13 03:30:00+00:00,"{'x': -0.373581, 'y': 51.46935}",SSEN-2818001160,SSEN-281800116001
281800116002,SSEN,17.0,4084.0,2024-12-13 03:30:00+00:00,"{'x': -0.373581, 'y': 51.46935}",SSEN-2818001160,SSEN-281800116002
281800116004,SSEN,17.0,3244.0,2024-12-13 03:30:00+00:00,"{'x': -0.373581, 'y': 51.46935}",SSEN-2818001160,SSEN-281800116004
281800116005,SSEN,43.0,9072.0,2024-12-13 03:30:00+00:00,"{'x': -0.373581, 'y': 51.46935}",SSEN-2818001160,SSEN-281800116005
281800116001,SSEN,46.0,10366.0,2024-12-13 04:00:00+00:00,"{'x': -0.373581, 'y': 51.46935}",SSEN-2818001160,SSEN-281800116001
281800116002,SSEN,17.0,4347.0,2024-12-13 04:00:00+00:00,"{'x': -0.373581, 'y': 51.46935}",SSEN-2818001160,SSEN-281800116002
281800116004,SSEN,17.0,3143.0,2024-12-13 04:00:00+00:00,"{'x': -0.373581, 'y': 51.46935}",SSEN-2818001160,SSEN-281800116004
281800116005,SSEN,43.0,10504.0,2024-12-13 04:00:00+00:00,"{'x': -0.373581, 'y': 51.46935}",SSEN-2818001160,SSEN-281800116005
281800116001,SSEN,46.0,10664.0,2024-12-13 04:30:00+00:00,"{'x': -0.373581, 'y': 51.46935}",SSEN-2818001160,SSEN-281800116001
281800116002,SSEN,17.0,4040.0,2024-12-13 04:30:00+00:00,"{'x': -0.373581, 'y': 51.46935}",SSEN-2818001160,SSEN-281800116002
281800116004,SSEN,17.0,3198.0,2024-12-13 04:30:00+00:00,"{'x': -0.373581, 'y': 51.46935}",SSEN-2818001160,SSEN-281800116004
281800116005,SSEN,43.0,9939.0,2024-12-13 04:30:00+00:00,"{'x': -0.373581, 'y': 51.46935}",SSEN-2818001160,SSEN-281800116005
281800116001,SSEN,46.0,8766.0,2024-12-13 05:00:00+00:00,"{'x': -0.373581, 'y': 51.46935}",SSEN-2818001160,SSEN-281800116001
281800116002,SSEN,17.0,3839.0,2024-12-13 05:00:00+00:00,"{'x': -0.373581, 'y': 51.46935}",SSEN-2818001160,SSEN-281800116002
281800116004,SSEN,17.0,3885.0,2024-12-13 05:00:00+00:00,"{'x': -0.373581, 'y': 51.46935}",SSEN-2818001160,SSEN-281800116004
281800116005,SSEN,43.0,7887.0,2024-12-13 05:00:00+00:00,"{'x': -0.373581, 'y': 51.46935}",SSEN-2818001160,SSEN-281800116005
281800116001,SSEN,46.0,9117.0,2024-12-13 05:30:00+00:00,"{'x': -0.373581, 'y': 51.46935}",SSEN-2818001160,SSEN-281800116001
281800116002,SSEN,17.0,3954.0,2024-12-13 05:30:00+00:00,"{'x': -0.373581, 'y': 51.46935}",SSEN-2818001160,SSEN-281800116002
281800116004,SSEN,17.0,4028.0,2024-12-13 05:30:00+00:00,"{'x': -0.373581, 'y': 51.46935}",SSEN-2818001160,SSEN-281800116004
281800116005,SSEN,43.0,9535.0,2024-12-13 05:30:00+00:00,"{'x': -0.373581, 'y': 51.46935}",SSEN-2818001160,SSEN-281800116005
281800116001,SSEN,46.0,8020.0,2024-12-13 06:00:00+00:00,"{'x': -0.373581, 'y': 51.46935}",SSEN-2818001160,SSEN-281800116001
281800116002,SSEN,17.0,3421.0,2024-12-13 06:00:00+00:00,"{'x': -0.373581, 'y': 51.46935}",SSEN-2818001160,SSEN-281800116002
281800116004,SSEN,17.0,4321.0,2024-12-13 06:00:00+00:00,"{'x': -0.373581, 'y': 51.46935}",SSEN-2818001160,SSEN-281800116004
281800116005,SSEN,43.0,7102.0,2024-12-13 06:00:00+00:00,"{'x': -0.373581, 'y': 51.46935}",SSEN-2818001160,SSEN-281800116005
281800116001,SSEN,46.0,9500.0,2024-12-13 06:30:00+00:00,"{'x': -0.373581, 'y': 51.46935}",SSEN-2818001160,SSEN-281800116001
281800116002,SSEN,17.0,4341.0,2024-12-13 06:30:00+00:00,"{'x': -0.373581, 'y': 51.46935}",SSEN-2818001160,SSEN-281800116002
281800116004,SSEN,17.0,3272.0,2024-12-13 06:30:00+00:00,"{'x': -0.373581, 'y': 51.46935}",SSEN-2818001160,SSEN-281800116004
281800116005,SSEN,43.0,9064.0,2024-12-13 06:30:00+00:00,"{'x': -0.373581, 'y': 51.46935}",SSEN-2818001160,SSEN-281800116005
281800116001,SSEN,46.0,10001.0,2024-12-13 07:00:00+00:00,"{'x': -0.373581, 'y': 51.46935}",SSEN-2818001160,SSEN-281800116001
281800116002,SSEN,17.0,5776.0,2024-12-13 07:00:00+00:00,"{'x': -0.373581, 'y': 51.46935}",SSEN-2818001160,SSEN-281800116002
281800116004,SSEN,17.0,2924.0,2024-12-13 07:00:00+00:00,"{'x': -0.373581, 'y': 51.46935}",SSEN-2818001160,SSEN-281800116004
281800116005,SSEN,43.0,9231.0,2024-12-13 07:00:00+00:00,"{'x': -0.373581, 'y': 51.46935}",SSEN-2818001160,SSEN-281800116005
281800116001,SSEN,46.0,14560.0,2024-12-13 07:30:00+00:00,"{'x': -0.373581, 'y': 51.46935}",SSEN-2818001160,SSEN-281800116001
281800116002,SSEN,17.0,4246.0,2024-12-13 07:30:00+00:00,"{'x': -0.373581, 'y': 51.46935}",SSEN-2818001160,SSEN-281800116002
281800116004,SSEN,17.0,3099.0,2024-12-13 07:30:00+00:00,"{'x': -0.373581, 'y': 51.46935}",SSEN-2818001160,SSEN-281800116004
281800116005,SSEN,43.0,14771.0,2024-12-13 07:30:00+00:00,"{'x': -0.373581, 'y': 51.46935}",SSEN-2818001160,SSEN-281800116005
281800116001,SSEN,46.0,16180.0,2024-12-13 08:00:00+00:00,"{'x': -0.373581, 'y': 51.46935}",SSEN-2818001160,SSEN-281800116001
281800116002,SSEN,17.0,3477.0,2024-12-13 08:00:00+00:00,"{'x': -0.373581, 'y': 51.46935}",SSEN-2818001160,SSEN-281800116002
281800116004,SSEN,17.0,3062.0,2024-12-13 08:00:00+00:00,"{'x': -0.373581, 'y': 51.46935}",SSEN-2818001160,SSEN-281800116004
281800116005,SSEN,43.0,13201.0,2024-12-13 08:00:00+00:00,"{'x': -0.373581, 'y': 51.46935}",SSEN-2818001160,SSEN-281800116005
281800116001,SSEN,46.0,17215.0,2024-12-13 08:30:00+00:00,"{'x': -0.373581, 'y': 51.46935}",SSEN-2818001160,SSEN-281800116001
281800116002,SSEN,17.0,4091.0,2024-12-13 08:30:00+00:00,"{'x': -0.373581, 'y': 51.46935}",SSEN-2818001160,SSEN-281800116002
281800116004,SSEN,17.0,2505.0,2024-12-13 08:30:00+00:00,"{'x': -0.373581, 'y': 51.46935}",SSEN-2818001160,SSEN-281800116004
281800116005,SSEN,43.0,13087.0,2024-12-13 08:30:00+00:00,"{'x': -0.373581, 'y': 51.46935}",SSEN-2818001160,SSEN-281800116005
281800116001,SSEN,46.0,16617.0,2024-12-13 09:00:00+00:00,"{'x': -0.373581, 'y': 51.46935}",SSEN-2818001160,SSEN-281800116001
281800116002,SSEN,17.0,5400.0,2024-12-13 09:00:00+00:00,"{'x': -0.373581, 'y': 51.46935}",SSEN-2818001160,SSEN-281800116002
281800116004,SSEN,17.0,2582.0,2024-12-13 09:00:00+00:00,"{'x': -0.373581, 'y': 51.46935}",SSEN-2818001160,SSEN-281800116004
281800116005,SSEN,43.0,12758.0,2024-12-13 09:00:00+00:00,"{'x': -0.373581, 'y': 51.46935}",SSEN-2818001160,SSEN-281800116005
281800116001,SSEN,46.0,14242.0,2024-12-13 09:30:00+00:00,"{'x': -0.373581, 'y': 51.46935}",SSEN-2818001160,SSEN-281800116001
281800116002,SSEN,17.0,5064.0,2024-12-13 09:30:00+00:00,"{'x': -0.373581, 'y': 51.46935}",SSEN-2818001160,SSEN-281800116002
281800116004,SSEN,17.0,3643.0,2024-12-13 09:30:00+00:00,"{'x': -0.373581, 'y': 51.46935}",SSEN-2818001160,SSEN-281800116004
281800116005,SSEN,43.0,16927.0,2024-12-13 09:30:00+00:00,"{'x': -0.373581, 'y': 51.46935}",SSEN-2818001160,SSEN-281800116005
281800116001,SSEN,46.0,12762.0,2024-12-13 10:00:00+00:00,"{'x': -0.373581, 'y': 51.46935}",SSEN-2818001160,SSEN-281800116001
281800116002,SSEN,17.0,3719.0,2024-12-13 10:00:00+00:00,"{'x': -0.373581, 'y': 51.46935}",SSEN-2818001160,SSEN-281800116002
281800116004,SSEN,17.0,4238.0,2024-12-13 10:00:00+00:00,"{'x': -0.373581, 'y': 51.46935}",SSEN-2818001160,SSEN-281800116004
281800116005,SSEN,43.0,12344.0,2024-12-13 10:00:00+00:00,"{'x': -0.373581, 'y': 51.46935}",SSEN-2818001160,SSEN-281800116005
281800116001,SSEN,46.0,13249.0,2024-12-13 10:30:00+00:00,"{'x': -0.373581, 'y': 51.46935}",SSEN-2818001160,SSEN-281800116001
281800116002,SSEN,17.0,4026.0,2024-12-13 10:30:00+00:00,"{'x': -0.373581, 'y': 51.46935}",SSEN-2818001160,SSEN-281800116002
281800116004,SSEN,17.0,4560.0,2024-12-13 10:30:00+00:00,"{'x': -0.373581, 'y': 51.46935}",SSEN-2818001160,SSEN-281800116004
281800116005,SSEN,43.0,11452.0,2024-12-13 10:30:00+00:00,"{'x': -0.373581, 'y': 51.46935}",SSEN-2818001160,SSEN-281800116005
281800116001,SSEN,46.0,13555.0,2024-12-13 11:00:00+00:00,"{'x': -0.373581, 'y': 51.46935}",SSEN-2818001160,SSEN-281800116001
281800116002,SSEN,17.0,4886.0,2024-12-13 11:00:00+00:00,"{'x': -0.373581, 'y': 51.46935}",SSEN-2818001160,SSEN-281800116002
281800116004,SSEN,17.0,4539.0,2024-12-13 11:00:00+00:00,"{'x': -0.373581, 'y': 51.46935}",SSEN-2818001160,SSEN-281800116004
281800116005,SSEN,43.0,15348.0,2024-12-13 11:00:00+00:00,"{'x': -0.373581, 'y': 51.46935}",SSEN-2818001160,SSEN-281800116005
281800116001,SSEN,46.0,14510.0,2024-12-13 11:30:00+00:00,"{'x': -0.373581, 'y': 51.46935}",SSEN-2818001160,SSEN-281800116001
281800116002,SSEN,17.0,4415.0,2024-12-13 11:30:00+00:00,"{'x': -0.373581, 'y': 51.46935}",SSEN-2818001160,SSEN-281800116002
281800116004,SSEN,17.0,5192.0,2024-12-13 11:30:00+00:00,"{'x': -0.373581, 'y': 51.46935}",SSEN-2818001160,SSEN-281800116004
281800116005,SSEN,43.0,14161.0,2024-12-13 11:30:00+00:00,"{'x': -0.373581, 'y': 51.46935}",SSEN-2818001160,SSEN-281800116005
281800116001,SSEN,46.0,16873.0,2024-12-13 12:00:00+00:00,"{'x': -0.373581, 'y': 51.46935}",SSEN-2818001160,SSEN-281800116001
281800116002,SSEN,17.0,4283.0,2024-12-13 12:00:00+00:00,"{'x': -0.373581, 'y': 51.46935}",SSEN-2818001160,SSEN-281800116002
281800116004,SSEN,17.0,4796.0,2024-12-13 12:00:00+00:00,"{'x': -0.373581, 'y': 51.46935}",SSEN-2818001160,SSEN-281800116004
281800116005,SSEN,43.0,14607.0,2024-12-13 12:00:00+00:00,"{'x': -0.373581, 'y': 51.46935}",SSEN-2818001160,SSEN-281800116005
281800116001,SSEN,46.0,13691.0,2024-12-13 12:30:00+00:00,"{'x': -0.373581, 'y': 51.46935}",SSEN-2818001160,SSEN-281800116001
281800116002,SSEN,17.0,5895.0,2024-12-13 12:30:00+00:00,"{'x': -0.373581, 'y': 51.46935}",SSEN-2818001160,SSEN-281800116002
281800116004,SSEN,17.0,4016.0,2024-12-13 12:30:00+00:00,"{'x': -0.373581, 'y': 51.46935}",SSEN-2818001160,SSEN-281800116004
281800116005,SSEN,43.0,15366.0,2024-12-13 12:30:00+00:00,"{'x': -0.373581, 'y': 51.46935}",SSEN-2818001160,SSEN-281800116005
281800116001,SSEN,46.0,12220.0,2024-12-13 13:00:00+00:00,"{'x': -0.373581, 'y': 51.46935}",SSEN-2818001160,SSEN-281800116001
281800116002,SSEN,17.0,6318.0,2024-12-13 13:00:00+00:00,"{'x': -0.373581, 'y': 51.46935}",SSEN-2818001160,SSEN-281800116002
281800116004,SSEN,17.0,3931.0,2024-12-13 13:00:00+00:00,"{'x': -0.373581, 'y': 51.46935}",SSEN-2818001160,SSEN-281800116004
281800116005,SSEN,43.0,15552.0,2024-12-13 13:00:00+00:00,"{'x': -0.373581, 'y': 51.46935}",SSEN-2818001160,SSEN-281800116005
281800116001,SSEN,46.0,10219.0,2024-12-13 13:30:00+00:00,"{'x': -0.373581, 'y': 51.46935}",SSEN-2818001160,SSEN-281800116001
281800116002,SSEN,17.0,6928.0,2024-12-13 13:30:00+00:00,"{'x': -0.373581, 'y': 51.46935}",SSEN-2818001160,SSEN-281800116002
281800116004,SSEN,17.0,4227.0,2024-12-13 13:30:00+00:00,"{'x': -0.373581, 'y': 51.46935}",SSEN-2818001160,SSEN-281800116004
281800116005,SSEN,43.0,17422.0,2024-12-13 13:30:00+00:00,"{'x': -0.373581, 'y': 51.46935}",SSEN-2818001160,SSEN-281800116005
281800116001,SSEN,46.0,12114.0,2024-12-13 14:00:00+00:00,"{'x': -0.373581, 'y': 51.46935}",SSEN-2818001160,SSEN-281800116001
281800116002,SSEN,17.0,5249.0,2024-12-13 14:00:00+00:00,"{'x': -0.373581, 'y': 51.46935}",SSEN-2818001160,SSEN-281800116002
281800116004,SSEN,17.0,6682.0,2024-12-13 14:00:00+00:00,"{'x': -0.373581, 'y': 51.46935}",SSEN-2818001160,SSEN-281800116004
281800116005,SSEN,43.0,13022.0,2024-12-13 14:00:00+00:00,"{'x': -0.373581, 'y': 51.46935}",SSEN-2818001160,SSEN-281800116005
281800116001,SSEN,46.0,11376.0,2024-12-13 14:30:00+00:00,"{'x': -0.373581, 'y': 51.46935}",SSEN-2818001160,SSEN-281800116001
281800116002,SSEN,17.0,3882.0,2024-12-13 14:30:00+00:00,"{'x': -0.373581, 'y': 51.46935}",SSEN-2818001160,SSEN-281800116002
281800116004,SSEN,17.0,5011.0,2024-12-13 14:30:00+00:00,"{'x': -0.373581, 'y': 51.46935}",SSEN-2818001160,SSEN-281800116004
281800116005,SSEN,43.0,11139.0,2024-12-13 14:30:00+00:00,"{'x': -0.373581, 'y': 51.46935}",SSEN-2818001160,SSEN-281800116005
281800116001,SSEN,46.0,10879.0,2024-12-13 15:00:00+00:00,"{'x': -0.373581, 'y': 51.46935}",SSEN-2818001160,SSEN-281800116001
281800116002,SSEN,17.0,3906.0,2024-12-13 15:00:00+00:00,"{'x': -0.373581, 'y': 51.46935}",SSEN-2818001160,SSEN-281800116002
281800116004,SSEN,17.0,5777.0,2024-12-13 15:00:00+00:00,"{'x': -0.373581, 'y': 51.46935}",SSEN-2818001160,SSEN-281800116004
281800116005,SSEN,43.0,10140.0,2024-12-13 15:00:00+00:00,"{'x': -0.373581, 'y': 51.46935}",SSEN-2818001160,SSEN-281800116005
281800116001,SSEN,46.0,11939.0,2024-12-13 15:30:00+00:00,"{'x': -0.373581, 'y': 51.46935}",SSEN-2818001160,SSEN-281800116001
281800116002,SSEN,17.0,4875.0,2024-12-13 15:30:00+00:00,"{'x': -0.373581, 'y': 51.46935}",SSEN-2818001160,SSEN-281800116002
281800116004,SSEN,17.0,4268.0,2024-12-13 15:30:00+00:00,"{'x': -0.373581, 'y': 51.46935}",SSEN-2818001160,SSEN-281800116004
281800116005,SSEN,43.0,9770.0,2024-12-13 15:30:00+00:00,"{'x': -0.373581, 'y': 51.46935}",SSEN-2818001160,SSEN-281800116005
281800116001,SSEN,46.0,13268.0,2024-12-13 16:00:00+00:00,"{'x': -0.373581, 'y': 51.46935}",SSEN-2818001160,SSEN-281800116001
281800116002,SSEN,17.0,6879.0,2024-12-13 16:00:00+00:00,"{'x': -0.373581, 'y': 51.46935}",SSEN-2818001160,SSEN-281800116002
281800116004,SSEN,17.0,3852.0,2024-12-13 16:00:00+00:00,"{'x': -0.373581, 'y': 51.46935}",SSEN-2818001160,SSEN-281800116004
281800116005,SSEN,43.0,14543.0,2024-12-13 16:00:00+00:00,"{'x': -0.373581, 'y': 51.46935}",SSEN-2818001160,SSEN-281800116005
281800116001,SSEN,46.0,14347.0,2024-12-13 16:30:00+00:00,"{'x': -0.373581, 'y': 51.46935}",SSEN-2818001160,SSEN-281800116001
281800116002,SSEN,17.0,7112.0,2024-12-13 16:30:00+00:00,"{'x': -0.373581, 'y': 51.46935}",SSEN-2818001160,SSEN-281800116002
281800116004,SSEN,17.0,4445.0,2024-12-13 16:30:00+00:00,"{'x': -0.373581, 'y': 51.46935}",SSEN-2818001160,SSEN-281800116004
281800116005,SSEN,43.0,15560.0,2024-12-13 16:30:00+00:00,"{'x': -0.373581, 'y': 51.46935}",SSEN-2818001160,SSEN-281800116005
281800116001,SSEN,46.0,16021.0,2024-12-13 17:00:00+00:00,"{'x': -0.373581, 'y': 51.46935}",SSEN-2818001160,SSEN-281800116001
281800116002,SSEN,17.0,6680.0,2024-12-13 17:00:00+00:00,"{'x': -0.373581, 'y': 51.46935}",SSEN-2818001160,SSEN-281800116002
281800116004,SSEN,17.0,5506.0,2024-12-13 17:00:00+00:00,"{'x': -0.373581, 'y': 51.46935}",SSEN-2818001160,SSEN-281800116004
281800116005,SSEN,43.0,15379.0,2024-12-13 17:00:00+00:00,"{'x': -0.373581, 'y': 51.46935}",SSEN-2818001160,SSEN-281800116005
281800116001,SSEN,46.0,17630.0,2024-12-13 17:30:00+00:00,"{'x': -0.373581, 'y': 51.46935}",SSEN-2818001160,SSEN-281800116001
281800116002,SSEN,17.0,7436.0,2024-12-13 17:30:00+00:00,"{'x': -0.373581, 'y': 51.46935}",SSEN-2818001160,SSEN-281800116002
281800116004,SSEN,17.0,4256.0,2024-12-13 17:30:00+00:00,"{'x': -0.373581, 'y': 51.46935}",SSEN-2818001160,SSEN-281800116004
281800116005,SSEN,43.0,13575.0,2024-12-13 17:30:00+00:00,"{'x': -0.373581, 'y': 51.46935}",SSEN-2818001160,SSEN-281800116005
281800116001,SSEN,46.0,17293.0,2024-12-13 18:00:00+00:00,"{'x': -0.373581, 'y': 51.46935}",SSEN-2818001160,SSEN-281800116001
281800116002,SSEN,17.0,7535.0,2024-12-13 18:00:00+00:00,"{'x': -0.373581, 'y': 51.46935}",SSEN-2818001160,SSEN-281800116002
281800116004,SSEN,17.0,4975.0,2024-12-13 18:00:00+00:00,"{'x': -0.373581, 'y': 51.46935}",SSEN-2818001160,SSEN-281800116004
281800116005,SSEN,43.0,13029.0,2024-12-13 18:00:00+00:00,"{'x': -0.373581, 'y': 51.46935}",SSEN-2818001160,SSEN-281800116005
281800116001,SSEN,46.0,17289.0,2024-12-13 18:30:00+00:00,"{'x': -0.373581, 'y': 51.46935}",SSEN-2818001160,SSEN-281800116001
281800116002,SSEN,17.0,8513.0,2024-12-13 18:30:00+00:00,"{'x': -0.373581, 'y': 51.46935}",SSEN-2818001160,SSEN-281800116002
281800116004,SSEN,17.0,4932.0,2024-12-13 18:30:00+00:00,"{'x': -0.373581, 'y': 51.46935}",SSEN-2818001160,SSEN-281800116004
281800116005,SSEN,43.0,11394.0,2024-12-13 18:30:00+00:00,"{'x': -0.373581, 'y': 51.46935}",SSEN-2818001160,SSEN-281800116005
281800116001,SSEN,46.0,19133.0,2024-12-13 19:00:00+00:00,"{'x': -0.373581, 'y': 51.46935}",SSEN-2818001160,SSEN-281800116001
281800116002,SSEN,17.0,8896.0,2024-12-13 19:00:00+00:00,"{'x': -0.373581, 'y': 51.46935}",SSEN-2818001160,SSEN-281800116002
281800116004,SSEN,17.0,4348.0,2024-12-13 19:00:00+00:00,"{'x': -0.373581, 'y': 51.46935}",SSEN-2818001160,SSEN-281800116004
281800116005,SSEN,43.0,14045.0,2024-12-13 19:00:00+00:00,"{'x': -0.373581, 'y': 51.46935}",SSEN-2818001160,SSEN-281800116005
281800116001,SSEN,46.0,20024.0,2024-12-13 19:30:00+00:00,"{'x': -0.373581, 'y': 51.46935}",SSEN-2818001160,SSEN-281800116001
281800116002,SSEN,17.0,9186.0,2024-12-13 19:30:00+00:00,"{'x': -0.373581, 'y': 51.46935}",SSEN-2818001160,SSEN-281800116002
281800116004,SSEN,17.0,4249.0,2024-12-13 19:30:00+00:00,"{'x': -0.373581, 'y': 51.46935}",SSEN-2818001160,SSEN-281800116004
281800116005,SSEN,43.0,17927.0,2024-12-13 19:30:00+00:00,"{'x': -0.373581, 'y': 51.46935}",SSEN-2818001160,SSEN-281800116005
281800116001,SSEN,46.0,17991.0,2024-12-13 20:00:00+00:00,"{'x': -0.373581, 'y': 51.46935}",SSEN-2818001160,SSEN-281800116001
281800116002,SSEN,17.0,7413.0,2024-12-13 20:00:00+00:00,"{'x': -0.373581, 'y': 51.46935}",SSEN-2818001160,SSEN-281800116002
281800116004,SSEN,17.0,5078.0,2024-12-13 20:00:00+00:00,"{'x': -0.373581, 'y': 51.46935}",SSEN-2818001160,SSEN-281800116004
281800116005,SSEN,43.0,20371.0,2024-12-13 20:00:00+00:00,"{'x': -0.373581, 'y': 51.46935}",SSEN-2818001160,SSEN-281800116005
281800116001,SSEN,46.0,18467.0,2024-12-13 20:30:00+00:00,"{'x': -0.373581, 'y': 51.46935}",SSEN-2818001160,SSEN-281800116001
281800116002,SSEN,17.0,9632.0,2024-12-13 20:30:00+00:00,"{'x': -0.373581, 'y': 51.46935}",SSEN-2818001160,SSEN-281800116002
281800116004,SSEN,17.0,5969.0,2024-12-13 20:30:00+00:00,"{'x': -0.373581, 'y': 51.46935}",SSEN-2818001160,SSEN-281800116004
281800116005,SSEN,43.0,18968.0,2024-12-13 20:30:00+00:00,"{'x': -0.373581, 'y': 51.46935}",SSEN-2818001160,SSEN-281800116005
281800116001,SSEN,46.0,17046.0,2024-12-13 21:00:00+00:00,"{'x': -0.373581, 'y': 51.46935}",SSEN-2818001160,SSEN-281800116001
281800116002,SSEN,17.0,8362.0,2024-12-13 21:00:00+00:00,"{'x': -0.373581, 'y': 51.46935}",SSEN-2818001160,SSEN-281800116002
281800116004,SSEN,17.0,6194.0,2024-12-13 21:00:00+00:00,"{'x': -0.373581, 'y': 51.46935}",SSEN-2818001160,SSEN-281800116004
281800116005,SSEN,43.0,18718.0,2024-12-13 21:00:00+00:00,"{'x': -0.373581, 'y': 51.46935}",SSEN-2818001160,SSEN-281800116005
281800116001,SSEN,46.0,16351.0,2024-12-13 21:30:00+00:00,"{'x': -0.373581, 'y': 51.46935}",SSEN-2818001160,SSEN-281800116001
281800116002,SSEN,17.0,6607.0,2024-12-13 21:30:00+00:00,"{'x': -0.373581, 'y': 51.46935}",SSEN-2818001160,SSEN-281800116002
281800116004,SSEN,17.0,6306.0,2024-12-13 21:30:00+00:00,"{'x': -0.373581, 'y': 51.46935}",SSEN-2818001160,SSEN-281800116004
281800116005,SSEN,43.0,19670.0,2024-12-13 21:30:00+00:00,"{'x': -0.373581, 'y': 51.46935}",SSEN-2818001160,SSEN-281800116005
281800116001,SSEN,46.0,11309.0,2024-12-13 22:00:00+00:00,"{'x': -0.373581, 'y': 51.46935}",SSEN-2818001160,SSEN-281800116001
281800116002,SSEN,17.0,6665.0,2024-12-13 22:00:00+00:00,"{'x': -0.373581, 'y': 51.46935}",SSEN-2818001160,SSEN-281800116002
281800116004,SSEN,17.0,6384.0,2024-12-13 22:00:00+00:00,"{'x': -0.373581, 'y': 51.46935}",SSEN-2818001160,SSEN-281800116004
281800116005,SSEN,43.0,22977.0,2024-12-13 22:00:00+00:00,"{'x': -0.373581, 'y': 51.46935}",SSEN-2818001160,SSEN-281800116005
281800116001,SSEN,46.0,11913.0,2024-12-13 22:30:00+00:00,"{'x': -0.373581, 'y': 51.46935}",SSEN-2818001160,SSEN-281800116001
281800116002,SSEN,17.0,6385.0,2024-12-13 22:30:00+00:00,"{'x': -0.373581, 'y': 51.46935}",SSEN-2818001160,SSEN-281800116002
281800116004,SSEN,17.0,5141.0,2024-12-13 22:30:00+00:00,"{'x': -0.373581, 'y': 51.46935}",SSEN-2818001160,SSEN-281800116004
281800116005,SSEN,43.0,18022.0,2024-12-13 22:30:00+00:00,"{'x': -0.373581, 'y': 51.46935}",SSEN-2818001160,SSEN-281800116005
281800116001,SSEN,46.0,12705.0,2024-12-13 23:00:00+00:00,"{'x': -0.373581, 'y': 51.46935}",SSEN-2818001160,SSEN-281800116001
281800116002,SSEN,17.0,5159.0,2024-12-13 23:00:00+00:00,"{'x': -0.373581, 'y': 51.46935}",SSEN-2818001160,SSEN-281800116002
281800116004,SSEN,17.0,4934.0,2024-12-13 23:00:00+00:00,"{'x': -0.373581, 'y': 51.46935}",SSEN-2818001160,SSEN-281800116004
281800116005,SSEN,43.0,20621.0,2024-12-13 23:00:00+00:00,"{'x': -0.373581, 'y': 51.46935}",SSEN-2818001160,SSEN-281800116005
281800116001,SSEN,46.0,12438.0,2024-12-13 23:30:00+00:00,"{'x': -0.373581, 'y': 51.46935}",SSEN-2818001160,SSEN-281800116001
281800116002,SSEN,17.0,4900.0,2024-12-13 23:30:00+00:00,"{'x': -0.373581, 'y': 51.46935}",SSEN-2818001160,SSEN-281800116002
281800116004,SSEN,17.0,4457.0,2024-12-13 23:30:00+00:00,"{'x': -0.373581, 'y': 51.46935}",SSEN-2818001160,SSEN-281800116004
281800116005,SSEN,43.0,15751.0,2024-12-13 23:30:00+00:00,"{'x': -0.373581, 'y': 51.46935}",SSEN-2818001160,SSEN-281800116005
281800116001,SSEN,46.0,12526.0,2024-12-14 00:00:00+00:00,"{'x': -0.373581, 'y': 51.46935}",SSEN-2818001160,SSEN-281800116001
281800116002,SSEN,17.0,8034.0,2024-12-14 00:00:00+00:00,"{'x': -0.373581, 'y': 51.46935}",SSEN-2818001160,SSEN-281800116002
281800116004,SSEN,17.0,4583.0,2024-12-14 00:00:00+00:00,"{'x': -0.373581, 'y': 51.46935}",SSEN-2818001160,SSEN-281800116004
281800116005,SSEN,43.0,13558.0,2024-12-14 00:00:00+00:00,"{'x': -0.373581, 'y': 51.46935}",SSEN-2818001160,SSEN-281800116005
281800116001,SSEN,46.0,11543.0,2024-12-14 00:30:00+00:00,"{'x': -0.373581, 'y': 51.46935}",SSEN-2818001160,SSEN-281800116001
281800116002,SSEN,19.0,9640.0,2024-12-14 00:30:00+00:00,"{'x': -0.373581, 'y': 51.46935}",SSEN-2818001160,SSEN-281800116002
281800116004,SSEN,17.0,4916.0,2024-12-14 00:30:00+00:00,"{'x': -0.373581, 'y': 51.46935}",SSEN-2818001160,SSEN-281800116004
281800116005,SSEN,43.0,14552.0,2024-12-14 00:30:00+00:00,"{'x': -0.373581, 'y': 51.46935}",SSEN-2818001160,SSEN-281800116005
281800116001,SSEN,46.0,8886.0,2024-12-14 01:00:00+00:00,"{'x': -0.373581, 'y': 51.46935}",SSEN-2818001160,SSEN-281800116001
281800116002,SSEN,19.0,8144.0,2024-12-14 01:00:00+00:00,"{'x': -0.373581, 'y': 51.46935}",SSEN-2818001160,SSEN-281800116002
281800116004,SSEN,17.0,5448.0,2024-12-14 01:00:00+00:00,"{'x': -0.373581, 'y': 51.46935}",SSEN-2818001160,SSEN-281800116004
281800116005,SSEN,43.0,15783.0,2024-12-14 01:00:00+00:00,"{'x': -0.373581, 'y': 51.46935}",SSEN-2818001160,SSEN-281800116005
281800116001,SSEN,46.0,9276.0,2024-12-14 01:30:00+00:00,"{'x': -0.373581, 'y': 51.46935}",SSEN-2818001160,SSEN-281800116001
281800116002,SSEN,19.0,8023.0,2024-12-14 01:30:00+00:00,"{'x': -0.373581, 'y': 51.46935}",SSEN-2818001160,SSEN-281800116002
281800116004,SSEN,17.0,4068.0,2024-12-14 01:30:00+00:00,"{'x': -0.373581, 'y': 51.46935}",SSEN-2818001160,SSEN-281800116004
281800116005,SSEN,43.0,16061.0,2024-12-14 01:30:00+00:00,"{'x': -0.373581, 'y': 51.46935}",SSEN-2818001160,SSEN-281800116005
281800116001,SSEN,46.0,10792.0,2024-12-14 02:00:00+00:00,"{'x': -0.373581, 'y': 51.46935}",SSEN-2818001160,SSEN-281800116001
281800116002,SSEN,19.0,6324.0,2024-12-14 02:00:00+00:00,"{'x': -0.373581, 'y': 51.46935}",SSEN-2818001160,SSEN-281800116002
281800116004,SSEN,17.0,4074.0,2024-12-14 02:00:00+00:00,"{'x': -0.373581, 'y': 51.46935}",SSEN-2818001160,SSEN-281800116004
281800116005,SSEN,43.0,14138.0,2024-12-14 02:00:00+00:00,"{'x': -0.373581, 'y': 51.46935}",SSEN-2818001160,SSEN-281800116005
281800116001,SSEN,46.0,11033.0,2024-12-14 02:30:00+00:00,"{'x': -0.373581, 'y': 51.46935}",SSEN-2818001160,SSEN-281800116001
281800116002,SSEN,19.0,5446.0,2024-12-14 02:30:00+00:00,"{'x': -0.373581, 'y': 51.46935}",SSEN-2818001160,SSEN-281800116002
281800116004,SSEN,17.0,4026.0,2024-12-14 02:30:00+00:00,"{'x': -0.373581, 'y': 51.46935}",SSEN-2818001160,SSEN-281800116004
281800116005,SSEN,43.0,12817.0,2024-12-14 02:30:00+00:00,"{'x': -0.373581, 'y': 51.46935}",SSEN-2818001160,SSEN-281800116005
281800116001,SSEN,46.0,10776.0,2024-12-14 03:00:00+00:00,"{'x': -0.373581, 'y': 51.46935}",SSEN-2818001160,SSEN-281800116001
281800116002,SSEN,19.0,4673.0,2024-12-14 03:00:00+00:00,"{'x': -0.373581, 'y': 51.46935}",SSEN-2818001160,SSEN-281800116002
281800116004,SSEN,17.0,4182.0,2024-12-14 03:00:00+00:00,"{'x': -0.373581, 'y': 51.46935}",SSEN-2818001160,SSEN-281800116004
281800116005,SSEN,43.0,11971.0,2024-12-14 03:00:00+00:00,"{'x': -0.373581, 'y': 51.46935}",SSEN-2818001160,SSEN-281800116005
281800116001,SSEN,46.0,11676.0,2024-12-14 03:30:00+00:00,"{'x': -0.373581, 'y': 51.46935}",SSEN-2818001160,SSEN-281800116001
281800116002,SSEN,19.0,6139.0,2024-12-14 03:30:00+00:00,"{'x': -0.373581, 'y': 51.46935}",SSEN-2818001160,SSEN-281800116002
281800116004,SSEN,17.0,4845.0,2024-12-14 03:30:00+00:00,"{'x': -0.373581, 'y': 51.46935}",SSEN-2818001160,SSEN-281800116004
281800116005,SSEN,43.0,13830.0,2024-12-14 03:30:00+00:00,"{'x': -0.373581, 'y': 51.46935}",SSEN-2818001160,SSEN-281800116005
281800116001,SSEN,46.0,11249.0,2024-12-14 04:00:00+00:00,"{'x': -0.373581, 'y': 51.46935}",SSEN-2818001160,SSEN-281800116001
281800116002,SSEN,19.0,5745.0,2024-12-14 04:00:00+00:00,"{'x': -0.373581, 'y': 51.46935}",SSEN-2818001160,SSEN-281800116002
281800116004,SSEN,17.0,3881.0,2024-12-14 04:00:00+00:00,"{'x': -0.373581, 'y': 51.46935}",SSEN-2818001160,SSEN-281800116004
281800116005,SSEN,43.0,13359.0,2024-12-14 04:00:00+00:00,"{'x': -0.373581, 'y': 51.46935}",SSEN-2818001160,SSEN-281800116005
281800116001,SSEN,46.0,11552.0,2024-12-14 04:30:00+00:00,"{'x': -0.373581, 'y': 51.46935}",SSEN-2818001160,SSEN-281800116001
281800116002,SSEN,19.0,5047.0,2024-12-14 04:30:00+00:00,"{'x': -0.373581, 'y': 51.46935}",SSEN-2818001160,SSEN-281800116002
281800116004,SSEN,17.0,3695.0,2024-12-14 04:30:00+00:00,"{'x': -0.373581, 'y': 51.46935}",SSEN-2818001160,SSEN-281800116004
281800116005,SSEN,43.0,12214.0,2024-12-14 04:30:00+00:00,"{'x': -0.373581, 'y': 51.46935}",SSEN-2818001160,SSEN-281800116005
281800116001,SSEN,46.0,12225.0,2024-12-14 05:00:00+00:00,"{'x': -0.373581, 'y': 51.46935}",SSEN-2818001160,SSEN-281800116001
281800116002,SSEN,19.0,3934.0,2024-12-14 05:00:00+00:00,"{'x': -0.373581, 'y': 51.46935}",SSEN-2818001160,SSEN-281800116002
281800116004,SSEN,17.0,3565.0,2024-12-14 05:00:00+00:00,"{'x': -0.373581, 'y': 51.46935}",SSEN-2818001160,SSEN-281800116004
281800116005,SSEN,43.0,9150.0,2024-12-14 05:00:00+00:00,"{'x': -0.373581, 'y': 51.46935}",SSEN-2818001160,SSEN-281800116005
281800116001,SSEN,46.0,12683.0,2024-12-14 05:30:00+00:00,"{'x': -0.373581, 'y': 51.46935}",SSEN-2818001160,SSEN-281800116001
281800116002,SSEN,19.0,3281.0,2024-12-14 05:30:00+00:00,"{'x': -0.373581, 'y': 51.46935}",SSEN-2818001160,SSEN-281800116002
281800116004,SSEN,17.0,4345.0,2024-12-14 05:30:00+00:00,"{'x': -0.373581, 'y': 51.46935}",SSEN-2818001160,SSEN-281800116004
281800116005,SSEN,43.0,9764.0,2024-12-14 05:30:00+00:00,"{'x': -0.373581, 'y': 51.46935}",SSEN-2818001160,SSEN-281800116005
281800116001,SSEN,46.0,12068.0,2024-12-14 06:00:00+00:00,"{'x': -0.373581, 'y': 51.46935}",SSEN-2818001160,SSEN-281800116001
281800116002,SSEN,19.0,3607.0,2024-12-14 06:00:00+00:00,"{'x': -0.373581, 'y': 51.46935}",SSEN-2818001160,SSEN-281800116002
281800116004,SSEN,17.0,4420.0,2024-12-14 06:00:00+00:00,"{'x': -0.373581, 'y': 51.46935}",SSEN-2818001160,SSEN-281800116004
281800116005,SSEN,43.0,6407.0,2024-12-14 06:00:00+00:00,"{'x': -0.373581, 'y': 51.46935}",SSEN-2818001160,SSEN-281800116005
281800116001,SSEN,46.0,9569.0,2024-12-14 06:30:00+00:00,"{'x': -0.373581, 'y': 51.46935}",SSEN-2818001160,SSEN-281800116001
281800116002,SSEN,19.0,2510.0,2024-12-14 06:30:00+00:00,"{'x': -0.373581, 'y': 51.46935}",SSEN-2818001160,SSEN-281800116002
281800116004,SSEN,17.0,5452.0,2024-12-14 06:30:00+00:00,"{'x': -0.373581, 'y': 51.46935}",SSEN-2818001160,SSEN-281800116004
281800116005,SSEN,43.0,8574.0,2024-12-14 06:30:00+00:00,"{'x': -0.373581, 'y': 51.46935}",SSEN-2818001160,SSEN-281800116005
281800116001,SSEN,46.0,10766.0,2024-12-14 07:00:00+00:00,"{'x': -0.373581, 'y': 51.46935}",SSEN-2818001160,SSEN-281800116001
281800116002,SSEN,19.0,4774.0,2024-12-14 07:00:00+00:00,"{'x': -0.373581, 'y': 51.46935}",SSEN-2818001160,SSEN-281800116002
281800116004,SSEN,17.0,3772.0,2024-12-14 07:00:00+00:00,"{'x': -0.373581, 'y': 51.46935}",SSEN-2818001160,SSEN-281800116004
281800116005,SSEN,43.0,9142.0,2024-12-14 07:00:00+00:00,"{'x': -0.373581, 'y': 51.46935}",SSEN-2818001160,SSEN-281800116005
281800116001,SSEN,46.0,10675.0,2024-12-14 07:30:00+00:00,"{'x': -0.373581, 'y': 51.46935}",SSEN-2818001160,SSEN-281800116001
281800116002,SSEN,19.0,3945.0,2024-12-14 07:30:00+00:00,"{'x': -0.373581, 'y': 51.46935}",SSEN-2818001160,SSEN-281800116002
281800116004,SSEN,17.0,3410.0,2024-12-14 07:30:00+00:00,"{'x': -0.373581, 'y': 51.46935}",SSEN-2818001160,SSEN-281800116004
281800116005,SSEN,43.0,10298.0,2024-12-14 07:30:00+00:00,"{'x': -0.373581, 'y': 51.46935}",SSEN-2818001160,SSEN-281800116005
281800116001,SSEN,46.0,11107.0,2024-12-14 08:00:00+00:00,"{'x': -0.373581, 'y': 51.46935}",SSEN-2818001160,SSEN-281800116001
281800116002,SSEN,19.0,3784.0,2024-12-14 08:00:00+00:00,"{'x': -0.373581, 'y': 51.46935}",SSEN-2818001160,SSEN-281800116002
281800116004,SSEN,17.0,3033.0,2024-12-14 08:00:00+00:00,"{'x': -0.373581, 'y': 51.46935}",SSEN-2818001160,SSEN-281800116004
281800116005,SSEN,43.0,7682.0,2024-12-14 08:00:00+00:00,"{'x': -0.373581, 'y': 51.46935}",SSEN-2818001160,SSEN-281800116005
281800116001,SSEN,46.0,15498.0,2024-12-14 08:30:00+00:00,"{'x': -0.373581, 'y': 51.46935}",SSEN-2818001160,SSEN-281800116001
281800116002,SSEN,19.0,5258.0,2024-12-14 08:30:00+00:00,"{'x': -0.373581, 'y': 51.46935}",SSEN-2818001160,SSEN-281800116002
281800116004,SSEN,17.0,3169.0,2024-12-14 08:30:00+00:00,"{'x': -0.373581, 'y': 51.46935}",SSEN-2818001160,SSEN-281800116004
281800116005,SSEN,43.0,9849.0,2024-12-14 08:30:00+00:00,"{'x': -0.373581, 'y': 51.46935}",SSEN-2818001160,SSEN-281800116005
281800116001,SSEN,46.0,15200.0,2024-12-14 09:00:00+00:00,"{'x': -0.373581, 'y': 51.46935}",SSEN-2818001160,SSEN-281800116001
281800116002,SSEN,19.0,5992.0,2024-12-14 09:00:00+00:00,"{'x': -0.373581, 'y': 51.46935}",SSEN-2818001160,SSEN-281800116002
281800116004,SSEN,17.0,3365.0,2024-12-14 09:00:00+00:00,"{'x': -0.373581, 'y': 51.46935}",SSEN-2818001160,SSEN-281800116004
281800116005,SSEN,43.0,13576.0,2024-12-14 09:00:00+00:00,"{'x': -0.373581, 'y': 51.46935}",SSEN-2818001160,SSEN-281800116005
281800116001,SSEN,46.0,16564.0,2024-12-14 09:30:00+00:00,"{'x': -0.373581, 'y': 51.46935}",SSEN-2818001160,SSEN-281800116001
281800116002,SSEN,19.0,6094.0,2024-12-14 09:30:00+00:00,"{'x': -0.373581, 'y': 51.46935}",SSEN-2818001160,SSEN-281800116002
281800116004,SSEN,17.0,3195.0,2024-12-14 09:30:00+00:00,"{'x': -0.373581, 'y': 51.46935}",SSEN-2818001160,SSEN-281800116004
281800116005,SSEN,43.0,11696.0,2024-12-14 09:30:00+00:00,"{'x': -0.373581, 'y': 51.46935}",SSEN-2818001160,SSEN-281800116005
281800116001,SSEN,46.0,14644.0,2024-12-14 10:00:00+00:00,"{'x': -0.373581, 'y': 51.46935}",SSEN-2818001160,SSEN-281800116001
281800116002,SSEN,19.0,6687.0,2024-12-14 10:00:00+00:00,"{'x': -0.373581, 'y': 51.46935}",SSEN-2818001160,SSEN-281800116002
281800116004,SSEN,17.0,4319.0,2024-12-14 10:00:00+00:00,"{'x': -0.373581, 'y': 51.46935}",SSEN-2818001160,SSEN-281800116004
281800116005,SSEN,43.0,17385.0,2024-12-14 10:00:00+00:00,"{'x': -0.373581, 'y': 51.46935}",SSEN-2818001160,SSEN-281800116005
281800116001,SSEN,46.0,15137.0,2024-12-14 10:30:00+00:00,"{'x': -0.373581, 'y': 51.46935}",SSEN-2818001160,SSEN-281800116001
281800116002,SSEN,19.0,5438.0,2024-12-14 10:30:00+00:00,"{'x': -0.373581, 'y': 51.46935}",SSEN-2818001160,SSEN-281800116002
281800116004,SSEN,17.0,4013.0,2024-12-14 10:30:00+00:00,"{'x': -0.373581, 'y': 51.46935}",SSEN-2818001160,SSEN-281800116004
281800116005,SSEN,43.0,15365.0,2024-12-14 10:30:00+00:00,"{'x': -0.373581, 'y': 51.46935}",SSEN-2818001160,SSEN-281800116005
281800116001,SSEN,46.0,15872.0,2024-12-14 11:00:00+00:00,"{'x': -0.373581, 'y': 51.46935}",SSEN-2818001160,SSEN-281800116001
281800116002,SSEN,19.0,7102.0,2024-12-14 11:00:00+00:00,"{'x': -0.373581, 'y': 51.46935}",SSEN-2818001160,SSEN-281800116002
281800116004,SSEN,17.0,5004.0,2024-12-14 11:00:00+00:00,"{'x': -0.373581, 'y': 51.46935}",SSEN-2818001160,SSEN-281800116004
281800116005,SSEN,43.0,18327.0,2024-12-14 11:00:00+00:00,"{'x': -0.373581, 'y': 51.46935}",SSEN-2818001160,SSEN-281800116005
281800116001,SSEN,46.0,15071.0,2024-12-14 11:30:00+00:00,"{'x': -0.373581, 'y': 51.46935}",SSEN-2818001160,SSEN-281800116001
281800116002,SSEN,19.0,6480.0,2024-12-14 11:30:00+00:00,"{'x': -0.373581, 'y': 51.46935}",SSEN-2818001160,SSEN-281800116002
281800116004,SSEN,17.0,4822.0,2024-12-14 11:30:00+00:00,"{'x': -0.373581, 'y': 51.46935}",SSEN-2818001160,SSEN-281800116004
281800116005,SSEN,43.0,20496.0,2024-12-14 11:30:00+00:00,"{'x': -0.373581, 'y': 51.46935}",SSEN-2818001160,SSEN-281800116005
281800116001,SSEN,46.0,14955.0,2024-12-14 12:00:00+00:00,"{'x': -0.373581, 'y': 51.46935}",SSEN-2818001160,SSEN-281800116001
281800116002,SSEN,19.0,4416.0,2024-12-14 12:00:00+00:00,"{'x': -0.373581, 'y': 51.46935}",SSEN-2818001160,SSEN-281800116002
281800116004,SSEN,17.0,5079.0,2024-12-14 12:00:00+00:00,"{'x': -0.373581, 'y': 51.46935}",SSEN-2818001160,SSEN-281800116004
281800116005,SSEN,43.0,14875.0,2024-12-14 12:00:00+00:00,"{'x': -0.373581, 'y': 51.46935}",SSEN-2818001160,SSEN-281800116005
281800116001,SSEN,46.0,16407.0,2024-12-14 12:30:00+00:00,"{'x': -0.373581, 'y': 51.46935}",SSEN-2818001160,SSEN-281800116001
281800116002,SSEN,19.0,4401.0,2024-12-14 12:30:00+00:00,"{'x': -0.373581, 'y': 51.46935}",SSEN-2818001160,SSEN-281800116002
281800116004,SSEN,17.0,5170.0,2024-12-14 12:30:00+00:00,"{'x': -0.373581, 'y': 51.46935}",SSEN-2818001160,SSEN-281800116004
281800116005,SSEN,43.0,16564.0,2024-12-14 12:30:00+00:00,"{'x': -0.373581, 'y': 51.46935}",SSEN-2818001160,SSEN-281800116005
281800116001,SSEN,46.0,18614.0,2024-12-14 13:00:00+00:00,"{'x': -0.373581, 'y': 51.46935}",SSEN-2818001160,SSEN-281800116001
281800116002,SSEN,19.0,7035.0,2024-12-14 13:00:00+00:00,"{'x': -0.373581, 'y': 51.46935}",SSEN-2818001160,SSEN-281800116002
281800116004,SSEN,17.0,4189.0,2024-12-14 13:00:00+00:00,"{'x': -0.373581, 'y': 51.46935}",SSEN-2818001160,SSEN-281800116004
281800116005,SSEN,43.0,18054.0,2024-12-14 13:00:00+00:00,"{'x': -0.373581, 'y': 51.46935}",SSEN-2818001160,SSEN-281800116005
281800116001,SSEN,46.0,17138.0,2024-12-14 13:30:00+00:00,"{'x': -0.373581, 'y': 51.46935}",SSEN-2818001160,SSEN-281800116001
281800116002,SSEN,19.0,6572.0,2024-12-14 13:30:00+00:00,"{'x': -0.373581, 'y': 51.46935}",SSEN-2818001160,SSEN-281800116002
281800116004,SSEN,17.0,4310.0,2024-12-14 13:30:00+00:00,"{'x': -0.373581, 'y': 51.46935}",SSEN-2818001160,SSEN-281800116004
281800116005,SSEN,43.0,15716.0,2024-12-14 13:30:00+00:00,"{'x': -0.373581, 'y': 51.46935}",SSEN-2818001160,SSEN-281800116005
281800116001,SSEN,46.0,15797.0,2024-12-14 14:00:00+00:00,"{'x': -0.373581, 'y': 51.46935}",SSEN-2818001160,SSEN-281800116001
281800116002,SSEN,19.0,4418.0,2024-12-14 14:00:00+00:00,"{'x': -0.373581, 'y': 51.46935}",SSEN-2818001160,SSEN-281800116002
281800116004,SSEN,17.0,3903.0,2024-12-14 14:00:00+00:00,"{'x': -0.373581, 'y': 51.46935}",SSEN-2818001160,SSEN-281800116004
281800116005,SSEN,43.0,15087.0,2024-12-14 14:00:00+00:00,"{'x': -0.373581, 'y': 51.46935}",SSEN-2818001160,SSEN-281800116005
281800116001,SSEN,46.0,20557.0,2024-12-14 14:30:00+00:00,"{'x': -0.373581, 'y': 51.46935}",SSEN-2818001160,SSEN-281800116001
281800116002,SSEN,19.0,4969.0,2024-12-14 14:30:00+00:00,"{'x': -0.373581, 'y': 51.46935}",SSEN-2818001160,SSEN-281800116002
281800116004,SSEN,17.0,4722.0,2024-12-14 14:30:00+00:00,"{'x': -0.373581, 'y': 51.46935}",SSEN-2818001160,SSEN-281800116004
281800116005,SSEN,43.0,14891.0,2024-12-14 14:30:00+00:00,"{'x': -0.373581, 'y': 51.46935}",SSEN-2818001160,SSEN-281800116005
281800116001,SSEN,46.0,16636.0,2024-12-14 15:00:00+00:00,"{'x': -0.373581, 'y': 51.46935}",SSEN-2818001160,SSEN-281800116001
281800116002,SSEN,19.0,6697.0,2024-12-14 15:00:00+00:00,"{'x': -0.373581, 'y': 51.46935}",SSEN-2818001160,SSEN-281800116002
281800116004,SSEN,17.0,4814.0,2024-12-14 15:00:00+00:00,"{'x': -0.373581, 'y': 51.46935}",SSEN-2818001160,SSEN-281800116004
281800116005,SSEN,43.0,14370.0,2024-12-14 15:00:00+00:00,"{'x': -0.373581, 'y': 51.46935}",SSEN-2818001160,SSEN-281800116005
281800116001,SSEN,46.0,16598.0,2024-12-14 15:30:00+00:00,"{'x': -0.373581, 'y': 51.46935}",SSEN-2818001160,SSEN-281800116001
281800116002,SSEN,19.0,8527.0,2024-12-14 15:30:00+00:00,"{'x': -0.373581, 'y': 51.46935}",SSEN-2818001160,SSEN-281800116002
281800116004,SSEN,17.0,3522.0,2024-12-14 15:30:00+00:00,"{'x': -0.373581, 'y': 51.46935}",SSEN-2818001160,SSEN-281800116004
281800116005,SSEN,43.0,13911.0,2024-12-14 15:30:00+00:00,"{'x': -0.373581, 'y': 51.46935}",SSEN-2818001160,SSEN-281800116005
281800116001,SSEN,46.0,15394.0,2024-12-14 16:00:00+00:00,"{'x': -0.373581, 'y': 51.46935}",SSEN-2818001160,SSEN-281800116001
281800116002,SSEN,19.0,7163.0,2024-12-14 16:00:00+00:00,"{'x': -0.373581, 'y': 51.46935}",SSEN-2818001160,SSEN-281800116002
281800116004,SSEN,17.0,3281.0,2024-12-14 16:00:00+00:00,"{'x': -0.373581, 'y': 51.46935}",SSEN-2818001160,SSEN-281800116004
281800116005,SSEN,43.0,15289.0,2024-12-14 16:00:00+00:00,"{'x': -0.373581, 'y': 51.46935}",SSEN-2818001160,SSEN-281800116005
281800116001,SSEN,46.0,16115.0,2024-12-14 16:30:00+00:00,"{'x': -0.373581, 'y': 51.46935}",SSEN-2818001160,SSEN-281800116001
281800116002,SSEN,19.0,7066.0,2024-12-14 16:30:00+00:00,"{'x': -0.373581, 'y': 51.46935}",SSEN-2818001160,SSEN-281800116002
281800116004,SSEN,17.0,3155.0,2024-12-14 16:30:00+00:00,"{'x': -0.373581, 'y': 51.46935}",SSEN-2818001160,SSEN-281800116004
281800116005,SSEN,43.0,17956.0,2024-12-14 16:30:00+00:00,"{'x': -0.373581, 'y': 51.46935}",SSEN-2818001160,SSEN-281800116005
281800116001,SSEN,46.0,17028.0,2024-12-14 17:00:00+00:00,"{'x': -0.373581, 'y': 51.46935}",SSEN-2818001160,SSEN-281800116001
281800116002,SSEN,19.0,9396.0,2024-12-14 17:00:00+00:00,"{'x': -0.373581, 'y': 51.46935}",SSEN-2818001160,SSEN-281800116002
281800116004,SSEN,17.0,5862.0,2024-12-14 17:00:00+00:00,"{'x': -0.373581, 'y': 51.46935}",SSEN-2818001160,SSEN-281800116004
281800116005,SSEN,43.0,16066.0,2024-12-14 17:00:00+00:00,"{'x': -0.373581, 'y': 51.46935}",SSEN-2818001160,SSEN-281800116005
281800116001,SSEN,46.0,20020.0,2024-12-14 17:30:00+00:00,"{'x': -0.373581, 'y': 51.46935}",SSEN-2818001160,SSEN-281800116001
281800116002,SSEN,19.0,6378.0,2024-12-14 17:30:00+00:00,"{'x': -0.373581, 'y': 51.46935}",SSEN-2818001160,SSEN-281800116002
281800116004,SSEN,17.0,8687.0,2024-12-14 17:30:00+00:00,"{'x': -0.373581, 'y': 51.46935}",SSEN-2818001160,SSEN-281800116004
281800116005,SSEN,43.0,17903.0,2024-12-14 17:30:00+00:00,"{'x': -0.373581, 'y': 51.46935}",SSEN-2818001160,SSEN-281800116005
281800116001,SSEN,46.0,19423.0,2024-12-14 18:00:00+00:00,"{'x': -0.373581, 'y': 51.46935}",SSEN-2818001160,SSEN-281800116001
281800116002,SSEN,19.0,5447.0,2024-12-14 18:00:00+00:00,"{'x': -0.373581, 'y': 51.46935}",SSEN-2818001160,SSEN-281800116002
281800116004,SSEN,17.0,6640.0,2024-12-14 18:00:00+00:00,"{'x': -0.373581, 'y': 51.46935}",SSEN-2818001160,SSEN-281800116004
281800116005,SSEN,43.0,15102.0,2024-12-14 18:00:00+00:00,"{'x': -0.373581, 'y': 51.46935}",SSEN-2818001160,SSEN-281800116005
281800116001,SSEN,46.0,17779.0,2024-12-14 18:30:00+00:00,"{'x': -0.373581, 'y': 51.46935}",SSEN-2818001160,SSEN-281800116001
281800116002,SSEN,19.0,5615.0,2024-12-14 18:30:00+00:00,"{'x': -0.373581, 'y': 51.46935}",SSEN-2818001160,SSEN-281800116002
281800116004,SSEN,17.0,4811.0,2024-12-14 18:30:00+00:00,"{'x': -0.373581, 'y': 51.46935}",SSEN-2818001160,SSEN-281800116004
281800116005,SSEN,43.0,14406.0,2024-12-14 18:30:00+00:00,"{'x': -0.373581, 'y': 51.46935}",SSEN-2818001160,SSEN-281800116005
281800116001,SSEN,46.0,17713.0,2024-12-14 19:00:00+00:00,"{'x': -0.373581, 'y': 51.46935}",SSEN-2818001160,SSEN-281800116001
281800116002,SSEN,19.0,9129.0,2024-12-14 19:00:00+00:00,"{'x': -0.373581, 'y': 51.46935}",SSEN-2818001160,SSEN-281800116002
281800116004,SSEN,17.0,5066.0,2024-12-14 19:00:00+00:00,"{'x': -0.373581, 'y': 51.46935}",SSEN-2818001160,SSEN-281800116004
281800116005,SSEN,43.0,15176.0,2024-12-14 19:00:00+00:00,"{'x': -0.373581, 'y': 51.46935}",SSEN-2818001160,SSEN-281800116005
281800116001,SSEN,46.0,18070.0,2024-12-14 19:30:00+00:00,"{'x': -0.373581, 'y': 51.46935}",SSEN-2818001160,SSEN-281800116001
281800116002,SSEN,19.0,10116.0,2024-12-14 19:30:00+00:00,"{'x': -0.373581, 'y': 51.46935}",SSEN-2818001160,SSEN-281800116002
281800116004,SSEN,17.0,5137.0,2024-12-14 19:30:00+00:00,"{'x': -0.373581, 'y': 51.46935}",SSEN-2818001160,SSEN-281800116004
281800116005,SSEN,43.0,15443.0,2024-12-14 19:30:00+00:00,"{'x': -0.373581, 'y': 51.46935}",SSEN-2818001160,SSEN-281800116005
281800116001,SSEN,46.0,16424.0,2024-12-14 20:00:00+00:00,"{'x': -0.373581, 'y': 51.46935}",SSEN-2818001160,SSEN-281800116001
281800116002,SSEN,19.0,9754.0,2024-12-14 20:00:00+00:00,"{'x': -0.373581, 'y': 51.46935}",SSEN-2818001160,SSEN-281800116002
281800116004,SSEN,17.0,4776.0,2024-12-14 20:00:00+00:00,"{'x': -0.373581, 'y': 51.46935}",SSEN-2818001160,SSEN-281800116004
281800116005,SSEN,43.0,18035.0,2024-12-14 20:00:00+00:00,"{'x': -0.373581, 'y': 51.46935}",SSEN-2818001160,SSEN-281800116005
281800116001,SSEN,46.0,15751.0,2024-12-14 20:30:00+00:00,"{'x': -0.373581, 'y': 51.46935}",SSEN-2818001160,SSEN-281800116001
281800116002,SSEN,19.0,10084.0,2024-12-14 20:30:00+00:00,"{'x': -0.373581, 'y': 51.46935}",SSEN-2818001160,SSEN-281800116002
281800116004,SSEN,17.0,5296.0,2024-12-14 20:30:00+00:00,"{'x': -0.373581, 'y': 51.46935}",SSEN-2818001160,SSEN-281800116004
281800116005,SSEN,43.0,16271.0,2024-12-14 20:30:00+00:00,"{'x': -0.373581, 'y': 51.46935}",SSEN-2818001160,SSEN-281800116005
281800116001,SSEN,46.0,18621.0,2024-12-14 21:00:00+00:00,"{'x': -0.373581, 'y': 51.46935}",SSEN-2818001160,SSEN-281800116001
281800116002,SSEN,19.0,10080.0,2024-12-14 21:00:00+00:00,"{'x': -0.373581, 'y': 51.46935}",SSEN-2818001160,SSEN-281800116002
281800116004,SSEN,17.0,4743.0,2024-12-14 21:00:00+00:00,"{'x': -0.373581, 'y': 51.46935}",SSEN-2818001160,SSEN-281800116004
281800116005,SSEN,43.0,15658.0,2024-12-14 21:00:00+00:00,"{'x': -0.373581, 'y': 51.46935}",SSEN-2818001160,SSEN-281800116005
281800116001,SSEN,46.0,16693.0,2024-12-14 21:30:00+00:00,"{'x': -0.373581, 'y': 51.46935}",SSEN-2818001160,SSEN-281800116001
281800116002,SSEN,19.0,10686.0,2024-12-14 21:30:00+00:00,"{'x': -0.373581, 'y': 51.46935}",SSEN-2818001160,SSEN-281800116002
281800116004,SSEN,17.0,5260.0,2024-12-14 21:30:00+00:00,"{'x': -0.373581, 'y': 51.46935}",SSEN-2818001160,SSEN-281800116004
281800116005,SSEN,43.0,16592.0,2024-12-14 21:30:00+00:00,"{'x': -0.373581, 'y': 51.46935}",SSEN-2818001160,SSEN-281800116005
281800116001,SSEN,46.0,13801.0,2024-12-14 22:00:00+00:00,"{'x': -0.373581, 'y': 51.46935}",SSEN-2818001160,SSEN-281800116001
281800116002,SSEN,19.0,11031.0,2024-12-14 22:00:00+00:00,"{'x': -0.373581, 'y': 51.46935}",SSEN-2818001160,SSEN-281800116002
281800116004,SSEN,17.0,5409.0,2024-12-14 22:00:00+00:00,"{'x': -0.373581, 'y': 51.46935}",SSEN-2818001160,SSEN-281800116004
281800116005,SSEN,43.0,15094.0,2024-12-14 22:00:00+00:00,"{'x': -0.373581, 'y': 51.46935}",SSEN-2818001160,SSEN-281800116005
281800116001,SSEN,46.0,10924.0,2024-12-14 22:30:00+00:00,"{'x': -0.373581, 'y': 51.46935}",SSEN-2818001160,SSEN-281800116001
281800116002,SSEN,19.0,9841.0,2024-12-14 22:30:00+00:00,"{'x': -0.373581, 'y': 51.46935}",SSEN-2818001160,SSEN-281800116002
281800116004,SSEN,17.0,6535.0,2024-12-14 22:30:00+00:00,"{'x': -0.373581, 'y': 51.46935}",SSEN-2818001160,SSEN-281800116004
281800116005,SSEN,43.0,15725.0,2024-12-14 22:30:00+00:00,"{'x': -0.373581, 'y': 51.46935}",SSEN-2818001160,SSEN-281800116005
281800116001,SSEN,46.0,12681.0,2024-12-14 23:00:00+00:00,"{'x': -0.373581, 'y': 51.46935}",SSEN-2818001160,SSEN-281800116001
281800116002,SSEN,19.0,12160.0,2024-12-14 23:00:00+00:00,"{'x': -0.373581, 'y': 51.46935}",SSEN-2818001160,SSEN-281800116002
281800116004,SSEN,17.0,5766.0,2024-12-14 23:00:00+00:00,"{'x': -0.373581, 'y': 51.46935}",SSEN-2818001160,SSEN-281800116004
281800116005,SSEN,43.0,21100.0,2024-12-14 23:00:00+00:00,"{'x': -0.373581, 'y': 51.46935}",SSEN-2818001160,SSEN-281800116005
281800116001,SSEN,46.0,10317.0,2024-12-14 23:30:00+00:00,"{'x': -0.373581, 'y': 51.46935}",SSEN-2818001160,SSEN-281800116001
281800116002,SSEN,19.0,16688.0,2024-12-14 23:30:00+00:00,"{'x': -0.373581, 'y': 51.46935}",SSEN-2818001160,SSEN-281800116002
281800116004,SSEN,17.0,6651.0,2024-12-14 23:30:00+00:00,"{'x': -0.373581, 'y': 51.46935}",SSEN-2818001160,SSEN-281800116004
281800116005,SSEN,43.0,16805.0,2024-12-14 23:30:00+00:00,"{'x': -0.373581, 'y': 51.46935}",SSEN-2818001160,SSEN-281800116005
281800116001,SSEN,46.0,9920.0,2024-12-15 00:00:00+00:00,"{'x': -0.373581, 'y': 51.46935}",SSEN-2818001160,SSEN-281800116001
281800116002,SSEN,19.0,13754.0,2024-12-15 00:00:00+00:00,"{'x': -0.373581, 'y': 51.46935}",SSEN-2818001160,SSEN-281800116002
281800116004,SSEN,17.0,5597.0,2024-12-15 00:00:00+00:00,"{'x': -0.373581, 'y': 51.46935}",SSEN-2818001160,SSEN-281800116004
281800116005,SSEN,43.0,18275.0,2024-12-15 00:00:00+00:00,"{'x': -0.373581, 'y': 51.46935}",SSEN-2818001160,SSEN-281800116005
281800116001,SSEN,45.0,8320.0,2024-12-15 00:30:00+00:00,"{'x': -0.373581, 'y': 51.46935}",SSEN-2818001160,SSEN-281800116001
281800116002,SSEN,19.0,14916.0,2024-12-15 00:30:00+00:00,"{'x': -0.373581, 'y': 51.46935}",SSEN-2818001160,SSEN-281800116002
281800116004,SSEN,18.0,4900.0,2024-12-15 00:30:00+00:00,"{'x': -0.373581, 'y': 51.46935}",SSEN-2818001160,SSEN-281800116004
281800116005,SSEN,43.0,16877.0,2024-12-15 00:30:00+00:00,"{'x': -0.373581, 'y': 51.46935}",SSEN-2818001160,SSEN-281800116005
281800116001,SSEN,45.0,8500.0,2024-12-15 01:00:00+00:00,"{'x': -0.373581, 'y': 51.46935}",SSEN-2818001160,SSEN-281800116001
281800116002,SSEN,19.0,12568.0,2024-12-15 01:00:00+00:00,"{'x': -0.373581, 'y': 51.46935}",SSEN-2818001160,SSEN-281800116002
281800116004,SSEN,18.0,4577.0,2024-12-15 01:00:00+00:00,"{'x': -0.373581, 'y': 51.46935}",SSEN-2818001160,SSEN-281800116004
281800116005,SSEN,43.0,17969.0,2024-12-15 01:00:00+00:00,"{'x': -0.373581, 'y': 51.46935}",SSEN-2818001160,SSEN-281800116005
281800116001,SSEN,45.0,8832.0,2024-12-15 01:30:00+00:00,"{'x': -0.373581, 'y': 51.46935}",SSEN-2818001160,SSEN-281800116001
281800116002,SSEN,19.0,10353.0,2024-12-15 01:30:00+00:00,"{'x': -0.373581, 'y': 51.46935}",SSEN-2818001160,SSEN-281800116002
281800116004,SSEN,18.0,4393.0,2024-12-15 01:30:00+00:00,"{'x': -0.373581, 'y': 51.46935}",SSEN-2818001160,SSEN-281800116004
281800116005,SSEN,43.0,17782.0,2024-12-15 01:30:00+00:00,"{'x': -0.373581, 'y': 51.46935}",SSEN-2818001160,SSEN-281800116005
281800116001,SSEN,45.0,7167.0,2024-12-15 02:00:00+00:00,"{'x': -0.373581, 'y': 51.46935}",SSEN-2818001160,SSEN-281800116001
281800116002,SSEN,19.0,10502.0,2024-12-15 02:00:00+00:00,"{'x': -0.373581, 'y': 51.46935}",SSEN-2818001160,SSEN-281800116002
281800116004,SSEN,18.0,4636.0,2024-12-15 02:00:00+00:00,"{'x': -0.373581, 'y': 51.46935}",SSEN-2818001160,SSEN-281800116004
281800116005,SSEN,43.0,17375.0,2024-12-15 02:00:00+00:00,"{'x': -0.373581, 'y': 51.46935}",SSEN-2818001160,SSEN-281800116005
281800116001,SSEN,45.0,7084.0,2024-12-15 02:30:00+00:00,"{'x': -0.373581, 'y': 51.46935}",SSEN-2818001160,SSEN-281800116001
281800116002,SSEN,19.0,9543.0,2024-12-15 02:30:00+00:00,"{'x': -0.373581, 'y': 51.46935}",SSEN-2818001160,SSEN-281800116002
281800116004,SSEN,18.0,4301.0,2024-12-15 02:30:00+00:00,"{'x': -0.373581, 'y': 51.46935}",SSEN-2818001160,SSEN-281800116004
281800116005,SSEN,43.0,13685.0,2024-12-15 02:30:00+00:00,"{'x': -0.373581, 'y': 51.46935}",SSEN-2818001160,SSEN-281800116005
281800116001,SSEN,45.0,6924.0,2024-12-15 03:00:00+00:00,"{'x': -0.373581, 'y': 51.46935}",SSEN-2818001160,SSEN-281800116001
281800116002,SSEN,19.0,9182.0,2024-12-15 03:00:00+00:00,"{'x': -0.373581, 'y': 51.46935}",SSEN-2818001160,SSEN-281800116002
281800116004,SSEN,18.0,4580.0,2024-12-15 03:00:00+00:00,"{'x': -0.373581, 'y': 51.46935}",SSEN-2818001160,SSEN-281800116004
281800116005,SSEN,43.0,13014.0,2024-12-15 03:00:00+00:00,"{'x': -0.373581, 'y': 51.46935}",SSEN-2818001160,SSEN-281800116005
281800116001,SSEN,45.0,7203.0,2024-12-15 03:30:00+00:00,"{'x': -0.373581, 'y': 51.46935}",SSEN-2818001160,SSEN-281800116001
281800116002,SSEN,19.0,5388.0,2024-12-15 03:30:00+00:00,"{'x': -0.373581, 'y': 51.46935}",SSEN-2818001160,SSEN-281800116002
281800116004,SSEN,18.0,3964.0,2024-12-15 03:30:00+00:00,"{'x': -0.373581, 'y': 51.46935}",SSEN-2818001160,SSEN-281800116004
281800116005,SSEN,43.0,12861.0,2024-12-15 03:30:00+00:00,"{'x': -0.373581, 'y': 51.46935}",SSEN-2818001160,SSEN-281800116005
281800116001,SSEN,45.0,8269.0,2024-12-15 04:00:00+00:00,"{'x': -0.373581, 'y': 51.46935}",SSEN-2818001160,SSEN-281800116001
281800116002,SSEN,19.0,2471.0,2024-12-15 04:00:00+00:00,"{'x': -0.373581, 'y': 51.46935}",SSEN-2818001160,SSEN-281800116002
281800116004,SSEN,18.0,3747.0,2024-12-15 04:00:00+00:00,"{'x': -0.373581, 'y': 51.46935}",SSEN-2818001160,SSEN-281800116004
281800116005,SSEN,43.0,13786.0,2024-12-15 04:00:00+00:00,"{'x': -0.373581, 'y': 51.46935}",SSEN-2818001160,SSEN-281800116005
281800116001,SSEN,45.0,7632.0,2024-12-15 04:30:00+00:00,"{'x': -0.373581, 'y': 51.46935}",SSEN-2818001160,SSEN-281800116001
281800116002,SSEN,19.0,2557.0,2024-12-15 04:30:00+00:00,"{'x': -0.373581, 'y': 51.46935}",SSEN-2818001160,SSEN-281800116002
281800116004,SSEN,18.0,3528.0,2024-12-15 04:30:00+00:00,"{'x': -0.373581, 'y': 51.46935}",SSEN-2818001160,SSEN-281800116004
281800116005,SSEN,43.0,13937.0,2024-12-15 04:30:00+00:00,"{'x': -0.373581, 'y': 51.46935}",SSEN-2818001160,SSEN-281800116005
281800116001,SSEN,45.0,8640.0,2024-12-15 05:00:00+00:00,"{'x': -0.373581, 'y': 51.46935}",SSEN-2818001160,SSEN-281800116001
281800116002,SSEN,19.0,2800.0,2024-12-15 05:00:00+00:00,"{'x': -0.373581, 'y': 51.46935}",SSEN-2818001160,SSEN-281800116002
281800116004,SSEN,18.0,3432.0,2024-12-15 05:00:00+00:00,"{'x': -0.373581, 'y': 51.46935}",SSEN-2818001160,SSEN-281800116004
281800116005,SSEN,43.0,11850.0,2024-12-15 05:00:00+00:00,"{'x': -0.373581, 'y': 51.46935}",SSEN-2818001160,SSEN-281800116005
281800116001,SSEN,45.0,7617.0,2024-12-15 05:30:00+00:00,"{'x': -0.373581, 'y': 51.46935}",SSEN-2818001160,SSEN-281800116001
281800116002,SSEN,19.0,2146.0,2024-12-15 05:30:00+00:00,"{'x': -0.373581, 'y': 51.46935}",SSEN-2818001160,SSEN-281800116002
281800116004,SSEN,18.0,3462.0,2024-12-15 05:30:00+00:00,"{'x': -0.373581, 'y': 51.46935}",SSEN-2818001160,SSEN-281800116004
281800116005,SSEN,43.0,11542.0,2024-12-15 05:30:00+00:00,"{'x': -0.373581, 'y': 51.46935}",SSEN-2818001160,SSEN-281800116005
281800116001,SSEN,45.0,8331.0,2024-12-15 06:00:00+00:00,"{'x': -0.373581, 'y': 51.46935}",SSEN-2818001160,SSEN-281800116001
281800116002,SSEN,19.0,3099.0,2024-12-15 06:00:00+00:00,"{'x': -0.373581, 'y': 51.46935}",SSEN-2818001160,SSEN-281800116002
281800116004,SSEN,18.0,4082.0,2024-12-15 06:00:00+00:00,"{'x': -0.373581, 'y': 51.46935}",SSEN-2818001160,SSEN-281800116004
281800116005,SSEN,43.0,8148.0,2024-12-15 06:00:00+00:00,"{'x': -0.373581, 'y': 51.46935}",SSEN-2818001160,SSEN-281800116005
281800116001,SSEN,45.0,9194.0,2024-12-15 06:30:00+00:00,"{'x': -0.373581, 'y': 51.46935}",SSEN-2818001160,SSEN-281800116001
281800116002,SSEN,19.0,2653.0,2024-12-15 06:30:00+00:00,"{'x': -0.373581, 'y': 51.46935}",SSEN-2818001160,SSEN-281800116002
281800116004,SSEN,18.0,4653.0,2024-12-15 06:30:00+00:00,"{'x': -0.373581, 'y': 51.46935}",SSEN-2818001160,SSEN-281800116004
281800116005,SSEN,43.0,9327.0,2024-12-15 06:30:00+00:00,"{'x': -0.373581, 'y': 51.46935}",SSEN-2818001160,SSEN-281800116005
281800116001,SSEN,45.0,10801.0,2024-12-15 07:00:00+00:00,"{'x': -0.373581, 'y': 51.46935}",SSEN-2818001160,SSEN-281800116001
281800116002,SSEN,19.0,4018.0,2024-12-15 07:00:00+00:00,"{'x': -0.373581, 'y': 51.46935}",SSEN-2818001160,SSEN-281800116002
281800116004,SSEN,18.0,5786.0,2024-12-15 07:00:00+00:00,"{'x': -0.373581, 'y': 51.46935}",SSEN-2818001160,SSEN-281800116004
281800116005,SSEN,43.0,12031.0,2024-12-15 07:00:00+00:00,"{'x': -0.373581, 'y': 51.46935}",SSEN-2818001160,SSEN-281800116005
281800116001,SSEN,45.0,10403.0,2024-12-15 07:30:00+00:00,"{'x': -0.373581, 'y': 51.46935}",SSEN-2818001160,SSEN-281800116001
281800116002,SSEN,19.0,3073.0,2024-12-15 07:30:00+00:00,"{'x': -0.373581, 'y': 51.46935}",SSEN-2818001160,SSEN-281800116002
281800116004,SSEN,18.0,5031.0,2024-12-15 07:30:00+00:00,"{'x': -0.373581, 'y': 51.46935}",SSEN-2818001160,SSEN-281800116004
281800116005,SSEN,43.0,9998.0,2024-12-15 07:30:00+00:00,"{'x': -0.373581, 'y': 51.46935}",SSEN-2818001160,SSEN-281800116005
281800116001,SSEN,45.0,9827.0,2024-12-15 08:00:00+00:00,"{'x': -0.373581, 'y': 51.46935}",SSEN-2818001160,SSEN-281800116001
281800116002,SSEN,19.0,3748.0,2024-12-15 08:00:00+00:00,"{'x': -0.373581, 'y': 51.46935}",SSEN-2818001160,SSEN-281800116002
281800116004,SSEN,18.0,4936.0,2024-12-15 08:00:00+00:00,"{'x': -0.373581, 'y': 51.46935}",SSEN-2818001160,SSEN-281800116004
281800116005,SSEN,43.0,9564.0,2024-12-15 08:00:00+00:00,"{'x': -0.373581, 'y': 51.46935}",SSEN-2818001160,SSEN-281800116005
281800116001,SSEN,45.0,12403.0,2024-12-15 08:30:00+00:00,"{'x': -0.373581, 'y': 51.46935}",SSEN-2818001160,SSEN-281800116001
281800116002,SSEN,19.0,3901.0,2024-12-15 08:30:00+00:00,"{'x': -0.373581, 'y': 51.46935}",SSEN-2818001160,SSEN-281800116002
281800116004,SSEN,18.0,7373.0,2024-12-15 08:30:00+00:00,"{'x': -0.373581, 'y': 51.46935}",SSEN-2818001160,SSEN-281800116004
281800116005,SSEN,43.0,10367.0,2024-12-15 08:30:00+00:00,"{'x': -0.373581, 'y': 51.46935}",SSEN-2818001160,SSEN-281800116005
281800116001,SSEN,45.0,12639.0,2024-12-15 09:00:00+00:00,"{'x': -0.373581, 'y': 51.46935}",SSEN-2818001160,SSEN-281800116001
281800116002,SSEN,19.0,5396.0,2024-12-15 09:00:00+00:00,"{'x': -0.373581, 'y': 51.46935}",SSEN-2818001160,SSEN-281800116002
281800116004,SSEN,18.0,5559.0,2024-12-15 09:00:00+00:00,"{'x': -0.373581, 'y': 51.46935}",SSEN-2818001160,SSEN-281800116004
281800116005,SSEN,43.0,16127.0,2024-12-15 09:00:00+00:00,"{'x': -0.373581, 'y': 51.46935}",SSEN-2818001160,SSEN-281800116005
281800116001,SSEN,45.0,14107.0,2024-12-15 09:30:00+00:00,"{'x': -0.373581, 'y': 51.46935}",SSEN-2818001160,SSEN-281800116001
281800116002,SSEN,19.0,5029.0,2024-12-15 09:30:00+00:00,"{'x': -0.373581, 'y': 51.46935}",SSEN-2818001160,SSEN-281800116002
281800116004,SSEN,18.0,5512.0,2024-12-15 09:30:00+00:00,"{'x': -0.373581, 'y': 51.46935}",SSEN-2818001160,SSEN-281800116004
281800116005,SSEN,43.0,15073.0,2024-12-15 09:30:00+00:00,"{'x': -0.373581, 'y': 51.46935}",SSEN-2818001160,SSEN-281800116005
281800116001,SSEN,45.0,12895.0,2024-12-15 10:00:00+00:00,"{'x': -0.373581, 'y': 51.46935}",SSEN-2818001160,SSEN-281800116001
281800116002,SSEN,19.0,7003.0,2024-12-15 10:00:00+00:00,"{'x': -0.373581, 'y': 51.46935}",SSEN-2818001160,SSEN-281800116002
281800116004,SSEN,18.0,5892.0,2024-12-15 10:00:00+00:00,"{'x': -0.373581, 'y': 51.46935}",SSEN-2818001160,SSEN-281800116004
281800116005,SSEN,43.0,14769.0,2024-12-15 10:00:00+00:00,"{'x': -0.373581, 'y': 51.46935}",SSEN-2818001160,SSEN-281800116005
281800116001,SSEN,45.0,13708.0,2024-12-15 10:30:00+00:00,"{'x': -0.373581, 'y': 51.46935}",SSEN-2818001160,SSEN-281800116001
281800116002,SSEN,19.0,6628.0,2024-12-15 10:30:00+00:00,"{'x': -0.373581, 'y': 51.46935}",SSEN-2818001160,SSEN-281800116002
281800116004,SSEN,18.0,5355.0,2024-12-15 10:30:00+00:00,"{'x': -0.373581, 'y': 51.46935}",SSEN-2818001160,SSEN-281800116004
281800116005,SSEN,43.0,14300.0,2024-12-15 10:30:00+00:00,"{'x': -0.373581, 'y': 51.46935}",SSEN-2818001160,SSEN-281800116005
281800116001,SSEN,45.0,16825.0,2024-12-15 11:00:00+00:00,"{'x': -0.373581, 'y': 51.46935}",SSEN-2818001160,SSEN-281800116001
281800116002,SSEN,19.0,5794.0,2024-12-15 11:00:00+00:00,"{'x': -0.373581, 'y': 51.46935}",SSEN-2818001160,SSEN-281800116002
281800116004,SSEN,18.0,11697.0,2024-12-15 11:00:00+00:00,"{'x': -0.373581, 'y': 51.46935}",SSEN-2818001160,SSEN-281800116004
281800116005,SSEN,43.0,19160.0,2024-12-15 11:00:00+00:00,"{'x': -0.373581, 'y': 51.46935}",SSEN-2818001160,SSEN-281800116005
281800116001,SSEN,45.0,15774.0,2024-12-15 11:30:00+00:00,"{'x': -0.373581, 'y': 51.46935}",SSEN-2818001160,SSEN-281800116001
281800116002,SSEN,19.0,5583.0,2024-12-15 11:30:00+00:00,"{'x': -0.373581, 'y': 51.46935}",SSEN-2818001160,SSEN-281800116002
281800116004,SSEN,18.0,13745.0,2024-12-15 11:30:00+00:00,"{'x': -0.373581, 'y': 51.46935}",SSEN-2818001160,SSEN-281800116004
281800116005,SSEN,43.0,17183.0,2024-12-15 11:30:00+00:00,"{'x': -0.373581, 'y': 51.46935}",SSEN-2818001160,SSEN-281800116005
281800116001,SSEN,45.0,14644.0,2024-12-15 12:00:00+00:00,"{'x': -0.373581, 'y': 51.46935}",SSEN-2818001160,SSEN-281800116001
281800116002,SSEN,19.0,6381.0,2024-12-15 12:00:00+00:00,"{'x': -0.373581, 'y': 51.46935}",SSEN-2818001160,SSEN-281800116002
281800116004,SSEN,18.0,12726.0,2024-12-15 12:00:00+00:00,"{'x': -0.373581, 'y': 51.46935}",SSEN-2818001160,SSEN-281800116004
281800116005,SSEN,43.0,14149.0,2024-12-15 12:00:00+00:00,"{'x': -0.373581, 'y': 51.46935}",SSEN-2818001160,SSEN-281800116005
281800116001,SSEN,45.0,13358.0,2024-12-15 12:30:00+00:00,"{'x': -0.373581, 'y': 51.46935}",SSEN-2818001160,SSEN-281800116001
281800116002,SSEN,19.0,8613.0,2024-12-15 12:30:00+00:00,"{'x': -0.373581, 'y': 51.46935}",SSEN-2818001160,SSEN-281800116002
281800116004,SSEN,18.0,12488.0,2024-12-15 12:30:00+00:00,"{'x': -0.373581, 'y': 51.46935}",SSEN-2818001160,SSEN-281800116004
281800116005,SSEN,43.0,14559.0,2024-12-15 12:30:00+00:00,"{'x': -0.373581, 'y': 51.46935}",SSEN-2818001160,SSEN-281800116005
281800116001,SSEN,45.0,15871.0,2024-12-15 13:00:00+00:00,"{'x': -0.373581, 'y': 51.46935}",SSEN-2818001160,SSEN-281800116001
281800116002,SSEN,19.0,9595.0,2024-12-15 13:00:00+00:00,"{'x': -0.373581, 'y': 51.46935}",SSEN-2818001160,SSEN-281800116002
281800116004,SSEN,18.0,12037.0,2024-12-15 13:00:00+00:00,"{'x': -0.373581, 'y': 51.46935}",SSEN-2818001160,SSEN-281800116004
281800116005,SSEN,43.0,16024.0,2024-12-15 13:00:00+00:00,"{'x': -0.373581, 'y': 51.46935}",SSEN-2818001160,SSEN-281800116005
281800116001,SSEN,45.0,14576.0,2024-12-15 13:30:00+00:00,"{'x': -0.373581, 'y': 51.46935}",SSEN-2818001160,SSEN-281800116001
281800116002,SSEN,19.0,8942.0,2024-12-15 13:30:00+00:00,"{'x': -0.373581, 'y': 51.46935}",SSEN-2818001160,SSEN-281800116002
281800116004,SSEN,18.0,12132.0,2024-12-15 13:30:00+00:00,"{'x': -0.373581, 'y': 51.46935}",SSEN-2818001160,SSEN-281800116004
281800116005,SSEN,43.0,14485.0,2024-12-15 13:30:00+00:00,"{'x': -0.373581, 'y': 51.46935}",SSEN-2818001160,SSEN-281800116005
281800116001,SSEN,45.0,13075.0,2024-12-15 14:00:00+00:00,"{'x': -0.373581, 'y': 51.46935}",SSEN-2818001160,SSEN-281800116001
281800116002,SSEN,19.0,7484.0,2024-12-15 14:00:00+00:00,"{'x': -0.373581, 'y': 51.46935}",SSEN-2818001160,SSEN-281800116002
281800116004,SSEN,18.0,6916.0,2024-12-15 14:00:00+00:00,"{'x': -0.373581, 'y': 51.46935}",SSEN-2818001160,SSEN-281800116004
281800116005,SSEN,43.0,13470.0,2024-12-15 14:00:00+00:00,"{'x': -0.373581, 'y': 51.46935}",SSEN-2818001160,SSEN-281800116005
281800116001,SSEN,45.0,14773.0,2024-12-15 14:30:00+00:00,"{'x': -0.373581, 'y': 51.46935}",SSEN-2818001160,SSEN-281800116001
281800116002,SSEN,19.0,6778.0,2024-12-15 14:30:00+00:00,"{'x': -0.373581, 'y': 51.46935}",SSEN-2818001160,SSEN-281800116002
281800116004,SSEN,18.0,4959.0,2024-12-15 14:30:00+00:00,"{'x': -0.373581, 'y': 51.46935}",SSEN-2818001160,SSEN-281800116004
281800116005,SSEN,43.0,13540.0,2024-12-15 14:30:00+00:00,"{'x': -0.373581, 'y': 51.46935}",SSEN-2818001160,SSEN-281800116005
281800116001,SSEN,45.0,14671.0,2024-12-15 15:00:00+00:00,"{'x': -0.373581, 'y': 51.46935}",SSEN-2818001160,SSEN-281800116001
281800116002,SSEN,19.0,6945.0,2024-12-15 15:00:00+00:00,"{'x': -0.373581, 'y': 51.46935}",SSEN-2818001160,SSEN-281800116002
281800116004,SSEN,18.0,6151.0,2024-12-15 15:00:00+00:00,"{'x': -0.373581, 'y': 51.46935}",SSEN-2818001160,SSEN-281800116004
281800116005,SSEN,43.0,15391.0,2024-12-15 15:00:00+00:00,"{'x': -0.373581, 'y': 51.46935}",SSEN-2818001160,SSEN-281800116005
281800116001,SSEN,45.0,19569.0,2024-12-15 15:30:00+00:00,"{'x': -0.373581, 'y': 51.46935}",SSEN-2818001160,SSEN-281800116001
281800116002,SSEN,19.0,8981.0,2024-12-15 15:30:00+00:00,"{'x': -0.373581, 'y': 51.46935}",SSEN-2818001160,SSEN-281800116002
281800116004,SSEN,18.0,6547.0,2024-12-15 15:30:00+00:00,"{'x': -0.373581, 'y': 51.46935}",SSEN-2818001160,SSEN-281800116004
281800116005,SSEN,43.0,16085.0,2024-12-15 15:30:00+00:00,"{'x': -0.373581, 'y': 51.46935}",SSEN-2818001160,SSEN-281800116005
281800116001,SSEN,45.0,19340.0,2024-12-15 16:00:00+00:00,"{'x': -0.373581, 'y': 51.46935}",SSEN-2818001160,SSEN-281800116001
281800116002,SSEN,19.0,7649.0,2024-12-15 16:00:00+00:00,"{'x': -0.373581, 'y': 51.46935}",SSEN-2818001160,SSEN-281800116002
281800116004,SSEN,18.0,7552.0,2024-12-15 16:00:00+00:00,"{'x': -0.373581, 'y': 51.46935}",SSEN-2818001160,SSEN-281800116004
281800116005,SSEN,43.0,14383.0,2024-12-15 16:00:00+00:00,"{'x': -0.373581, 'y': 51.46935}",SSEN-2818001160,SSEN-281800116005
281800116001,SSEN,45.0,19232.0,2024-12-15 16:30:00+00:00,"{'x': -0.373581, 'y': 51.46935}",SSEN-2818001160,SSEN-281800116001
281800116002,SSEN,19.0,7917.0,2024-12-15 16:30:00+00:00,"{'x': -0.373581, 'y': 51.46935}",SSEN-2818001160,SSEN-281800116002
281800116004,SSEN,18.0,5983.0,2024-12-15 16:30:00+00:00,"{'x': -0.373581, 'y': 51.46935}",SSEN-2818001160,SSEN-281800116004
281800116005,SSEN,43.0,17096.0,2024-12-15 16:30:00+00:00,"{'x': -0.373581, 'y': 51.46935}",SSEN-2818001160,SSEN-281800116005
281800116001,SSEN,45.0,18556.0,2024-12-15 17:00:00+00:00,"{'x': -0.373581, 'y': 51.46935}",SSEN-2818001160,SSEN-281800116001
281800116002,SSEN,19.0,7304.0,2024-12-15 17:00:00+00:00,"{'x': -0.373581, 'y': 51.46935}",SSEN-2818001160,SSEN-281800116002
281800116004,SSEN,18.0,4323.0,2024-12-15 17:00:00+00:00,"{'x': -0.373581, 'y': 51.46935}",SSEN-2818001160,SSEN-281800116004
281800116005,SSEN,43.0,16864.0,2024-12-15 17:00:00+00:00,"{'x': -0.373581, 'y': 51.46935}",SSEN-2818001160,SSEN-281800116005
281800116001,SSEN,45.0,18276.0,2024-12-15 17:30:00+00:00,"{'x': -0.373581, 'y': 51.46935}",SSEN-2818001160,SSEN-281800116001
281800116002,SSEN,19.0,11024.0,2024-12-15 17:30:00+00:00,"{'x': -0.373581, 'y': 51.46935}",SSEN-2818001160,SSEN-281800116002
281800116004,SSEN,18.0,5886.0,2024-12-15 17:30:00+00:00,"{'x': -0.373581, 'y': 51.46935}",SSEN-2818001160,SSEN-281800116004
281800116005,SSEN,43.0,16028.0,2024-12-15 17:30:00+00:00,"{'x': -0.373581, 'y': 51.46935}",SSEN-2818001160,SSEN-281800116005
281800116001,SSEN,45.0,17877.0,2024-12-15 18:00:00+00:00,"{'x': -0.373581, 'y': 51.46935}",SSEN-2818001160,SSEN-281800116001
281800116002,SSEN,19.0,11034.0,2024-12-15 18:00:00+00:00,"{'x': -0.373581, 'y': 51.46935}",SSEN-2818001160,SSEN-281800116002
281800116004,SSEN,18.0,6488.0,2024-12-15 18:00:00+00:00,"{'x': -0.373581, 'y': 51.46935}",SSEN-2818001160,SSEN-281800116004
281800116005,SSEN,43.0,18516.0,2024-12-15 18:00:00+00:00,"{'x': -0.373581, 'y': 51.46935}",SSEN-2818001160,SSEN-281800116005
281800116001,SSEN,45.0,18228.0,2024-12-15 18:30:00+00:00,"{'x': -0.373581, 'y': 51.46935}",SSEN-2818001160,SSEN-281800116001
281800116002,SSEN,19.0,7877.0,2024-12-15 18:30:00+00:00,"{'x': -0.373581, 'y': 51.46935}",SSEN-2818001160,SSEN-281800116002
281800116004,SSEN,18.0,7828.0,2024-12-15 18:30:00+00:00,"{'x': -0.373581, 'y': 51.46935}",SSEN-2818001160,SSEN-281800116004
281800116005,SSEN,43.0,16119.0,2024-12-15 18:30:00+00:00,"{'x': -0.373581, 'y': 51.46935}",SSEN-2818001160,SSEN-281800116005
281800116001,SSEN,45.0,18399.0,2024-12-15 19:00:00+00:00,"{'x': -0.373581, 'y': 51.46935}",SSEN-2818001160,SSEN-281800116001
281800116002,SSEN,19.0,7610.0,2024-12-15 19:00:00+00:00,"{'x': -0.373581, 'y': 51.46935}",SSEN-2818001160,SSEN-281800116002
281800116004,SSEN,18.0,6010.0,2024-12-15 19:00:00+00:00,"{'x': -0.373581, 'y': 51.46935}",SSEN-2818001160,SSEN-281800116004
281800116005,SSEN,43.0,15924.0,2024-12-15 19:00:00+00:00,"{'x': -0.373581, 'y': 51.46935}",SSEN-2818001160,SSEN-281800116005
281800116001,SSEN,45.0,17833.0,2024-12-15 19:30:00+00:00,"{'x': -0.373581, 'y': 51.46935}",SSEN-2818001160,SSEN-281800116001
281800116002,SSEN,19.0,7466.0,2024-12-15 19:30:00+00:00,"{'x': -0.373581, 'y': 51.46935}",SSEN-2818001160,SSEN-281800116002
281800116004,SSEN,18.0,4742.0,2024-12-15 19:30:00+00:00,"{'x': -0.373581, 'y': 51.46935}",SSEN-2818001160,SSEN-281800116004
281800116005,SSEN,43.0,17612.0,2024-12-15 19:30:00+00:00,"{'x': -0.373581, 'y': 51.46935}",SSEN-2818001160,SSEN-281800116005
281800116001,SSEN,45.0,19055.0,2024-12-15 20:00:00+00:00,"{'x': -0.373581, 'y': 51.46935}",SSEN-2818001160,SSEN-281800116001
281800116002,SSEN,19.0,6699.0,2024-12-15 20:00:00+00:00,"{'x': -0.373581, 'y': 51.46935}",SSEN-2818001160,SSEN-281800116002
281800116004,SSEN,18.0,5838.0,2024-12-15 20:00:00+00:00,"{'x': -0.373581, 'y': 51.46935}",SSEN-2818001160,SSEN-281800116004
281800116005,SSEN,43.0,18097.0,2024-12-15 20:00:00+00:00,"{'x': -0.373581, 'y': 51.46935}",SSEN-2818001160,SSEN-281800116005
281800116001,SSEN,45.0,18497.0,2024-12-15 20:30:00+00:00,"{'x': -0.373581, 'y': 51.46935}",SSEN-2818001160,SSEN-281800116001
281800116002,SSEN,19.0,9791.0,2024-12-15 20:30:00+00:00,"{'x': -0.373581, 'y': 51.46935}",SSEN-2818001160,SSEN-281800116002
281800116004,SSEN,18.0,5171.0,2024-12-15 20:30:00+00:00,"{'x': -0.373581, 'y': 51.46935}",SSEN-2818001160,SSEN-281800116004
281800116005,SSEN,43.0,18918.0,2024-12-15 20:30:00+00:00,"{'x': -0.373581, 'y': 51.46935}",SSEN-2818001160,SSEN-281800116005
281800116001,SSEN,45.0,17791.0,2024-12-15 21:00:00+00:00,"{'x': -0.373581, 'y': 51.46935}",SSEN-2818001160,SSEN-281800116001
281800116002,SSEN,19.0,8526.0,2024-12-15 21:00:00+00:00,"{'x': -0.373581, 'y': 51.46935}",SSEN-2818001160,SSEN-281800116002
281800116004,SSEN,18.0,5257.0,2024-12-15 21:00:00+00:00,"{'x': -0.373581, 'y': 51.46935}",SSEN-2818001160,SSEN-281800116004
281800116005,SSEN,43.0,19288.0,2024-12-15 21:00:00+00:00,"{'x': -0.373581, 'y': 51.46935}",SSEN-2818001160,SSEN-281800116005
281800116001,SSEN,45.0,16838.0,2024-12-15 21:30:00+00:00,"{'x': -0.373581, 'y': 51.46935}",SSEN-2818001160,SSEN-281800116001
281800116002,SSEN,19.0,6036.0,2024-12-15 21:30:00+00:00,"{'x': -0.373581, 'y': 51.46935}",SSEN-2818001160,SSEN-281800116002
281800116004,SSEN,18.0,4314.0,2024-12-15 21:30:00+00:00,"{'x': -0.373581, 'y': 51.46935}",SSEN-2818001160,SSEN-281800116004
281800116005,SSEN,43.0,17092.0,2024-12-15 21:30:00+00:00,"{'x': -0.373581, 'y': 51.46935}",SSEN-2818001160,SSEN-281800116005
281800116001,SSEN,45.0,16122.0,2024-12-15 22:00:00+00:00,"{'x': -0.373581, 'y': 51.46935}",SSEN-2818001160,SSEN-281800116001
281800116002,SSEN,19.0,6681.0,2024-12-15 22:00:00+00:00,"{'x': -0.373581, 'y': 51.46935}",SSEN-2818001160,SSEN-281800116002
281800116004,SSEN,18.0,3933.0,2024-12-15 22:00:00+00:00,"{'x': -0.373581, 'y': 51.46935}",SSEN-2818001160,SSEN-281800116004
281800116005,SSEN,43.0,16451.0,2024-12-15 22:00:00+00:00,"{'x': -0.373581, 'y': 51.46935}",SSEN-2818001160,SSEN-281800116005
281800116001,SSEN,45.0,14317.0,2024-12-15 22:30:00+00:00,"{'x': -0.373581, 'y': 51.46935}",SSEN-2818001160,SSEN-281800116001
281800116002,SSEN,19.0,6927.0,2024-12-15 22:30:00+00:00,"{'x': -0.373581, 'y': 51.46935}",SSEN-2818001160,SSEN-281800116002
281800116004,SSEN,18.0,4215.0,2024-12-15 22:30:00+00:00,"{'x': -0.373581, 'y': 51.46935}",SSEN-2818001160,SSEN-281800116004
281800116005,SSEN,43.0,14452.0,2024-12-15 22:30:00+00:00,"{'x': -0.373581, 'y': 51.46935}",SSEN-2818001160,SSEN-281800116005
281800116001,SSEN,45.0,11687.0,2024-12-15 23:00:00+00:00,"{'x': -0.373581, 'y': 51.46935}",SSEN-2818001160,SSEN-281800116001
281800116002,SSEN,19.0,6514.0,2024-12-15 23:00:00+00:00,"{'x': -0.373581, 'y': 51.46935}",SSEN-2818001160,SSEN-281800116002
281800116004,SSEN,18.0,4200.0,2024-12-15 23:00:00+00:00,"{'x': -0.373581, 'y': 51.46935}",SSEN-2818001160,SSEN-281800116004
281800116005,SSEN,43.0,16276.0,2024-12-15 23:00:00+00:00,"{'x': -0.373581, 'y': 51.46935}",SSEN-2818001160,SSEN-281800116005
281800116001,SSEN,45.0,10348.0,2024-12-15 23:30:00+00:00,"{'x': -0.373581, 'y': 51.46935}",SSEN-2818001160,SSEN-281800116001
281800116002,SSEN,19.0,8041.0,2024-12-15 23:30:00+00:00,"{'x': -0.373581, 'y': 51.46935}",SSEN-2818001160,SSEN-281800116002
281800116004,SSEN,18.0,4168.0,2024-12-15 23:30:00+00:00,"{'x': -0.373581, 'y': 51.46935}",SSEN-2818001160,SSEN-281800116004
281800116005,SSEN,43.0,16653.0,2024-12-15 23:30:00+00:00,"{'x': -0.373581, 'y': 51.46935}",SSEN-2818001160,SSEN-281800116005
281800116001,SSEN,45.0,9335.0,2024-12-16 00:00:00+00:00,"{'x': -0.373581, 'y': 51.46935}",SSEN-2818001160,SSEN-281800116001
281800116002,SSEN,19.0,7231.0,2024-12-16 00:00:00+00:00,"{'x': -0.373581, 'y': 51.46935}",SSEN-2818001160,SSEN-281800116002
281800116004,SSEN,18.0,4140.0,2024-12-16 00:00:00+00:00,"{'x': -0.373581, 'y': 51.46935}",SSEN-2818001160,SSEN-281800116004
281800116005,SSEN,43.0,16720.0,2024-12-16 00:00:00+00:00,"{'x': -0.373581, 'y': 51.46935}",SSEN-2818001160,SSEN-281800116005
281800116001,SSEN,46.0,11089.0,2024-12-16 00:30:00+00:00,"{'x': -0.373581, 'y': 51.46935}",SSEN-2818001160,SSEN-281800116001
281800116002,SSEN,19.0,5642.0,2024-12-16 00:30:00+00:00,"{'x': -0.373581, 'y': 51.46935}",SSEN-2818001160,SSEN-281800116002
281800116004,SSEN,18.0,4126.0,2024-12-16 00:30:00+00:00,"{'x': -0.373581, 'y': 51.46935}",SSEN-2818001160,SSEN-281800116004
281800116005,SSEN,43.0,13900.0,2024-12-16 00:30:00+00:00,"{'x': -0.373581, 'y': 51.46935}",SSEN-2818001160,SSEN-281800116005
281800116001,SSEN,46.0,7901.0,2024-12-16 01:00:00+00:00,"{'x': -0.373581, 'y': 51.46935}",SSEN-2818001160,SSEN-281800116001
281800116002,SSEN,19.0,3907.0,2024-12-16 01:00:00+00:00,"{'x': -0.373581, 'y': 51.46935}",SSEN-2818001160,SSEN-281800116002
281800116004,SSEN,18.0,3583.0,2024-12-16 01:00:00+00:00,"{'x': -0.373581, 'y': 51.46935}",SSEN-2818001160,SSEN-281800116004
281800116005,SSEN,43.0,11757.0,2024-12-16 01:00:00+00:00,"{'x': -0.373581, 'y': 51.46935}",SSEN-2818001160,SSEN-281800116005
281800116001,SSEN,46.0,9296.0,2024-12-16 01:30:00+00:00,"{'x': -0.373581, 'y': 51.46935}",SSEN-2818001160,SSEN-281800116001
281800116002,SSEN,19.0,4243.0,2024-12-16 01:30:00+00:00,"{'x': -0.373581, 'y': 51.46935}",SSEN-2818001160,SSEN-281800116002
281800116004,SSEN,18.0,3398.0,2024-12-16 01:30:00+00:00,"{'x': -0.373581, 'y': 51.46935}",SSEN-2818001160,SSEN-281800116004
281800116005,SSEN,43.0,13874.0,2024-12-16 01:30:00+00:00,"{'x': -0.373581, 'y': 51.46935}",SSEN-2818001160,SSEN-281800116005
281800116001,SSEN,46.0,8846.0,2024-12-16 02:00:00+00:00,"{'x': -0.373581, 'y': 51.46935}",SSEN-2818001160,SSEN-281800116001
281800116002,SSEN,19.0,2654.0,2024-12-16 02:00:00+00:00,"{'x': -0.373581, 'y': 51.46935}",SSEN-2818001160,SSEN-281800116002
281800116004,SSEN,18.0,3334.0,2024-12-16 02:00:00+00:00,"{'x': -0.373581, 'y': 51.46935}",SSEN-2818001160,SSEN-281800116004
281800116005,SSEN,43.0,14227.0,2024-12-16 02:00:00+00:00,"{'x': -0.373581, 'y': 51.46935}",SSEN-2818001160,SSEN-281800116005
281800116001,SSEN,46.0,8395.0,2024-12-16 02:30:00+00:00,"{'x': -0.373581, 'y': 51.46935}",SSEN-2818001160,SSEN-281800116001
281800116002,SSEN,19.0,2798.0,2024-12-16 02:30:00+00:00,"{'x': -0.373581, 'y': 51.46935}",SSEN-2818001160,SSEN-281800116002
281800116004,SSEN,18.0,3389.0,2024-12-16 02:30:00+00:00,"{'x': -0.373581, 'y': 51.46935}",SSEN-2818001160,SSEN-281800116004
281800116005,SSEN,43.0,12612.0,2024-12-16 02:30:00+00:00,"{'x': -0.373581, 'y': 51.46935}",SSEN-2818001160,SSEN-281800116005
281800116001,SSEN,46.0,7118.0,2024-12-16 03:00:00+00:00,"{'x': -0.373581, 'y': 51.46935}",SSEN-2818001160,SSEN-281800116001
281800116002,SSEN,19.0,2749.0,2024-12-16 03:00:00+00:00,"{'x': -0.373581, 'y': 51.46935}",SSEN-2818001160,SSEN-281800116002
281800116004,SSEN,18.0,3277.0,2024-12-16 03:00:00+00:00,"{'x': -0.373581, 'y': 51.46935}",SSEN-2818001160,SSEN-281800116004
281800116005,SSEN,43.0,10785.0,2024-12-16 03:00:00+00:00,"{'x': -0.373581, 'y': 51.46935}",SSEN-2818001160,SSEN-281800116005
281800116001,SSEN,46.0,7868.0,2024-12-16 03:30:00+00:00,"{'x': -0.373581, 'y': 51.46935}",SSEN-2818001160,SSEN-281800116001
281800116002,SSEN,19.0,3005.0,2024-12-16 03:30:00+00:00,"{'x': -0.373581, 'y': 51.46935}",SSEN-2818001160,SSEN-281800116002
281800116004,SSEN,18.0,3249.0,2024-12-16 03:30:00+00:00,"{'x': -0.373581, 'y': 51.46935}",SSEN-2818001160,SSEN-281800116004
281800116005,SSEN,43.0,11906.0,2024-12-16 03:30:00+00:00,"{'x': -0.373581, 'y': 51.46935}",SSEN-2818001160,SSEN-281800116005
281800116001,SSEN,46.0,7459.0,2024-12-16 04:00:00+00:00,"{'x': -0.373581, 'y': 51.46935}",SSEN-2818001160,SSEN-281800116001
281800116002,SSEN,19.0,2656.0,2024-12-16 04:00:00+00:00,"{'x': -0.373581, 'y': 51.46935}",SSEN-2818001160,SSEN-281800116002
281800116004,SSEN,18.0,3394.0,2024-12-16 04:00:00+00:00,"{'x': -0.373581, 'y': 51.46935}",SSEN-2818001160,SSEN-281800116004
281800116005,SSEN,43.0,12783.0,2024-12-16 04:00:00+00:00,"{'x': -0.373581, 'y': 51.46935}",SSEN-2818001160,SSEN-281800116005
281800116001,SSEN,46.0,7614.0,2024-12-16 04:30:00+00:00,"{'x': -0.373581, 'y': 51.46935}",SSEN-2818001160,SSEN-281800116001
281800116002,SSEN,19.0,2253.0,2024-12-16 04:30:00+00:00,"{'x': -0.373581, 'y': 51.46935}",SSEN-2818001160,SSEN-281800116002
281800116004,SSEN,18.0,3324.0,2024-12-16 04:30:00+00:00,"{'x': -0.373581, 'y': 51.46935}",SSEN-2818001160,SSEN-281800116004
281800116005,SSEN,43.0,13069.0,2024-12-16 04:30:00+00:00,"{'x': -0.373581, 'y': 51.46935}",SSEN-2818001160,SSEN-281800116005
281800116001,SSEN,46.0,9285.0,2024-12-16 05:00:00+00:00,"{'x': -0.373581, 'y': 51.46935}",SSEN-2818001160,SSEN-281800116001
281800116002,SSEN,19.0,3125.0,2024-12-16 05:00:00+00:00,"{'x': -0.373581, 'y': 51.46935}",SSEN-2818001160,SSEN-281800116002
281800116004,SSEN,18.0,3300.0,2024-12-16 05:00:00+00:00,"{'x': -0.373581, 'y': 51.46935}",SSEN-2818001160,SSEN-281800116004
281800116005,SSEN,43.0,11957.0,2024-12-16 05:00:00+00:00,"{'x': -0.373581, 'y': 51.46935}",SSEN-2818001160,SSEN-281800116005
281800116001,SSEN,46.0,9805.0,2024-12-16 05:30:00+00:00,"{'x': -0.373581, 'y': 51.46935}",SSEN-2818001160,SSEN-281800116001
281800116002,SSEN,19.0,2502.0,2024-12-16 05:30:00+00:00,"{'x': -0.373581, 'y': 51.46935}",SSEN-2818001160,SSEN-281800116002
281800116004,SSEN,18.0,3535.0,2024-12-16 05:30:00+00:00,"{'x': -0.373581, 'y': 51.46935}",SSEN-2818001160,SSEN-281800116004
281800116005,SSEN,43.0,10010.0,2024-12-16 05:30:00+00:00,"{'x': -0.373581, 'y': 51.46935}",SSEN-2818001160,SSEN-281800116005
281800116001,SSEN,46.0,8609.0,2024-12-16 06:00:00+00:00,"{'x': -0.373581, 'y': 51.46935}",SSEN-2818001160,SSEN-281800116001
281800116002,SSEN,19.0,2220.0,2024-12-16 06:00:00+00:00,"{'x': -0.373581, 'y': 51.46935}",SSEN-2818001160,SSEN-281800116002
281800116004,SSEN,18.0,3880.0,2024-12-16 06:00:00+00:00,"{'x': -0.373581, 'y': 51.46935}",SSEN-2818001160,SSEN-281800116004
281800116005,SSEN,43.0,7196.0,2024-12-16 06:00:00+00:00,"{'x': -0.373581, 'y': 51.46935}",SSEN-2818001160,SSEN-281800116005
281800116001,SSEN,46.0,7235.0,2024-12-16 06:30:00+00:00,"{'x': -0.373581, 'y': 51.46935}",SSEN-2818001160,SSEN-281800116001
281800116002,SSEN,19.0,3609.0,2024-12-16 06:30:00+00:00,"{'x': -0.373581, 'y': 51.46935}",SSEN-2818001160,SSEN-281800116002
281800116004,SSEN,18.0,3755.0,2024-12-16 06:30:00+00:00,"{'x': -0.373581, 'y': 51.46935}",SSEN-2818001160,SSEN-281800116004
281800116005,SSEN,43.0,8223.0,2024-12-16 06:30:00+00:00,"{'x': -0.373581, 'y': 51.46935}",SSEN-2818001160,SSEN-281800116005
281800116001,SSEN,46.0,8648.0,2024-12-16 07:00:00+00:00,"{'x': -0.373581, 'y': 51.46935}",SSEN-2818001160,SSEN-281800116001
281800116002,SSEN,19.0,5377.0,2024-12-16 07:00:00+00:00,"{'x': -0.373581, 'y': 51.46935}",SSEN-2818001160,SSEN-281800116002
281800116004,SSEN,18.0,3835.0,2024-12-16 07:00:00+00:00,"{'x': -0.373581, 'y': 51.46935}",SSEN-2818001160,SSEN-281800116004
281800116005,SSEN,43.0,8801.0,2024-12-16 07:00:00+00:00,"{'x': -0.373581, 'y': 51.46935}",SSEN-2818001160,SSEN-281800116005
281800116001,SSEN,46.0,13101.0,2024-12-16 07:30:00+00:00,"{'x': -0.373581, 'y': 51.46935}",SSEN-2818001160,SSEN-281800116001
281800116002,SSEN,19.0,3162.0,2024-12-16 07:30:00+00:00,"{'x': -0.373581, 'y': 51.46935}",SSEN-2818001160,SSEN-281800116002
281800116004,SSEN,18.0,4309.0,2024-12-16 07:30:00+00:00,"{'x': -0.373581, 'y': 51.46935}",SSEN-2818001160,SSEN-281800116004
281800116005,SSEN,43.0,8908.0,2024-12-16 07:30:00+00:00,"{'x': -0.373581, 'y': 51.46935}",SSEN-2818001160,SSEN-281800116005
281800116001,SSEN,46.0,14821.0,2024-12-16 08:00:00+00:00,"{'x': -0.373581, 'y': 51.46935}",SSEN-2818001160,SSEN-281800116001
281800116002,SSEN,19.0,3764.0,2024-12-16 08:00:00+00:00,"{'x': -0.373581, 'y': 51.46935}",SSEN-2818001160,SSEN-281800116002
281800116004,SSEN,18.0,3702.0,2024-12-16 08:00:00+00:00,"{'x': -0.373581, 'y': 51.46935}",SSEN-2818001160,SSEN-281800116004
281800116005,SSEN,43.0,8324.0,2024-12-16 08:00:00+00:00,"{'x': -0.373581, 'y': 51.46935}",SSEN-2818001160,SSEN-281800116005
281800116001,SSEN,46.0,16216.0,2024-12-16 08:30:00+00:00,"{'x': -0.373581, 'y': 51.46935}",SSEN-2818001160,SSEN-281800116001
281800116002,SSEN,19.0,4736.0,2024-12-16 08:30:00+00:00,"{'x': -0.373581, 'y': 51.46935}",SSEN-2818001160,SSEN-281800116002
281800116004,SSEN,18.0,3376.0,2024-12-16 08:30:00+00:00,"{'x': -0.373581, 'y': 51.46935}",SSEN-2818001160,SSEN-281800116004
281800116005,SSEN,43.0,12434.0,2024-12-16 08:30:00+00:00,"{'x': -0.373581, 'y': 51.46935}",SSEN-2818001160,SSEN-281800116005
281800116001,SSEN,46.0,15433.0,2024-12-16 09:00:00+00:00,"{'x': -0.373581, 'y': 51.46935}",SSEN-2818001160,SSEN-281800116001
281800116002,SSEN,19.0,5379.0,2024-12-16 09:00:00+00:00,"{'x': -0.373581, 'y': 51.46935}",SSEN-2818001160,SSEN-281800116002
281800116004,SSEN,18.0,3168.0,2024-12-16 09:00:00+00:00,"{'x': -0.373581, 'y': 51.46935}",SSEN-2818001160,SSEN-281800116004
281800116005,SSEN,43.0,12676.0,2024-12-16 09:00:00+00:00,"{'x': -0.373581, 'y': 51.46935}",SSEN-2818001160,SSEN-281800116005
281800116001,SSEN,46.0,13019.0,2024-12-16 09:30:00+00:00,"{'x': -0.373581, 'y': 51.46935}",SSEN-2818001160,SSEN-281800116001
281800116002,SSEN,19.0,3728.0,2024-12-16 09:30:00+00:00,"{'x': -0.373581, 'y': 51.46935}",SSEN-2818001160,SSEN-281800116002
281800116004,SSEN,18.0,3874.0,2024-12-16 09:30:00+00:00,"{'x': -0.373581, 'y': 51.46935}",SSEN-2818001160,SSEN-281800116004
281800116005,SSEN,43.0,12220.0,2024-12-16 09:30:00+00:00,"{'x': -0.373581, 'y': 51.46935}",SSEN-2818001160,SSEN-281800116005
281800116001,SSEN,46.0,13687.0,2024-12-16 10:00:00+00:00,"{'x': -0.373581, 'y': 51.46935}",SSEN-2818001160,SSEN-281800116001
281800116002,SSEN,19.0,4103.0,2024-12-16 10:00:00+00:00,"{'x': -0.373581, 'y': 51.46935}",SSEN-2818001160,SSEN-281800116002
281800116004,SSEN,18.0,4459.0,2024-12-16 10:00:00+00:00,"{'x': -0.373581, 'y': 51.46935}",SSEN-2818001160,SSEN-281800116004
281800116005,SSEN,43.0,12438.0,2024-12-16 10:00:00+00:00,"{'x': -0.373581, 'y': 51.46935}",SSEN-2818001160,SSEN-281800116005
281800116001,SSEN,46.0,14959.0,2024-12-16 10:30:00+00:00,"{'x': -0.373581, 'y': 51.46935}",SSEN-2818001160,SSEN-281800116001
281800116002,SSEN,19.0,4746.0,2024-12-16 10:30:00+00:00,"{'x': -0.373581, 'y': 51.46935}",SSEN-2818001160,SSEN-281800116002
281800116004,SSEN,18.0,5020.0,2024-12-16 10:30:00+00:00,"{'x': -0.373581, 'y': 51.46935}",SSEN-2818001160,SSEN-281800116004
281800116005,SSEN,43.0,10091.0,2024-12-16 10:30:00+00:00,"{'x': -0.373581, 'y': 51.46935}",SSEN-2818001160,SSEN-281800116005
281800116001,SSEN,46.0,14261.0,2024-12-16 11:00:00+00:00,"{'x': -0.373581, 'y': 51.46935}",SSEN-2818001160,SSEN-281800116001
281800116002,SSEN,19.0,4032.0,2024-12-16 11:00:00+00:00,"{'x': -0.373581, 'y': 51.46935}",SSEN-2818001160,SSEN-281800116002
281800116004,SSEN,18.0,6502.0,2024-12-16 11:00:00+00:00,"{'x': -0.373581, 'y': 51.46935}",SSEN-2818001160,SSEN-281800116004
281800116005,SSEN,43.0,10509.0,2024-12-16 11:00:00+00:00,"{'x': -0.373581, 'y': 51.46935}",SSEN-2818001160,SSEN-281800116005
281800116001,SSEN,46.0,13225.0,2024-12-16 11:30:00+00:00,"{'x': -0.373581, 'y': 51.46935}",SSEN-2818001160,SSEN-281800116001
281800116002,SSEN,19.0,4633.0,2024-12-16 11:30:00+00:00,"{'x': -0.373581, 'y': 51.46935}",SSEN-2818001160,SSEN-281800116002
281800116004,SSEN,18.0,8495.0,2024-12-16 11:30:00+00:00,"{'x': -0.373581, 'y': 51.46935}",SSEN-2818001160,SSEN-281800116004
281800116005,SSEN,43.0,9973.0,2024-12-16 11:30:00+00:00,"{'x': -0.373581, 'y': 51.46935}",SSEN-2818001160,SSEN-281800116005
281800116001,SSEN,46.0,14872.0,2024-12-16 12:00:00+00:00,"{'x': -0.373581, 'y': 51.46935}",SSEN-2818001160,SSEN-281800116001
281800116002,SSEN,19.0,4821.0,2024-12-16 12:00:00+00:00,"{'x': -0.373581, 'y': 51.46935}",SSEN-2818001160,SSEN-281800116002
281800116004,SSEN,18.0,8103.0,2024-12-16 12:00:00+00:00,"{'x': -0.373581, 'y': 51.46935}",SSEN-2818001160,SSEN-281800116004
281800116005,SSEN,43.0,9482.0,2024-12-16 12:00:00+00:00,"{'x': -0.373581, 'y': 51.46935}",SSEN-2818001160,SSEN-281800116005
281800116001,SSEN,46.0,14045.0,2024-12-16 12:30:00+00:00,"{'x': -0.373581, 'y': 51.46935}",SSEN-2818001160,SSEN-281800116001
281800116002,SSEN,19.0,5540.0,2024-12-16 12:30:00+00:00,"{'x': -0.373581, 'y': 51.46935}",SSEN-2818001160,SSEN-281800116002
281800116004,SSEN,18.0,5732.0,2024-12-16 12:30:00+00:00,"{'x': -0.373581, 'y': 51.46935}",SSEN-2818001160,SSEN-281800116004
281800116005,SSEN,43.0,10192.0,2024-12-16 12:30:00+00:00,"{'x': -0.373581, 'y': 51.46935}",SSEN-2818001160,SSEN-281800116005
281800116001,SSEN,46.0,13303.0,2024-12-16 13:00:00+00:00,"{'x': -0.373581, 'y': 51.46935}",SSEN-2818001160,SSEN-281800116001
281800116002,SSEN,19.0,5018.0,2024-12-16 13:00:00+00:00,"{'x': -0.373581, 'y': 51.46935}",SSEN-2818001160,SSEN-281800116002
281800116004,SSEN,18.0,5518.0,2024-12-16 13:00:00+00:00,"{'x': -0.373581, 'y': 51.46935}",SSEN-2818001160,SSEN-281800116004
281800116005,SSEN,43.0,11698.0,2024-12-16 13:00:00+00:00,"{'x': -0.373581, 'y': 51.46935}",SSEN-2818001160,SSEN-281800116005
281800116001,SSEN,46.0,12972.0,2024-12-16 13:30:00+00:00,"{'x': -0.373581, 'y': 51.46935}",SSEN-2818001160,SSEN-281800116001
281800116002,SSEN,19.0,4070.0,2024-12-16 13:30:00+00:00,"{'x': -0.373581, 'y': 51.46935}",SSEN-2818001160,SSEN-281800116002
281800116004,SSEN,18.0,4589.0,2024-12-16 13:30:00+00:00,"{'x': -0.373581, 'y': 51.46935}",SSEN-2818001160,SSEN-281800116004
281800116005,SSEN,43.0,12591.0,2024-12-16 13:30:00+00:00,"{'x': -0.373581, 'y': 51.46935}",SSEN-2818001160,SSEN-281800116005
281800116001,SSEN,46.0,10932.0,2024-12-16 14:00:00+00:00,"{'x': -0.373581, 'y': 51.46935}",SSEN-2818001160,SSEN-281800116001
281800116002,SSEN,19.0,3639.0,2024-12-16 14:00:00+00:00,"{'x': -0.373581, 'y': 51.46935}",SSEN-2818001160,SSEN-281800116002
281800116004,SSEN,18.0,4693.0,2024-12-16 14:00:00+00:00,"{'x': -0.373581, 'y': 51.46935}",SSEN-2818001160,SSEN-281800116004
281800116005,SSEN,43.0,13098.0,2024-12-16 14:00:00+00:00,"{'x': -0.373581, 'y': 51.46935}",SSEN-2818001160,SSEN-281800116005
281800116001,SSEN,46.0,11525.0,2024-12-16 14:30:00+00:00,"{'x': -0.373581, 'y': 51.46935}",SSEN-2818001160,SSEN-281800116001
281800116002,SSEN,19.0,4938.0,2024-12-16 14:30:00+00:00,"{'x': -0.373581, 'y': 51.46935}",SSEN-2818001160,SSEN-281800116002
281800116004,SSEN,18.0,4760.0,2024-12-16 14:30:00+00:00,"{'x': -0.373581, 'y': 51.46935}",SSEN-2818001160,SSEN-281800116004
281800116005,SSEN,43.0,12307.0,2024-12-16 14:30:00+00:00,"{'x': -0.373581, 'y': 51.46935}",SSEN-2818001160,SSEN-281800116005
281800116001,SSEN,46.0,11800.0,2024-12-16 15:00:00+00:00,"{'x': -0.373581, 'y': 51.46935}",SSEN-2818001160,SSEN-281800116001
281800116002,SSEN,19.0,4687.0,2024-12-16 15:00:00+00:00,"{'x': -0.373581, 'y': 51.46935}",SSEN-2818001160,SSEN-281800116002
281800116004,SSEN,18.0,6240.0,2024-12-16 15:00:00+00:00,"{'x': -0.373581, 'y': 51.46935}",SSEN-2818001160,SSEN-281800116004
281800116005,SSEN,43.0,13176.0,2024-12-16 15:00:00+00:00,"{'x': -0.373581, 'y': 51.46935}",SSEN-2818001160,SSEN-281800116005
281800116001,SSEN,46.0,12029.0,2024-12-16 15:30:00+00:00,"{'x': -0.373581, 'y': 51.46935}",SSEN-2818001160,SSEN-281800116001
281800116002,SSEN,19.0,6629.0,2024-12-16 15:30:00+00:00,"{'x': -0.373581, 'y': 51.46935}",SSEN-2818001160,SSEN-281800116002
281800116004,SSEN,18.0,5729.0,2024-12-16 15:30:00+00:00,"{'x': -0.373581, 'y': 51.46935}",SSEN-2818001160,SSEN-281800116004
281800116005,SSEN,43.0,13786.0,2024-12-16 15:30:00+00:00,"{'x': -0.373581, 'y': 51.46935}",SSEN-2818001160,SSEN-281800116005
281800116001,SSEN,46.0,12159.0,2024-12-16 16:00:00+00:00,"{'x': -0.373581, 'y': 51.46935}",SSEN-2818001160,SSEN-281800116001
281800116002,SSEN,19.0,8288.0,2024-12-16 16:00:00+00:00,"{'x': -0.373581, 'y': 51.46935}",SSEN-2818001160,SSEN-281800116002
281800116004,SSEN,18.0,6060.0,2024-12-16 16:00:00+00:00,"{'x': -0.373581, 'y': 51.46935}",SSEN-2818001160,SSEN-281800116004
281800116005,SSEN,43.0,15512.0,2024-12-16 16:00:00+00:00,"{'x': -0.373581, 'y': 51.46935}",SSEN-2818001160,SSEN-281800116005
281800116001,SSEN,46.0,14941.0,2024-12-16 16:30:00+00:00,"{'x': -0.373581, 'y': 51.46935}",SSEN-2818001160,SSEN-281800116001
281800116002,SSEN,19.0,8737.0,2024-12-16 16:30:00+00:00,"{'x': -0.373581, 'y': 51.46935}",SSEN-2818001160,SSEN-281800116002
281800116004,SSEN,18.0,5310.0,2024-12-16 16:30:00+00:00,"{'x': -0.373581, 'y': 51.46935}",SSEN-2818001160,SSEN-281800116004
281800116005,SSEN,43.0,14468.0,2024-12-16 16:30:00+00:00,"{'x': -0.373581, 'y': 51.46935}",SSEN-2818001160,SSEN-281800116005
281800116001,SSEN,46.0,16313.0,2024-12-16 17:00:00+00:00,"{'x': -0.373581, 'y': 51.46935}",SSEN-2818001160,SSEN-281800116001
281800116002,SSEN,19.0,7137.0,2024-12-16 17:00:00+00:00,"{'x': -0.373581, 'y': 51.46935}",SSEN-2818001160,SSEN-281800116002
281800116004,SSEN,18.0,5157.0,2024-12-16 17:00:00+00:00,"{'x': -0.373581, 'y': 51.46935}",SSEN-2818001160,SSEN-281800116004
281800116005,SSEN,43.0,14606.0,2024-12-16 17:00:00+00:00,"{'x': -0.373581, 'y': 51.46935}",SSEN-2818001160,SSEN-281800116005
281800116001,SSEN,46.0,16944.0,2024-12-16 17:30:00+00:00,"{'x': -0.373581, 'y': 51.46935}",SSEN-2818001160,SSEN-281800116001
281800116002,SSEN,19.0,5847.0,2024-12-16 17:30:00+00:00,"{'x': -0.373581, 'y': 51.46935}",SSEN-2818001160,SSEN-281800116002
281800116004,SSEN,18.0,4236.0,2024-12-16 17:30:00+00:00,"{'x': -0.373581, 'y': 51.46935}",SSEN-2818001160,SSEN-281800116004
281800116005,SSEN,43.0,17626.0,2024-12-16 17:30:00+00:00,"{'x': -0.373581, 'y': 51.46935}",SSEN-2818001160,SSEN-281800116005
281800116001,SSEN,46.0,16540.0,2024-12-16 18:00:00+00:00,"{'x': -0.373581, 'y': 51.46935}",SSEN-2818001160,SSEN-281800116001
281800116002,SSEN,19.0,7323.0,2024-12-16 18:00:00+00:00,"{'x': -0.373581, 'y': 51.46935}",SSEN-2818001160,SSEN-281800116002
281800116004,SSEN,18.0,5365.0,2024-12-16 18:00:00+00:00,"{'x': -0.373581, 'y': 51.46935}",SSEN-2818001160,SSEN-281800116004
281800116005,SSEN,43.0,17804.0,2024-12-16 18:00:00+00:00,"{'x': -0.373581, 'y': 51.46935}",SSEN-2818001160,SSEN-281800116005
281800116001,SSEN,46.0,15175.0,2024-12-16 18:30:00+00:00,"{'x': -0.373581, 'y': 51.46935}",SSEN-2818001160,SSEN-281800116001
281800116002,SSEN,19.0,8278.0,2024-12-16 18:30:00+00:00,"{'x': -0.373581, 'y': 51.46935}",SSEN-2818001160,SSEN-281800116002
281800116004,SSEN,18.0,4675.0,2024-12-16 18:30:00+00:00,"{'x': -0.373581, 'y': 51.46935}",SSEN-2818001160,SSEN-281800116004
281800116005,SSEN,43.0,15632.0,2024-12-16 18:30:00+00:00,"{'x': -0.373581, 'y': 51.46935}",SSEN-2818001160,SSEN-281800116005
281800116001,SSEN,46.0,15505.0,2024-12-16 19:00:00+00:00,"{'x': -0.373581, 'y': 51.46935}",SSEN-2818001160,SSEN-281800116001
281800116002,SSEN,19.0,8002.0,2024-12-16 19:00:00+00:00,"{'x': -0.373581, 'y': 51.46935}",SSEN-2818001160,SSEN-281800116002
281800116004,SSEN,18.0,4565.0,2024-12-16 19:00:00+00:00,"{'x': -0.373581, 'y': 51.46935}",SSEN-2818001160,SSEN-281800116004
281800116005,SSEN,43.0,17633.0,2024-12-16 19:00:00+00:00,"{'x': -0.373581, 'y': 51.46935}",SSEN-2818001160,SSEN-281800116005
281800116001,SSEN,46.0,14322.0,2024-12-16 19:30:00+00:00,"{'x': -0.373581, 'y': 51.46935}",SSEN-2818001160,SSEN-281800116001
281800116002,SSEN,19.0,6648.0,2024-12-16 19:30:00+00:00,"{'x': -0.373581, 'y': 51.46935}",SSEN-2818001160,SSEN-281800116002
281800116004,SSEN,18.0,4549.0,2024-12-16 19:30:00+00:00,"{'x': -0.373581, 'y': 51.46935}",SSEN-2818001160,SSEN-281800116004
281800116005,SSEN,43.0,16794.0,2024-12-16 19:30:00+00:00,"{'x': -0.373581, 'y': 51.46935}",SSEN-2818001160,SSEN-281800116005
281800116001,SSEN,46.0,16058.0,2024-12-16 20:00:00+00:00,"{'x': -0.373581, 'y': 51.46935}",SSEN-2818001160,SSEN-281800116001
281800116002,SSEN,19.0,6183.0,2024-12-16 20:00:00+00:00,"{'x': -0.373581, 'y': 51.46935}",SSEN-2818001160,SSEN-281800116002
281800116004,SSEN,18.0,3665.0,2024-12-16 20:00:00+00:00,"{'x': -0.373581, 'y': 51.46935}",SSEN-2818001160,SSEN-281800116004
281800116005,SSEN,43.0,19874.0,2024-12-16 20:00:00+00:00,"{'x': -0.373581, 'y': 51.46935}",SSEN-2818001160,SSEN-281800116005
281800116001,SSEN,46.0,14138.0,2024-12-16 20:30:00+00:00,"{'x': -0.373581, 'y': 51.46935}",SSEN-2818001160,SSEN-281800116001
281800116002,SSEN,19.0,8285.0,2024-12-16 20:30:00+00:00,"{'x': -0.373581, 'y': 51.46935}",SSEN-2818001160,SSEN-281800116002
281800116004,SSEN,18.0,4745.0,2024-12-16 20:30:00+00:00,"{'x': -0.373581, 'y': 51.46935}",SSEN-2818001160,SSEN-281800116004
281800116005,SSEN,43.0,22409.0,2024-12-16 20:30:00+00:00,"{'x': -0.373581, 'y': 51.46935}",SSEN-2818001160,SSEN-281800116005
281800116001,SSEN,46.0,15483.0,2024-12-16 21:00:00+00:00,"{'x': -0.373581, 'y': 51.46935}",SSEN-2818001160,SSEN-281800116001
281800116002,SSEN,19.0,5999.0,2024-12-16 21:00:00+00:00,"{'x': -0.373581, 'y': 51.46935}",SSEN-2818001160,SSEN-281800116002
281800116004,SSEN,18.0,4988.0,2024-12-16 21:00:00+00:00,"{'x': -0.373581, 'y': 51.46935}",SSEN-2818001160,SSEN-281800116004
281800116005,SSEN,43.0,17471.0,2024-12-16 21:00:00+00:00,"{'x': -0.373581, 'y': 51.46935}",SSEN-2818001160,SSEN-281800116005
281800116001,SSEN,46.0,15129.0,2024-12-16 21:30:00+00:00,"{'x': -0.373581, 'y': 51.46935}",SSEN-2818001160,SSEN-281800116001
281800116002,SSEN,19.0,7749.0,2024-12-16 21:30:00+00:00,"{'x': -0.373581, 'y': 51.46935}",SSEN-2818001160,SSEN-281800116002
281800116004,SSEN,18.0,4419.0,2024-12-16 21:30:00+00:00,"{'x': -0.373581, 'y': 51.46935}",SSEN-2818001160,SSEN-281800116004
281800116005,SSEN,43.0,15817.0,2024-12-16 21:30:00+00:00,"{'x': -0.373581, 'y': 51.46935}",SSEN-2818001160,SSEN-281800116005
281800116001,SSEN,46.0,13651.0,2024-12-16 22:00:00+00:00,"{'x': -0.373581, 'y': 51.46935}",SSEN-2818001160,SSEN-281800116001
281800116002,SSEN,19.0,10233.0,2024-12-16 22:00:00+00:00,"{'x': -0.373581, 'y': 51.46935}",SSEN-2818001160,SSEN-281800116002
281800116004,SSEN,18.0,4203.0,2024-12-16 22:00:00+00:00,"{'x': -0.373581, 'y': 51.46935}",SSEN-2818001160,SSEN-281800116004
281800116005,SSEN,43.0,16359.0,2024-12-16 22:00:00+00:00,"{'x': -0.373581, 'y': 51.46935}",SSEN-2818001160,SSEN-281800116005
281800116001,SSEN,46.0,13634.0,2024-12-16 22:30:00+00:00,"{'x': -0.373581, 'y': 51.46935}",SSEN-2818001160,SSEN-281800116001
281800116002,SSEN,19.0,11392.0,2024-12-16 22:30:00+00:00,"{'x': -0.373581, 'y': 51.46935}",SSEN-2818001160,SSEN-281800116002
281800116004,SSEN,18.0,3883.0,2024-12-16 22:30:00+00:00,"{'x': -0.373581, 'y': 51.46935}",SSEN-2818001160,SSEN-281800116004
281800116005,SSEN,43.0,14635.0,2024-12-16 22:30:00+00:00,"{'x': -0.373581, 'y': 51.46935}",SSEN-2818001160,SSEN-281800116005
281800116001,SSEN,46.0,15739.0,2024-12-16 23:00:00+00:00,"{'x': -0.373581, 'y': 51.46935}",SSEN-2818001160,SSEN-281800116001
281800116002,SSEN,19.0,10816.0,2024-12-16 23:00:00+00:00,"{'x': -0.373581, 'y': 51.46935}",SSEN-2818001160,SSEN-281800116002
281800116004,SSEN,18.0,3937.0,2024-12-16 23:00:00+00:00,"{'x': -0.373581, 'y': 51.46935}",SSEN-2818001160,SSEN-281800116004
281800116005,SSEN,43.0,14956.0,2024-12-16 23:00:00+00:00,"{'x': -0.373581, 'y': 51.46935}",SSEN-2818001160,SSEN-281800116005
281800116001,SSEN,46.0,13812.0,2024-12-16 23:30:00+00:00,"{'x': -0.373581, 'y': 51.46935}",SSEN-2818001160,SSEN-281800116001
281800116002,SSEN,19.0,10389.0,2024-12-16 23:30:00+00:00,"{'x': -0.373581, 'y': 51.46935}",SSEN-2818001160,SSEN-281800116002
281800116004,SSEN,18.0,4406.0,2024-12-16 23:30:00+00:00,"{'x': -0.373581, 'y': 51.46935}",SSEN-2818001160,SSEN-281800116004
281800116005,SSEN,43.0,12516.0,2024-12-16 23:30:00+00:00,"{'x': -0.373581, 'y': 51.46935}",SSEN-2818001160,SSEN-281800116005
281800116001,SSEN,46.0,10995.0,2024-12-17 00:00:00+00:00,"{'x': -0.373581, 'y': 51.46935}",SSEN-2818001160,SSEN-281800116001
281800116002,SSEN,19.0,11633.0,2024-12-17 00:00:00+00:00,"{'x': -0.373581, 'y': 51.46935}",SSEN-2818001160,SSEN-281800116002
281800116004,SSEN,18.0,4433.0,2024-12-17 00:00:00+00:00,"{'x': -0.373581, 'y': 51.46935}",SSEN-2818001160,SSEN-281800116004
281800116005,SSEN,43.0,15967.0,2024-12-17 00:00:00+00:00,"{'x': -0.373581, 'y': 51.46935}",SSEN-2818001160,SSEN-281800116005
281800116001,SSEN,46.0,12425.0,2024-12-17 00:30:00+00:00,"{'x': -0.373581, 'y': 51.46935}",SSEN-2818001160,SSEN-281800116001
281800116002,SSEN,19.0,11859.0,2024-12-17 00:30:00+00:00,"{'x': -0.373581, 'y': 51.46935}",SSEN-2818001160,SSEN-281800116002
281800116004,SSEN,18.0,3959.0,2024-12-17 00:30:00+00:00,"{'x': -0.373581, 'y': 51.46935}",SSEN-2818001160,SSEN-281800116004
281800116005,SSEN,43.0,13894.0,2024-12-17 00:30:00+00:00,"{'x': -0.373581, 'y': 51.46935}",SSEN-2818001160,SSEN-281800116005
281800116001,SSEN,46.0,9147.0,2024-12-17 01:00:00+00:00,"{'x': -0.373581, 'y': 51.46935}",SSEN-2818001160,SSEN-281800116001
281800116002,SSEN,19.0,11290.0,2024-12-17 01:00:00+00:00,"{'x': -0.373581, 'y': 51.46935}",SSEN-2818001160,SSEN-281800116002
281800116004,SSEN,18.0,4375.0,2024-12-17 01:00:00+00:00,"{'x': -0.373581, 'y': 51.46935}",SSEN-2818001160,SSEN-281800116004
281800116005,SSEN,43.0,10827.0,2024-12-17 01:00:00+00:00,"{'x': -0.373581, 'y': 51.46935}",SSEN-2818001160,SSEN-281800116005
281800116001,SSEN,45.0,8887.0,2024-12-17 01:30:00+00:00,"{'x': -0.373581, 'y': 51.46935}",SSEN-2818001160,SSEN-281800116001
281800116002,SSEN,19.0,5767.0,2024-12-17 01:30:00+00:00,"{'x': -0.373581, 'y': 51.46935}",SSEN-2818001160,SSEN-281800116002
281800116004,SSEN,18.0,4252.0,2024-12-17 01:30:00+00:00,"{'x': -0.373581, 'y': 51.46935}",SSEN-2818001160,SSEN-281800116004
281800116005,SSEN,43.0,12810.0,2024-12-17 01:30:00+00:00,"{'x': -0.373581, 'y': 51.46935}",SSEN-2818001160,SSEN-281800116005
281800116001,SSEN,46.0,8019.0,2024-12-17 02:00:00+00:00,"{'x': -0.373581, 'y': 51.46935}",SSEN-2818001160,SSEN-281800116001
281800116002,SSEN,19.0,5974.0,2024-12-17 02:00:00+00:00,"{'x': -0.373581, 'y': 51.46935}",SSEN-2818001160,SSEN-281800116002
281800116004,SSEN,18.0,3902.0,2024-12-17 02:00:00+00:00,"{'x': -0.373581, 'y': 51.46935}",SSEN-2818001160,SSEN-281800116004
281800116005,SSEN,43.0,11791.0,2024-12-17 02:00:00+00:00,"{'x': -0.373581, 'y': 51.46935}",SSEN-2818001160,SSEN-281800116005
281800116001,SSEN,46.0,7527.0,2024-12-17 02:30:00+00:00,"{'x': -0.373581, 'y': 51.46935}",SSEN-2818001160,SSEN-281800116001
281800116002,SSEN,19.0,4802.0,2024-12-17 02:30:00+00:00,"{'x': -0.373581, 'y': 51.46935}",SSEN-2818001160,SSEN-281800116002
281800116004,SSEN,18.0,3848.0,2024-12-17 02:30:00+00:00,"{'x': -0.373581, 'y': 51.46935}",SSEN-2818001160,SSEN-281800116004
281800116005,SSEN,43.0,8674.0,2024-12-17 02:30:00+00:00,"{'x': -0.373581, 'y': 51.46935}",SSEN-2818001160,SSEN-281800116005
281800116001,SSEN,46.0,6922.0,2024-12-17 03:00:00+00:00,"{'x': -0.373581, 'y': 51.46935}",SSEN-2818001160,SSEN-281800116001
281800116002,SSEN,19.0,4554.0,2024-12-17 03:00:00+00:00,"{'x': -0.373581, 'y': 51.46935}",SSEN-2818001160,SSEN-281800116002
281800116004,SSEN,18.0,4077.0,2024-12-17 03:00:00+00:00,"{'x': -0.373581, 'y': 51.46935}",SSEN-2818001160,SSEN-281800116004
281800116005,SSEN,43.0,6327.0,2024-12-17 03:00:00+00:00,"{'x': -0.373581, 'y': 51.46935}",SSEN-2818001160,SSEN-281800116005
281800116001,SSEN,46.0,6821.0,2024-12-17 03:30:00+00:00,"{'x': -0.373581, 'y': 51.46935}",SSEN-2818001160,SSEN-281800116001
281800116002,SSEN,19.0,2657.0,2024-12-17 03:30:00+00:00,"{'x': -0.373581, 'y': 51.46935}",SSEN-2818001160,SSEN-281800116002
281800116004,SSEN,18.0,3347.0,2024-12-17 03:30:00+00:00,"{'x': -0.373581, 'y': 51.46935}",SSEN-2818001160,SSEN-281800116004
281800116005,SSEN,43.0,5714.0,2024-12-17 03:30:00+00:00,"{'x': -0.373581, 'y': 51.46935}",SSEN-2818001160,SSEN-281800116005
281800116001,SSEN,46.0,7524.0,2024-12-17 04:00:00+00:00,"{'x': -0.373581, 'y': 51.46935}",SSEN-2818001160,SSEN-281800116001
281800116002,SSEN,19.0,2016.0,2024-12-17 04:00:00+00:00,"{'x': -0.373581, 'y': 51.46935}",SSEN-2818001160,SSEN-281800116002
281800116004,SSEN,18.0,3613.0,2024-12-17 04:00:00+00:00,"{'x': -0.373581, 'y': 51.46935}",SSEN-2818001160,SSEN-281800116004
281800116005,SSEN,43.0,7874.0,2024-12-17 04:00:00+00:00,"{'x': -0.373581, 'y': 51.46935}",SSEN-2818001160,SSEN-281800116005
281800116001,SSEN,46.0,8466.0,2024-12-17 04:30:00+00:00,"{'x': -0.373581, 'y': 51.46935}",SSEN-2818001160,SSEN-281800116001
281800116002,SSEN,19.0,3144.0,2024-12-17 04:30:00+00:00,"{'x': -0.373581, 'y': 51.46935}",SSEN-2818001160,SSEN-281800116002
281800116004,SSEN,18.0,3332.0,2024-12-17 04:30:00+00:00,"{'x': -0.373581, 'y': 51.46935}",SSEN-2818001160,SSEN-281800116004
281800116005,SSEN,43.0,6966.0,2024-12-17 04:30:00+00:00,"{'x': -0.373581, 'y': 51.46935}",SSEN-2818001160,SSEN-281800116005
281800116001,SSEN,46.0,8626.0,2024-12-17 05:00:00+00:00,"{'x': -0.373581, 'y': 51.46935}",SSEN-2818001160,SSEN-281800116001
281800116002,SSEN,19.0,2708.0,2024-12-17 05:00:00+00:00,"{'x': -0.373581, 'y': 51.46935}",SSEN-2818001160,SSEN-281800116002
281800116004,SSEN,18.0,3342.0,2024-12-17 05:00:00+00:00,"{'x': -0.373581, 'y': 51.46935}",SSEN-2818001160,SSEN-281800116004
281800116005,SSEN,43.0,7192.0,2024-12-17 05:00:00+00:00,"{'x': -0.373581, 'y': 51.46935}",SSEN-2818001160,SSEN-281800116005
281800116001,SSEN,46.0,8879.0,2024-12-17 05:30:00+00:00,"{'x': -0.373581, 'y': 51.46935}",SSEN-2818001160,SSEN-281800116001
281800116002,SSEN,19.0,2348.0,2024-12-17 05:30:00+00:00,"{'x': -0.373581, 'y': 51.46935}",SSEN-2818001160,SSEN-281800116002
281800116004,SSEN,18.0,3476.0,2024-12-17 05:30:00+00:00,"{'x': -0.373581, 'y': 51.46935}",SSEN-2818001160,SSEN-281800116004
281800116005,SSEN,43.0,11262.0,2024-12-17 05:30:00+00:00,"{'x': -0.373581, 'y': 51.46935}",SSEN-2818001160,SSEN-281800116005
281800116001,SSEN,46.0,9915.0,2024-12-17 06:00:00+00:00,"{'x': -0.373581, 'y': 51.46935}",SSEN-2818001160,SSEN-281800116001
281800116002,SSEN,19.0,2359.0,2024-12-17 06:00:00+00:00,"{'x': -0.373581, 'y': 51.46935}",SSEN-2818001160,SSEN-281800116002
281800116004,SSEN,18.0,3665.0,2024-12-17 06:00:00+00:00,"{'x': -0.373581, 'y': 51.46935}",SSEN-2818001160,SSEN-281800116004
281800116005,SSEN,43.0,7606.0,2024-12-17 06:00:00+00:00,"{'x': -0.373581, 'y': 51.46935}",SSEN-2818001160,SSEN-281800116005
281800116001,SSEN,46.0,12176.0,2024-12-17 06:30:00+00:00,"{'x': -0.373581, 'y': 51.46935}",SSEN-2818001160,SSEN-281800116001
281800116002,SSEN,19.0,3632.0,2024-12-17 06:30:00+00:00,"{'x': -0.373581, 'y': 51.46935}",SSEN-2818001160,SSEN-281800116002
281800116004,SSEN,18.0,3691.0,2024-12-17 06:30:00+00:00,"{'x': -0.373581, 'y': 51.46935}",SSEN-2818001160,SSEN-281800116004
281800116005,SSEN,43.0,7888.0,2024-12-17 06:30:00+00:00,"{'x': -0.373581, 'y': 51.46935}",SSEN-2818001160,SSEN-281800116005
281800116001,SSEN,46.0,14023.0,2024-12-17 07:00:00+00:00,"{'x': -0.373581, 'y': 51.46935}",SSEN-2818001160,SSEN-281800116001
281800116002,SSEN,19.0,5216.0,2024-12-17 07:00:00+00:00,"{'x': -0.373581, 'y': 51.46935}",SSEN-2818001160,SSEN-281800116002
281800116004,SSEN,18.0,3191.0,2024-12-17 07:00:00+00:00,"{'x': -0.373581, 'y': 51.46935}",SSEN-2818001160,SSEN-281800116004
281800116005,SSEN,43.0,9530.0,2024-12-17 07:00:00+00:00,"{'x': -0.373581, 'y': 51.46935}",SSEN-2818001160,SSEN-281800116005
281800116001,SSEN,46.0,14266.0,2024-12-17 07:30:00+00:00,"{'x': -0.373581, 'y': 51.46935}",SSEN-2818001160,SSEN-281800116001
281800116002,SSEN,19.0,3119.0,2024-12-17 07:30:00+00:00,"{'x': -0.373581, 'y': 51.46935}",SSEN-2818001160,SSEN-281800116002
281800116004,SSEN,18.0,3826.0,2024-12-17 07:30:00+00:00,"{'x': -0.373581, 'y': 51.46935}",SSEN-2818001160,SSEN-281800116004
281800116005,SSEN,43.0,12796.0,2024-12-17 07:30:00+00:00,"{'x': -0.373581, 'y': 51.46935}",SSEN-2818001160,SSEN-281800116005
281800116001,SSEN,46.0,15257.0,2024-12-17 08:00:00+00:00,"{'x': -0.373581, 'y': 51.46935}",SSEN-2818001160,SSEN-281800116001
281800116002,SSEN,19.0,4407.0,2024-12-17 08:00:00+00:00,"{'x': -0.373581, 'y': 51.46935}",SSEN-2818001160,SSEN-281800116002
281800116004,SSEN,18.0,3564.0,2024-12-17 08:00:00+00:00,"{'x': -0.373581, 'y': 51.46935}",SSEN-2818001160,SSEN-281800116004
281800116005,SSEN,43.0,12767.0,2024-12-17 08:00:00+00:00,"{'x': -0.373581, 'y': 51.46935}",SSEN-2818001160,SSEN-281800116005
281800116001,SSEN,46.0,16481.0,2024-12-17 08:30:00+00:00,"{'x': -0.373581, 'y': 51.46935}",SSEN-2818001160,SSEN-281800116001
281800116002,SSEN,19.0,4411.0,2024-12-17 08:30:00+00:00,"{'x': -0.373581, 'y': 51.46935}",SSEN-2818001160,SSEN-281800116002
281800116004,SSEN,18.0,4086.0,2024-12-17 08:30:00+00:00,"{'x': -0.373581, 'y': 51.46935}",SSEN-2818001160,SSEN-281800116004
281800116005,SSEN,43.0,13450.0,2024-12-17 08:30:00+00:00,"{'x': -0.373581, 'y': 51.46935}",SSEN-2818001160,SSEN-281800116005
281800116001,SSEN,46.0,16512.0,2024-12-17 09:00:00+00:00,"{'x': -0.373581, 'y': 51.46935}",SSEN-2818001160,SSEN-281800116001
281800116002,SSEN,19.0,3614.0,2024-12-17 09:00:00+00:00,"{'x': -0.373581, 'y': 51.46935}",SSEN-2818001160,SSEN-281800116002
281800116004,SSEN,18.0,4543.0,2024-12-17 09:00:00+00:00,"{'x': -0.373581, 'y': 51.46935}",SSEN-2818001160,SSEN-281800116004
281800116005,SSEN,43.0,9472.0,2024-12-17 09:00:00+00:00,"{'x': -0.373581, 'y': 51.46935}",SSEN-2818001160,SSEN-281800116005
281800116001,SSEN,46.0,15185.0,2024-12-17 09:30:00+00:00,"{'x': -0.373581, 'y': 51.46935}",SSEN-2818001160,SSEN-281800116001
281800116002,SSEN,19.0,4764.0,2024-12-17 09:30:00+00:00,"{'x': -0.373581, 'y': 51.46935}",SSEN-2818001160,SSEN-281800116002
281800116004,SSEN,18.0,6071.0,2024-12-17 09:30:00+00:00,"{'x': -0.373581, 'y': 51.46935}",SSEN-2818001160,SSEN-281800116004
281800116005,SSEN,43.0,13058.0,2024-12-17 09:30:00+00:00,"{'x': -0.373581, 'y': 51.46935}",SSEN-2818001160,SSEN-281800116005
281800116001,SSEN,46.0,14882.0,2024-12-17 10:00:00+00:00,"{'x': -0.373581, 'y': 51.46935}",SSEN-2818001160,SSEN-281800116001
281800116002,SSEN,19.0,3621.0,2024-12-17 10:00:00+00:00,"{'x': -0.373581, 'y': 51.46935}",SSEN-2818001160,SSEN-281800116002
281800116004,SSEN,18.0,7761.0,2024-12-17 10:00:00+00:00,"{'x': -0.373581, 'y': 51.46935}",SSEN-2818001160,SSEN-281800116004
281800116005,SSEN,43.0,14927.0,2024-12-17 10:00:00+00:00,"{'x': -0.373581, 'y': 51.46935}",SSEN-2818001160,SSEN-281800116005
281800116001,SSEN,46.0,13651.0,2024-12-17 10:30:00+00:00,"{'x': -0.373581, 'y': 51.46935}",SSEN-2818001160,SSEN-281800116001
281800116002,SSEN,19.0,3970.0,2024-12-17 10:30:00+00:00,"{'x': -0.373581, 'y': 51.46935}",SSEN-2818001160,SSEN-281800116002
281800116004,SSEN,18.0,4193.0,2024-12-17 10:30:00+00:00,"{'x': -0.373581, 'y': 51.46935}",SSEN-2818001160,SSEN-281800116004
281800116005,SSEN,43.0,10102.0,2024-12-17 10:30:00+00:00,"{'x': -0.373581, 'y': 51.46935}",SSEN-2818001160,SSEN-281800116005
281800116001,SSEN,46.0,14439.0,2024-12-17 11:00:00+00:00,"{'x': -0.373581, 'y': 51.46935}",SSEN-2818001160,SSEN-281800116001
281800116002,SSEN,19.0,3706.0,2024-12-17 11:00:00+00:00,"{'x': -0.373581, 'y': 51.46935}",SSEN-2818001160,SSEN-281800116002
281800116004,SSEN,18.0,5738.0,2024-12-17 11:00:00+00:00,"{'x': -0.373581, 'y': 51.46935}",SSEN-2818001160,SSEN-281800116004
281800116005,SSEN,43.0,9696.0,2024-12-17 11:00:00+00:00,"{'x': -0.373581, 'y': 51.46935}",SSEN-2818001160,SSEN-281800116005
281800116001,SSEN,46.0,13754.0,2024-12-17 11:30:00+00:00,"{'x': -0.373581, 'y': 51.46935}",SSEN-2818001160,SSEN-281800116001
281800116002,SSEN,19.0,5804.0,2024-12-17 11:30:00+00:00,"{'x': -0.373581, 'y': 51.46935}",SSEN-2818001160,SSEN-281800116002
281800116004,SSEN,18.0,5197.0,2024-12-17 11:30:00+00:00,"{'x': -0.373581, 'y': 51.46935}",SSEN-2818001160,SSEN-281800116004
281800116005,SSEN,43.0,8536.0,2024-12-17 11:30:00+00:00,"{'x': -0.373581, 'y': 51.46935}",SSEN-2818001160,SSEN-281800116005
281800116001,SSEN,46.0,11317.0,2024-12-17 12:00:00+00:00,"{'x': -0.373581, 'y': 51.46935}",SSEN-2818001160,SSEN-281800116001
281800116002,SSEN,19.0,5996.0,2024-12-17 12:00:00+00:00,"{'x': -0.373581, 'y': 51.46935}",SSEN-2818001160,SSEN-281800116002
281800116004,SSEN,18.0,4928.0,2024-12-17 12:00:00+00:00,"{'x': -0.373581, 'y': 51.46935}",SSEN-2818001160,SSEN-281800116004
281800116005,SSEN,43.0,10447.0,2024-12-17 12:00:00+00:00,"{'x': -0.373581, 'y': 51.46935}",SSEN-2818001160,SSEN-281800116005
281800116001,SSEN,46.0,13346.0,2024-12-17 12:30:00+00:00,"{'x': -0.373581, 'y': 51.46935}",SSEN-2818001160,SSEN-281800116001
281800116002,SSEN,19.0,5976.0,2024-12-17 12:30:00+00:00,"{'x': -0.373581, 'y': 51.46935}",SSEN-2818001160,SSEN-281800116002
281800116004,SSEN,18.0,6400.0,2024-12-17 12:30:00+00:00,"{'x': -0.373581, 'y': 51.46935}",SSEN-2818001160,SSEN-281800116004
281800116005,SSEN,43.0,11300.0,2024-12-17 12:30:00+00:00,"{'x': -0.373581, 'y': 51.46935}",SSEN-2818001160,SSEN-281800116005
281800116001,SSEN,46.0,11305.0,2024-12-17 13:00:00+00:00,"{'x': -0.373581, 'y': 51.46935}",SSEN-2818001160,SSEN-281800116001
281800116002,SSEN,19.0,6086.0,2024-12-17 13:00:00+00:00,"{'x': -0.373581, 'y': 51.46935}",SSEN-2818001160,SSEN-281800116002
281800116004,SSEN,18.0,7546.0,2024-12-17 13:00:00+00:00,"{'x': -0.373581, 'y': 51.46935}",SSEN-2818001160,SSEN-281800116004
281800116005,SSEN,43.0,13370.0,2024-12-17 13:00:00+00:00,"{'x': -0.373581, 'y': 51.46935}",SSEN-2818001160,SSEN-281800116005
281800116001,SSEN,46.0,10360.0,2024-12-17 13:30:00+00:00,"{'x': -0.373581, 'y': 51.46935}",SSEN-2818001160,SSEN-281800116001
281800116002,SSEN,19.0,6011.0,2024-12-17 13:30:00+00:00,"{'x': -0.373581, 'y': 51.46935}",SSEN-2818001160,SSEN-281800116002
281800116004,SSEN,18.0,6236.0,2024-12-17 13:30:00+00:00,"{'x': -0.373581, 'y': 51.46935}",SSEN-2818001160,SSEN-281800116004
281800116005,SSEN,43.0,12970.0,2024-12-17 13:30:00+00:00,"{'x': -0.373581, 'y': 51.46935}",SSEN-2818001160,SSEN-281800116005
281800116001,SSEN,46.0,14091.0,2024-12-17 14:00:00+00:00,"{'x': -0.373581, 'y': 51.46935}",SSEN-2818001160,SSEN-281800116001
281800116002,SSEN,19.0,6944.0,2024-12-17 14:00:00+00:00,"{'x': -0.373581, 'y': 51.46935}",SSEN-2818001160,SSEN-281800116002
281800116004,SSEN,18.0,6023.0,2024-12-17 14:00:00+00:00,"{'x': -0.373581, 'y': 51.46935}",SSEN-2818001160,SSEN-281800116004
281800116005,SSEN,43.0,13271.0,2024-12-17 14:00:00+00:00,"{'x': -0.373581, 'y': 51.46935}",SSEN-2818001160,SSEN-281800116005
281800116001,SSEN,46.0,12935.0,2024-12-17 14:30:00+00:00,"{'x': -0.373581, 'y': 51.46935}",SSEN-2818001160,SSEN-281800116001
281800116002,SSEN,19.0,6605.0,2024-12-17 14:30:00+00:00,"{'x': -0.373581, 'y': 51.46935}",SSEN-2818001160,SSEN-281800116002
281800116004,SSEN,18.0,6159.0,2024-12-17 14:30:00+00:00,"{'x': -0.373581, 'y': 51.46935}",SSEN-2818001160,SSEN-281800116004
281800116005,SSEN,43.0,16128.0,2024-12-17 14:30:00+00:00,"{'x': -0.373581, 'y': 51.46935}",SSEN-2818001160,SSEN-281800116005
281800116001,SSEN,46.0,13760.0,2024-12-17 15:00:00+00:00,"{'x': -0.373581, 'y': 51.46935}",SSEN-2818001160,SSEN-281800116001
281800116002,SSEN,19.0,4486.0,2024-12-17 15:00:00+00:00,"{'x': -0.373581, 'y': 51.46935}",SSEN-2818001160,SSEN-281800116002
281800116004,SSEN,18.0,5772.0,2024-12-17 15:00:00+00:00,"{'x': -0.373581, 'y': 51.46935}",SSEN-2818001160,SSEN-281800116004
281800116005,SSEN,43.0,16000.0,2024-12-17 15:00:00+00:00,"{'x': -0.373581, 'y': 51.46935}",SSEN-2818001160,SSEN-281800116005
281800116001,SSEN,46.0,12899.0,2024-12-17 15:30:00+00:00,"{'x': -0.373581, 'y': 51.46935}",SSEN-2818001160,SSEN-281800116001
281800116002,SSEN,19.0,5390.0,2024-12-17 15:30:00+00:00,"{'x': -0.373581, 'y': 51.46935}",SSEN-2818001160,SSEN-281800116002
281800116004,SSEN,18.0,5943.0,2024-12-17 15:30:00+00:00,"{'x': -0.373581, 'y': 51.46935}",SSEN-2818001160,SSEN-281800116004
281800116005,SSEN,43.0,14271.0,2024-12-17 15:30:00+00:00,"{'x': -0.373581, 'y': 51.46935}",SSEN-2818001160,SSEN-281800116005
281800116001,SSEN,46.0,13286.0,2024-12-17 16:00:00+00:00,"{'x': -0.373581, 'y': 51.46935}",SSEN-2818001160,SSEN-281800116001
281800116002,SSEN,19.0,6280.0,2024-12-17 16:00:00+00:00,"{'x': -0.373581, 'y': 51.46935}",SSEN-2818001160,SSEN-281800116002
281800116004,SSEN,18.0,6441.0,2024-12-17 16:00:00+00:00,"{'x': -0.373581, 'y': 51.46935}",SSEN-2818001160,SSEN-281800116004
281800116005,SSEN,43.0,13660.0,2024-12-17 16:00:00+00:00,"{'x': -0.373581, 'y': 51.46935}",SSEN-2818001160,SSEN-281800116005
281800116001,SSEN,46.0,17505.0,2024-12-17 16:30:00+00:00,"{'x': -0.373581, 'y': 51.46935}",SSEN-2818001160,SSEN-281800116001
281800116002,SSEN,19.0,6800.0,2024-12-17 16:30:00+00:00,"{'x': -0.373581, 'y': 51.46935}",SSEN-2818001160,SSEN-281800116002
281800116004,SSEN,18.0,6717.0,2024-12-17 16:30:00+00:00,"{'x': -0.373581, 'y': 51.46935}",SSEN-2818001160,SSEN-281800116004
281800116005,SSEN,43.0,14691.0,2024-12-17 16:30:00+00:00,"{'x': -0.373581, 'y': 51.46935}",SSEN-2818001160,SSEN-281800116005
281800116001,SSEN,46.0,17308.0,2024-12-17 17:00:00+00:00,"{'x': -0.373581, 'y': 51.46935}",SSEN-2818001160,SSEN-281800116001
281800116002,SSEN,19.0,7237.0,2024-12-17 17:00:00+00:00,"{'x': -0.373581, 'y': 51.46935}",SSEN-2818001160,SSEN-281800116002
281800116004,SSEN,18.0,6991.0,2024-12-17 17:00:00+00:00,"{'x': -0.373581, 'y': 51.46935}",SSEN-2818001160,SSEN-281800116004
281800116005,SSEN,43.0,14668.0,2024-12-17 17:00:00+00:00,"{'x': -0.373581, 'y': 51.46935}",SSEN-2818001160,SSEN-281800116005
281800116001,SSEN,46.0,17557.0,2024-12-17 17:30:00+00:00,"{'x': -0.373581, 'y': 51.46935}",SSEN-2818001160,SSEN-281800116001
281800116002,SSEN,19.0,6478.0,2024-12-17 17:30:00+00:00,"{'x': -0.373581, 'y': 51.46935}",SSEN-2818001160,SSEN-281800116002
281800116004,SSEN,18.0,5544.0,2024-12-17 17:30:00+00:00,"{'x': -0.373581, 'y': 51.46935}",SSEN-2818001160,SSEN-281800116004
281800116005,SSEN,43.0,14361.0,2024-12-17 17:30:00+00:00,"{'x': -0.373581, 'y': 51.46935}",SSEN-2818001160,SSEN-281800116005
281800116001,SSEN,46.0,16298.0,2024-12-17 18:00:00+00:00,"{'x': -0.373581, 'y': 51.46935}",SSEN-2818001160,SSEN-281800116001
281800116002,SSEN,19.0,6953.0,2024-12-17 18:00:00+00:00,"{'x': -0.373581, 'y': 51.46935}",SSEN-2818001160,SSEN-281800116002
281800116004,SSEN,18.0,5962.0,2024-12-17 18:00:00+00:00,"{'x': -0.373581, 'y': 51.46935}",SSEN-2818001160,SSEN-281800116004
281800116005,SSEN,43.0,14859.0,2024-12-17 18:00:00+00:00,"{'x': -0.373581, 'y': 51.46935}",SSEN-2818001160,SSEN-281800116005
281800116001,SSEN,46.0,17706.0,2024-12-17 18:30:00+00:00,"{'x': -0.373581, 'y': 51.46935}",SSEN-2818001160,SSEN-281800116001
281800116002,SSEN,19.0,7848.0,2024-12-17 18:30:00+00:00,"{'x': -0.373581, 'y': 51.46935}",SSEN-2818001160,SSEN-281800116002
281800116004,SSEN,18.0,5545.0,2024-12-17 18:30:00+00:00,"{'x': -0.373581, 'y': 51.46935}",SSEN-2818001160,SSEN-281800116004
281800116005,SSEN,43.0,17819.0,2024-12-17 18:30:00+00:00,"{'x': -0.373581, 'y': 51.46935}",SSEN-2818001160,SSEN-281800116005
281800116001,SSEN,46.0,17724.0,2024-12-17 19:00:00+00:00,"{'x': -0.373581, 'y': 51.46935}",SSEN-2818001160,SSEN-281800116001
281800116002,SSEN,19.0,7518.0,2024-12-17 19:00:00+00:00,"{'x': -0.373581, 'y': 51.46935}",SSEN-2818001160,SSEN-281800116002
281800116004,SSEN,18.0,5007.0,2024-12-17 19:00:00+00:00,"{'x': -0.373581, 'y': 51.46935}",SSEN-2818001160,SSEN-281800116004
281800116005,SSEN,43.0,17036.0,2024-12-17 19:00:00+00:00,"{'x': -0.373581, 'y': 51.46935}",SSEN-2818001160,SSEN-281800116005
281800116001,SSEN,46.0,17825.0,2024-12-17 19:30:00+00:00,"{'x': -0.373581, 'y': 51.46935}",SSEN-2818001160,SSEN-281800116001
281800116002,SSEN,19.0,10840.0,2024-12-17 19:30:00+00:00,"{'x': -0.373581, 'y': 51.46935}",SSEN-2818001160,SSEN-281800116002
281800116004,SSEN,18.0,4205.0,2024-12-17 19:30:00+00:00,"{'x': -0.373581, 'y': 51.46935}",SSEN-2818001160,SSEN-281800116004
281800116005,SSEN,43.0,14916.0,2024-12-17 19:30:00+00:00,"{'x': -0.373581, 'y': 51.46935}",SSEN-2818001160,SSEN-281800116005
281800116001,SSEN,46.0,15849.0,2024-12-17 20:00:00+00:00,"{'x': -0.373581, 'y': 51.46935}",SSEN-2818001160,SSEN-281800116001
281800116002,SSEN,19.0,10124.0,2024-12-17 20:00:00+00:00,"{'x': -0.373581, 'y': 51.46935}",SSEN-2818001160,SSEN-281800116002
281800116004,SSEN,18.0,5442.0,2024-12-17 20:00:00+00:00,"{'x': -0.373581, 'y': 51.46935}",SSEN-2818001160,SSEN-281800116004
281800116005,SSEN,43.0,14904.0,2024-12-17 20:00:00+00:00,"{'x': -0.373581, 'y': 51.46935}",SSEN-2818001160,SSEN-281800116005
281800116001,SSEN,46.0,16378.0,2024-12-17 20:30:00+00:00,"{'x': -0.373581, 'y': 51.46935}",SSEN-2818001160,SSEN-281800116001
281800116002,SSEN,19.0,7556.0,2024-12-17 20:30:00+00:00,"{'x': -0.373581, 'y': 51.46935}",SSEN-2818001160,SSEN-281800116002
281800116004,SSEN,18.0,5151.0,2024-12-17 20:30:00+00:00,"{'x': -0.373581, 'y': 51.46935}",SSEN-2818001160,SSEN-281800116004
281800116005,SSEN,43.0,16225.0,2024-12-17 20:30:00+00:00,"{'x': -0.373581, 'y': 51.46935}",SSEN-2818001160,SSEN-281800116005
281800116001,SSEN,46.0,15067.0,2024-12-17 21:00:00+00:00,"{'x': -0.373581, 'y': 51.46935}",SSEN-2818001160,SSEN-281800116001
281800116002,SSEN,19.0,10002.0,2024-12-17 21:00:00+00:00,"{'x': -0.373581, 'y': 51.46935}",SSEN-2818001160,SSEN-281800116002
281800116004,SSEN,18.0,4781.0,2024-12-17 21:00:00+00:00,"{'x': -0.373581, 'y': 51.46935}",SSEN-2818001160,SSEN-281800116004
281800116005,SSEN,43.0,14395.0,2024-12-17 21:00:00+00:00,"{'x': -0.373581, 'y': 51.46935}",SSEN-2818001160,SSEN-281800116005
281800116001,SSEN,46.0,15704.0,2024-12-17 21:30:00+00:00,"{'x': -0.373581, 'y': 51.46935}",SSEN-2818001160,SSEN-281800116001
281800116002,SSEN,19.0,6575.0,2024-12-17 21:30:00+00:00,"{'x': -0.373581, 'y': 51.46935}",SSEN-2818001160,SSEN-281800116002
281800116004,SSEN,18.0,4534.0,2024-12-17 21:30:00+00:00,"{'x': -0.373581, 'y': 51.46935}",SSEN-2818001160,SSEN-281800116004
281800116005,SSEN,43.0,15844.0,2024-12-17 21:30:00+00:00,"{'x': -0.373581, 'y': 51.46935}",SSEN-2818001160,SSEN-281800116005
281800116001,SSEN,46.0,15653.0,2024-12-17 22:00:00+00:00,"{'x': -0.373581, 'y': 51.46935}",SSEN-2818001160,SSEN-281800116001
281800116002,SSEN,19.0,5401.0,2024-12-17 22:00:00+00:00,"{'x': -0.373581, 'y': 51.46935}",SSEN-2818001160,SSEN-281800116002
281800116004,SSEN,18.0,5166.0,2024-12-17 22:00:00+00:00,"{'x': -0.373581, 'y': 51.46935}",SSEN-2818001160,SSEN-281800116004
281800116005,SSEN,43.0,14989.0,2024-12-17 22:00:00+00:00,"{'x': -0.373581, 'y': 51.46935}",SSEN-2818001160,SSEN-281800116005
281800116001,SSEN,46.0,14672.0,2024-12-17 22:30:00+00:00,"{'x': -0.373581, 'y': 51.46935}",SSEN-2818001160,SSEN-281800116001
281800116002,SSEN,19.0,6087.0,2024-12-17 22:30:00+00:00,"{'x': -0.373581, 'y': 51.46935}",SSEN-2818001160,SSEN-281800116002
281800116004,SSEN,18.0,5176.0,2024-12-17 22:30:00+00:00,"{'x': -0.373581, 'y': 51.46935}",SSEN-2818001160,SSEN-281800116004
281800116005,SSEN,43.0,13975.0,2024-12-17 22:30:00+00:00,"{'x': -0.373581, 'y': 51.46935}",SSEN-2818001160,SSEN-281800116005
281800116001,SSEN,46.0,11404.0,2024-12-17 23:00:00+00:00,"{'x': -0.373581, 'y': 51.46935}",SSEN-2818001160,SSEN-281800116001
281800116002,SSEN,19.0,5781.0,2024-12-17 23:00:00+00:00,"{'x': -0.373581, 'y': 51.46935}",SSEN-2818001160,SSEN-281800116002
281800116004,SSEN,18.0,5087.0,2024-12-17 23:00:00+00:00,"{'x': -0.373581, 'y': 51.46935}",SSEN-2818001160,SSEN-281800116004
281800116005,SSEN,43.0,15274.0,2024-12-17 23:00:00+00:00,"{'x': -0.373581, 'y': 51.46935}",SSEN-2818001160,SSEN-281800116005
281800116001,SSEN,46.0,10589.0,2024-12-17 23:30:00+00:00,"{'x': -0.373581, 'y': 51.46935}",SSEN-2818001160,SSEN-281800116001
281800116002,SSEN,19.0,7150.0,2024-12-17 23:30:00+00:00,"{'x': -0.373581, 'y': 51.46935}",SSEN-2818001160,SSEN-281800116002
281800116004,SSEN,18.0,5137.0,2024-12-17 23:30:00+00:00,"{'x': -0.373581, 'y': 51.46935}",SSEN-2818001160,SSEN-281800116004
281800116005,SSEN,43.0,12796.0,2024-12-17 23:30:00+00:00,"{'x': -0.373581, 'y': 51.46935}",SSEN-2818001160,SSEN-281800116005
281800116001,SSEN,46.0,9793.0,2024-12-18 00:00:00+00:00,"{'x': -0.373581, 'y': 51.46935}",SSEN-2818001160,SSEN-281800116001
281800116002,SSEN,19.0,7818.0,2024-12-18 00:00:00+00:00,"{'x': -0.373581, 'y': 51.46935}",SSEN-2818001160,SSEN-281800116002
281800116004,SSEN,18.0,5462.0,2024-12-18 00:00:00+00:00,"{'x': -0.373581, 'y': 51.46935}",SSEN-2818001160,SSEN-281800116004
281800116005,SSEN,43.0,15204.0,2024-12-18 00:00:00+00:00,"{'x': -0.373581, 'y': 51.46935}",SSEN-2818001160,SSEN-281800116005
281800116001,SSEN,46.0,13488.0,2024-12-18 00:30:00+00:00,"{'x': -0.373581, 'y': 51.46935}",SSEN-2818001160,SSEN-281800116001
281800116002,SSEN,19.0,8475.0,2024-12-18 00:30:00+00:00,"{'x': -0.373581, 'y': 51.46935}",SSEN-2818001160,SSEN-281800116002
281800116004,SSEN,18.0,4726.0,2024-12-18 00:30:00+00:00,"{'x': -0.373581, 'y': 51.46935}",SSEN-2818001160,SSEN-281800116004
281800116005,SSEN,43.0,12390.0,2024-12-18 00:30:00+00:00,"{'x': -0.373581, 'y': 51.46935}",SSEN-2818001160,SSEN-281800116005
281800116001,SSEN,46.0,12276.0,2024-12-18 01:00:00+00:00,"{'x': -0.373581, 'y': 51.46935}",SSEN-2818001160,SSEN-281800116001
281800116002,SSEN,19.0,6540.0,2024-12-18 01:00:00+00:00,"{'x': -0.373581, 'y': 51.46935}",SSEN-2818001160,SSEN-281800116002
281800116004,SSEN,18.0,5005.0,2024-12-18 01:00:00+00:00,"{'x': -0.373581, 'y': 51.46935}",SSEN-2818001160,SSEN-281800116004
281800116005,SSEN,43.0,9635.0,2024-12-18 01:00:00+00:00,"{'x': -0.373581, 'y': 51.46935}",SSEN-2818001160,SSEN-281800116005
281800116001,SSEN,46.0,10960.0,2024-12-18 01:30:00+00:00,"{'x': -0.373581, 'y': 51.46935}",SSEN-2818001160,SSEN-281800116001
281800116002,SSEN,19.0,6188.0,2024-12-18 01:30:00+00:00,"{'x': -0.373581, 'y': 51.46935}",SSEN-2818001160,SSEN-281800116002
281800116004,SSEN,18.0,3382.0,2024-12-18 01:30:00+00:00,"{'x': -0.373581, 'y': 51.46935}",SSEN-2818001160,SSEN-281800116004
281800116005,SSEN,43.0,9654.0,2024-12-18 01:30:00+00:00,"{'x': -0.373581, 'y': 51.46935}",SSEN-2818001160,SSEN-281800116005
281800116001,SSEN,46.0,9811.0,2024-12-18 02:00:00+00:00,"{'x': -0.373581, 'y': 51.46935}",SSEN-2818001160,SSEN-281800116001
281800116002,SSEN,19.0,5020.0,2024-12-18 02:00:00+00:00,"{'x': -0.373581, 'y': 51.46935}",SSEN-2818001160,SSEN-281800116002
281800116004,SSEN,18.0,3521.0,2024-12-18 02:00:00+00:00,"{'x': -0.373581, 'y': 51.46935}",SSEN-2818001160,SSEN-281800116004
281800116005,SSEN,43.0,11470.0,2024-12-18 02:00:00+00:00,"{'x': -0.373581, 'y': 51.46935}",SSEN-2818001160,SSEN-281800116005
281800116001,SSEN,46.0,10010.0,2024-12-18 02:30:00+00:00,"{'x': -0.373581, 'y': 51.46935}",SSEN-2818001160,SSEN-281800116001
281800116002,SSEN,19.0,5928.0,2024-12-18 02:30:00+00:00,"{'x': -0.373581, 'y': 51.46935}",SSEN-2818001160,SSEN-281800116002
281800116004,SSEN,18.0,3311.0,2024-12-18 02:30:00+00:00,"{'x': -0.373581, 'y': 51.46935}",SSEN-2818001160,SSEN-281800116004
281800116005,SSEN,43.0,13084.0,2024-12-18 02:30:00+00:00,"{'x': -0.373581, 'y': 51.46935}",SSEN-2818001160,SSEN-281800116005
281800116001,SSEN,46.0,10113.0,2024-12-18 03:00:00+00:00,"{'x': -0.373581, 'y': 51.46935}",SSEN-2818001160,SSEN-281800116001
281800116002,SSEN,19.0,5409.0,2024-12-18 03:00:00+00:00,"{'x': -0.373581, 'y': 51.46935}",SSEN-2818001160,SSEN-281800116002
281800116004,SSEN,18.0,3464.0,2024-12-18 03:00:00+00:00,"{'x': -0.373581, 'y': 51.46935}",SSEN-2818001160,SSEN-281800116004
281800116005,SSEN,43.0,11787.0,2024-12-18 03:00:00+00:00,"{'x': -0.373581, 'y': 51.46935}",SSEN-2818001160,SSEN-281800116005
281800116001,SSEN,46.0,12207.0,2024-12-18 03:30:00+00:00,"{'x': -0.373581, 'y': 51.46935}",SSEN-2818001160,SSEN-281800116001
281800116002,SSEN,19.0,2630.0,2024-12-18 03:30:00+00:00,"{'x': -0.373581, 'y': 51.46935}",SSEN-2818001160,SSEN-281800116002
281800116004,SSEN,18.0,3450.0,2024-12-18 03:30:00+00:00,"{'x': -0.373581, 'y': 51.46935}",SSEN-2818001160,SSEN-281800116004
281800116005,SSEN,43.0,9273.0,2024-12-18 03:30:00+00:00,"{'x': -0.373581, 'y': 51.46935}",SSEN-2818001160,SSEN-281800116005
281800116001,SSEN,46.0,11864.0,2024-12-18 04:00:00+00:00,"{'x': -0.373581, 'y': 51.46935}",SSEN-2818001160,SSEN-281800116001
281800116002,SSEN,19.0,2088.0,2024-12-18 04:00:00+00:00,"{'x': -0.373581, 'y': 51.46935}",SSEN-2818001160,SSEN-281800116002
281800116004,SSEN,18.0,3191.0,2024-12-18 04:00:00+00:00,"{'x': -0.373581, 'y': 51.46935}",SSEN-2818001160,SSEN-281800116004
281800116005,SSEN,43.0,11549.0,2024-12-18 04:00:00+00:00,"{'x': -0.373581, 'y': 51.46935}",SSEN-2818001160,SSEN-281800116005
281800116001,SSEN,46.0,10986.0,2024-12-18 04:30:00+00:00,"{'x': -0.373581, 'y': 51.46935}",SSEN-2818001160,SSEN-281800116001
281800116002,SSEN,19.0,1891.0,2024-12-18 04:30:00+00:00,"{'x': -0.373581, 'y': 51.46935}",SSEN-2818001160,SSEN-281800116002
281800116004,SSEN,18.0,3071.0,2024-12-18 04:30:00+00:00,"{'x': -0.373581, 'y': 51.46935}",SSEN-2818001160,SSEN-281800116004
281800116005,SSEN,43.0,10883.0,2024-12-18 04:30:00+00:00,"{'x': -0.373581, 'y': 51.46935}",SSEN-2818001160,SSEN-281800116005
281800116001,SSEN,46.0,11906.0,2024-12-18 05:00:00+00:00,"{'x': -0.373581, 'y': 51.46935}",SSEN-2818001160,SSEN-281800116001
281800116002,SSEN,19.0,1931.0,2024-12-18 05:00:00+00:00,"{'x': -0.373581, 'y': 51.46935}",SSEN-2818001160,SSEN-281800116002
281800116004,SSEN,18.0,2813.0,2024-12-18 05:00:00+00:00,"{'x': -0.373581, 'y': 51.46935}",SSEN-2818001160,SSEN-281800116004
281800116005,SSEN,43.0,9996.0,2024-12-18 05:00:00+00:00,"{'x': -0.373581, 'y': 51.46935}",SSEN-2818001160,SSEN-281800116005
281800116001,SSEN,46.0,10882.0,2024-12-18 05:30:00+00:00,"{'x': -0.373581, 'y': 51.46935}",SSEN-2818001160,SSEN-281800116001
281800116002,SSEN,19.0,2023.0,2024-12-18 05:30:00+00:00,"{'x': -0.373581, 'y': 51.46935}",SSEN-2818001160,SSEN-281800116002
281800116004,SSEN,18.0,2978.0,2024-12-18 05:30:00+00:00,"{'x': -0.373581, 'y': 51.46935}",SSEN-2818001160,SSEN-281800116004
281800116005,SSEN,43.0,7558.0,2024-12-18 05:30:00+00:00,"{'x': -0.373581, 'y': 51.46935}",SSEN-2818001160,SSEN-281800116005
281800116001,SSEN,46.0,11744.0,2024-12-18 06:00:00+00:00,"{'x': -0.373581, 'y': 51.46935}",SSEN-2818001160,SSEN-281800116001
281800116002,SSEN,19.0,2689.0,2024-12-18 06:00:00+00:00,"{'x': -0.373581, 'y': 51.46935}",SSEN-2818001160,SSEN-281800116002
281800116004,SSEN,18.0,3065.0,2024-12-18 06:00:00+00:00,"{'x': -0.373581, 'y': 51.46935}",SSEN-2818001160,SSEN-281800116004
281800116005,SSEN,43.0,6458.0,2024-12-18 06:00:00+00:00,"{'x': -0.373581, 'y': 51.46935}",SSEN-2818001160,SSEN-281800116005
281800116001,SSEN,46.0,13001.0,2024-12-18 06:30:00+00:00,"{'x': -0.373581, 'y': 51.46935}",SSEN-2818001160,SSEN-281800116001
281800116002,SSEN,19.0,3656.0,2024-12-18 06:30:00+00:00,"{'x': -0.373581, 'y': 51.46935}",SSEN-2818001160,SSEN-281800116002
281800116004,SSEN,18.0,3994.0,2024-12-18 06:30:00+00:00,"{'x': -0.373581, 'y': 51.46935}",SSEN-2818001160,SSEN-281800116004
281800116005,SSEN,43.0,8668.0,2024-12-18 06:30:00+00:00,"{'x': -0.373581, 'y': 51.46935}",SSEN-2818001160,SSEN-281800116005
281800116001,SSEN,46.0,10266.0,2024-12-18 07:00:00+00:00,"{'x': -0.373581, 'y': 51.46935}",SSEN-2818001160,SSEN-281800116001
281800116002,SSEN,19.0,5702.0,2024-12-18 07:00:00+00:00,"{'x': -0.373581, 'y': 51.46935}",SSEN-2818001160,SSEN-281800116002
281800116004,SSEN,18.0,3830.0,2024-12-18 07:00:00+00:00,"{'x': -0.373581, 'y': 51.46935}",SSEN-2818001160,SSEN-281800116004
281800116005,SSEN,43.0,8665.0,2024-12-18 07:00:00+00:00,"{'x': -0.373581, 'y': 51.46935}",SSEN-2818001160,SSEN-281800116005
281800116001,SSEN,46.0,11643.0,2024-12-18 07:30:00+00:00,"{'x': -0.373581, 'y': 51.46935}",SSEN-2818001160,SSEN-281800116001
281800116002,SSEN,19.0,3516.0,2024-12-18 07:30:00+00:00,"{'x': -0.373581, 'y': 51.46935}",SSEN-2818001160,SSEN-281800116002
281800116004,SSEN,18.0,4508.0,2024-12-18 07:30:00+00:00,"{'x': -0.373581, 'y': 51.46935}",SSEN-2818001160,SSEN-281800116004
281800116005,SSEN,43.0,10908.0,2024-12-18 07:30:00+00:00,"{'x': -0.373581, 'y': 51.46935}",SSEN-2818001160,SSEN-281800116005
281800116001,SSEN,46.0,10735.0,2024-12-18 08:00:00+00:00,"{'x': -0.373581, 'y': 51.46935}",SSEN-2818001160,SSEN-281800116001
281800116002,SSEN,19.0,4478.0,2024-12-18 08:00:00+00:00,"{'x': -0.373581, 'y': 51.46935}",SSEN-2818001160,SSEN-281800116002
281800116004,SSEN,18.0,4520.0,2024-12-18 08:00:00+00:00,"{'x': -0.373581, 'y': 51.46935}",SSEN-2818001160,SSEN-281800116004
281800116005,SSEN,43.0,12568.0,2024-12-18 08:00:00+00:00,"{'x': -0.373581, 'y': 51.46935}",SSEN-2818001160,SSEN-281800116005
281800116001,SSEN,46.0,12195.0,2024-12-18 08:30:00+00:00,"{'x': -0.373581, 'y': 51.46935}",SSEN-2818001160,SSEN-281800116001
281800116002,SSEN,19.0,4493.0,2024-12-18 08:30:00+00:00,"{'x': -0.373581, 'y': 51.46935}",SSEN-2818001160,SSEN-281800116002
281800116004,SSEN,18.0,3892.0,2024-12-18 08:30:00+00:00,"{'x': -0.373581, 'y': 51.46935}",SSEN-2818001160,SSEN-281800116004
281800116005,SSEN,43.0,13712.0,2024-12-18 08:30:00+00:00,"{'x': -0.373581, 'y': 51.46935}",SSEN-2818001160,SSEN-281800116005
281800116001,SSEN,46.0,13101.0,2024-12-18 09:00:00+00:00,"{'x': -0.373581, 'y': 51.46935}",SSEN-2818001160,SSEN-281800116001
281800116002,SSEN,19.0,4147.0,2024-12-18 09:00:00+00:00,"{'x': -0.373581, 'y': 51.46935}",SSEN-2818001160,SSEN-281800116002
281800116004,SSEN,18.0,3838.0,2024-12-18 09:00:00+00:00,"{'x': -0.373581, 'y': 51.46935}",SSEN-2818001160,SSEN-281800116004
281800116005,SSEN,43.0,13191.0,2024-12-18 09:00:00+00:00,"{'x': -0.373581, 'y': 51.46935}",SSEN-2818001160,SSEN-281800116005
281800116001,SSEN,46.0,14326.0,2024-12-18 09:30:00+00:00,"{'x': -0.373581, 'y': 51.46935}",SSEN-2818001160,SSEN-281800116001
281800116002,SSEN,19.0,3463.0,2024-12-18 09:30:00+00:00,"{'x': -0.373581, 'y': 51.46935}",SSEN-2818001160,SSEN-281800116002
281800116004,SSEN,18.0,4448.0,2024-12-18 09:30:00+00:00,"{'x': -0.373581, 'y': 51.46935}",SSEN-2818001160,SSEN-281800116004
281800116005,SSEN,43.0,13032.0,2024-12-18 09:30:00+00:00,"{'x': -0.373581, 'y': 51.46935}",SSEN-2818001160,SSEN-281800116005
281800116001,SSEN,46.0,11670.0,2024-12-18 10:00:00+00:00,"{'x': -0.373581, 'y': 51.46935}",SSEN-2818001160,SSEN-281800116001
281800116002,SSEN,19.0,3875.0,2024-12-18 10:00:00+00:00,"{'x': -0.373581, 'y': 51.46935}",SSEN-2818001160,SSEN-281800116002
281800116004,SSEN,18.0,4913.0,2024-12-18 10:00:00+00:00,"{'x': -0.373581, 'y': 51.46935}",SSEN-2818001160,SSEN-281800116004
281800116005,SSEN,43.0,12753.0,2024-12-18 10:00:00+00:00,"{'x': -0.373581, 'y': 51.46935}",SSEN-2818001160,SSEN-281800116005
281800116001,SSEN,46.0,13608.0,2024-12-18 10:30:00+00:00,"{'x': -0.373581, 'y': 51.46935}",SSEN-2818001160,SSEN-281800116001
281800116002,SSEN,19.0,4817.0,2024-12-18 10:30:00+00:00,"{'x': -0.373581, 'y': 51.46935}",SSEN-2818001160,SSEN-281800116002
281800116004,SSEN,18.0,5506.0,2024-12-18 10:30:00+00:00,"{'x': -0.373581, 'y': 51.46935}",SSEN-2818001160,SSEN-281800116004
281800116005,SSEN,43.0,14251.0,2024-12-18 10:30:00+00:00,"{'x': -0.373581, 'y': 51.46935}",SSEN-2818001160,SSEN-281800116005
281800116001,SSEN,46.0,13312.0,2024-12-18 11:00:00+00:00,"{'x': -0.373581, 'y': 51.46935}",SSEN-2818001160,SSEN-281800116001
281800116002,SSEN,19.0,4648.0,2024-12-18 11:00:00+00:00,"{'x': -0.373581, 'y': 51.46935}",SSEN-2818001160,SSEN-281800116002
281800116004,SSEN,18.0,5078.0,2024-12-18 11:00:00+00:00,"{'x': -0.373581, 'y': 51.46935}",SSEN-2818001160,SSEN-281800116004
281800116005,SSEN,43.0,14395.0,2024-12-18 11:00:00+00:00,"{'x': -0.373581, 'y': 51.46935}",SSEN-2818001160,SSEN-281800116005
281800116001,SSEN,46.0,16807.0,2024-12-18 11:30:00+00:00,"{'x': -0.373581, 'y': 51.46935}",SSEN-2818001160,SSEN-281800116001
281800116002,SSEN,19.0,4140.0,2024-12-18 11:30:00+00:00,"{'x': -0.373581, 'y': 51.46935}",SSEN-2818001160,SSEN-281800116002
281800116004,SSEN,18.0,4665.0,2024-12-18 11:30:00+00:00,"{'x': -0.373581, 'y': 51.46935}",SSEN-2818001160,SSEN-281800116004
281800116005,SSEN,43.0,12666.0,2024-12-18 11:30:00+00:00,"{'x': -0.373581, 'y': 51.46935}",SSEN-2818001160,SSEN-281800116005
281800116001,SSEN,46.0,12262.0,2024-12-18 12:00:00+00:00,"{'x': -0.373581, 'y': 51.46935}",SSEN-2818001160,SSEN-281800116001
281800116002,SSEN,19.0,3001.0,2024-12-18 12:00:00+00:00,"{'x': -0.373581, 'y': 51.46935}",SSEN-2818001160,SSEN-281800116002
281800116004,SSEN,18.0,5357.0,2024-12-18 12:00:00+00:00,"{'x': -0.373581, 'y': 51.46935}",SSEN-2818001160,SSEN-281800116004
281800116005,SSEN,43.0,11848.0,2024-12-18 12:00:00+00:00,"{'x': -0.373581, 'y': 51.46935}",SSEN-2818001160,SSEN-281800116005
281800116001,SSEN,46.0,12736.0,2024-12-18 12:30:00+00:00,"{'x': -0.373581, 'y': 51.46935}",SSEN-2818001160,SSEN-281800116001
281800116002,SSEN,19.0,2922.0,2024-12-18 12:30:00+00:00,"{'x': -0.373581, 'y': 51.46935}",SSEN-2818001160,SSEN-281800116002
281800116004,SSEN,18.0,5109.0,2024-12-18 12:30:00+00:00,"{'x': -0.373581, 'y': 51.46935}",SSEN-2818001160,SSEN-281800116004
281800116005,SSEN,43.0,13978.0,2024-12-18 12:30:00+00:00,"{'x': -0.373581, 'y': 51.46935}",SSEN-2818001160,SSEN-281800116005
281800116001,SSEN,46.0,12405.0,2024-12-18 13:00:00+00:00,"{'x': -0.373581, 'y': 51.46935}",SSEN-2818001160,SSEN-281800116001
281800116002,SSEN,19.0,4211.0,2024-12-18 13:00:00+00:00,"{'x': -0.373581, 'y': 51.46935}",SSEN-2818001160,SSEN-281800116002
281800116004,SSEN,18.0,5247.0,2024-12-18 13:00:00+00:00,"{'x': -0.373581, 'y': 51.46935}",SSEN-2818001160,SSEN-281800116004
281800116005,SSEN,43.0,20469.0,2024-12-18 13:00:00+00:00,"{'x': -0.373581, 'y': 51.46935}",SSEN-2818001160,SSEN-281800116005
281800116001,SSEN,46.0,11343.0,2024-12-18 13:30:00+00:00,"{'x': -0.373581, 'y': 51.46935}",SSEN-2818001160,SSEN-281800116001
281800116002,SSEN,19.0,4103.0,2024-12-18 13:30:00+00:00,"{'x': -0.373581, 'y': 51.46935}",SSEN-2818001160,SSEN-281800116002
281800116004,SSEN,18.0,6182.0,2024-12-18 13:30:00+00:00,"{'x': -0.373581, 'y': 51.46935}",SSEN-2818001160,SSEN-281800116004
281800116005,SSEN,43.0,19170.0,2024-12-18 13:30:00+00:00,"{'x': -0.373581, 'y': 51.46935}",SSEN-2818001160,SSEN-281800116005
281800116001,SSEN,46.0,12260.0,2024-12-18 14:00:00+00:00,"{'x': -0.373581, 'y': 51.46935}",SSEN-2818001160,SSEN-281800116001
281800116002,SSEN,19.0,4536.0,2024-12-18 14:00:00+00:00,"{'x': -0.373581, 'y': 51.46935}",SSEN-2818001160,SSEN-281800116002
281800116004,SSEN,18.0,8474.0,2024-12-18 14:00:00+00:00,"{'x': -0.373581, 'y': 51.46935}",SSEN-2818001160,SSEN-281800116004
281800116005,SSEN,43.0,16160.0,2024-12-18 14:00:00+00:00,"{'x': -0.373581, 'y': 51.46935}",SSEN-2818001160,SSEN-281800116005
281800116001,SSEN,46.0,10861.0,2024-12-18 14:30:00+00:00,"{'x': -0.373581, 'y': 51.46935}",SSEN-2818001160,SSEN-281800116001
281800116002,SSEN,19.0,4570.0,2024-12-18 14:30:00+00:00,"{'x': -0.373581, 'y': 51.46935}",SSEN-2818001160,SSEN-281800116002
281800116004,SSEN,18.0,7126.0,2024-12-18 14:30:00+00:00,"{'x': -0.373581, 'y': 51.46935}",SSEN-2818001160,SSEN-281800116004
281800116005,SSEN,43.0,17059.0,2024-12-18 14:30:00+00:00,"{'x': -0.373581, 'y': 51.46935}",SSEN-2818001160,SSEN-281800116005
281800116001,SSEN,46.0,10987.0,2024-12-18 15:00:00+00:00,"{'x': -0.373581, 'y': 51.46935}",SSEN-2818001160,SSEN-281800116001
281800116002,SSEN,19.0,5833.0,2024-12-18 15:00:00+00:00,"{'x': -0.373581, 'y': 51.46935}",SSEN-2818001160,SSEN-281800116002
281800116004,SSEN,18.0,6725.0,2024-12-18 15:00:00+00:00,"{'x': -0.373581, 'y': 51.46935}",SSEN-2818001160,SSEN-281800116004
281800116005,SSEN,43.0,16140.0,2024-12-18 15:00:00+00:00,"{'x': -0.373581, 'y': 51.46935}",SSEN-2818001160,SSEN-281800116005
281800116001,SSEN,46.0,12316.0,2024-12-18 15:30:00+00:00,"{'x': -0.373581, 'y': 51.46935}",SSEN-2818001160,SSEN-281800116001
281800116002,SSEN,19.0,5130.0,2024-12-18 15:30:00+00:00,"{'x': -0.373581, 'y': 51.46935}",SSEN-2818001160,SSEN-281800116002
281800116004,SSEN,18.0,6169.0,2024-12-18 15:30:00+00:00,"{'x': -0.373581, 'y': 51.46935}",SSEN-2818001160,SSEN-281800116004
281800116005,SSEN,43.0,18724.0,2024-12-18 15:30:00+00:00,"{'x': -0.373581, 'y': 51.46935}",SSEN-2818001160,SSEN-281800116005
281800116001,SSEN,46.0,13158.0,2024-12-18 16:00:00+00:00,"{'x': -0.373581, 'y': 51.46935}",SSEN-2818001160,SSEN-281800116001
281800116002,SSEN,19.0,5486.0,2024-12-18 16:00:00+00:00,"{'x': -0.373581, 'y': 51.46935}",SSEN-2818001160,SSEN-281800116002
281800116004,SSEN,18.0,6386.0,2024-12-18 16:00:00+00:00,"{'x': -0.373581, 'y': 51.46935}",SSEN-2818001160,SSEN-281800116004
281800116005,SSEN,43.0,15623.0,2024-12-18 16:00:00+00:00,"{'x': -0.373581, 'y': 51.46935}",SSEN-2818001160,SSEN-281800116005
281800116001,SSEN,46.0,14417.0,2024-12-18 16:30:00+00:00,"{'x': -0.373581, 'y': 51.46935}",SSEN-2818001160,SSEN-281800116001
281800116002,SSEN,19.0,6382.0,2024-12-18 16:30:00+00:00,"{'x': -0.373581, 'y': 51.46935}",SSEN-2818001160,SSEN-281800116002
281800116004,SSEN,18.0,7915.0,2024-12-18 16:30:00+00:00,"{'x': -0.373581, 'y': 51.46935}",SSEN-2818001160,SSEN-281800116004
281800116005,SSEN,43.0,13633.0,2024-12-18 16:30:00+00:00,"{'x': -0.373581, 'y': 51.46935}",SSEN-2818001160,SSEN-281800116005
281800116001,SSEN,46.0,16220.0,2024-12-18 17:00:00+00:00,"{'x': -0.373581, 'y': 51.46935}",SSEN-2818001160,SSEN-281800116001
281800116002,SSEN,19.0,8129.0,2024-12-18 17:00:00+00:00,"{'x': -0.373581, 'y': 51.46935}",SSEN-2818001160,SSEN-281800116002
281800116004,SSEN,18.0,5689.0,2024-12-18 17:00:00+00:00,"{'x': -0.373581, 'y': 51.46935}",SSEN-2818001160,SSEN-281800116004
281800116005,SSEN,43.0,13971.0,2024-12-18 17:00:00+00:00,"{'x': -0.373581, 'y': 51.46935}",SSEN-2818001160,SSEN-281800116005
281800116001,SSEN,46.0,16660.0,2024-12-18 17:30:00+00:00,"{'x': -0.373581, 'y': 51.46935}",SSEN-2818001160,SSEN-281800116001
281800116002,SSEN,19.0,7926.0,2024-12-18 17:30:00+00:00,"{'x': -0.373581, 'y': 51.46935}",SSEN-2818001160,SSEN-281800116002
281800116004,SSEN,18.0,5822.0,2024-12-18 17:30:00+00:00,"{'x': -0.373581, 'y': 51.46935}",SSEN-2818001160,SSEN-281800116004
281800116005,SSEN,43.0,15133.0,2024-12-18 17:30:00+00:00,"{'x': -0.373581, 'y': 51.46935}",SSEN-2818001160,SSEN-281800116005
281800116001,SSEN,46.0,17577.0,2024-12-18 18:00:00+00:00,"{'x': -0.373581, 'y': 51.46935}",SSEN-2818001160,SSEN-281800116001
281800116002,SSEN,19.0,6261.0,2024-12-18 18:00:00+00:00,"{'x': -0.373581, 'y': 51.46935}",SSEN-2818001160,SSEN-281800116002
281800116004,SSEN,18.0,7791.0,2024-12-18 18:00:00+00:00,"{'x': -0.373581, 'y': 51.46935}",SSEN-2818001160,SSEN-281800116004
281800116005,SSEN,43.0,14783.0,2024-12-18 18:00:00+00:00,"{'x': -0.373581, 'y': 51.46935}",SSEN-2818001160,SSEN-281800116005
281800116001,SSEN,46.0,19097.0,2024-12-18 18:30:00+00:00,"{'x': -0.373581, 'y': 51.46935}",SSEN-2818001160,SSEN-281800116001
281800116002,SSEN,19.0,8143.0,2024-12-18 18:30:00+00:00,"{'x': -0.373581, 'y': 51.46935}",SSEN-2818001160,SSEN-281800116002
281800116004,SSEN,18.0,6393.0,2024-12-18 18:30:00+00:00,"{'x': -0.373581, 'y': 51.46935}",SSEN-2818001160,SSEN-281800116004
281800116005,SSEN,43.0,14984.0,2024-12-18 18:30:00+00:00,"{'x': -0.373581, 'y': 51.46935}",SSEN-2818001160,SSEN-281800116005
281800116001,SSEN,46.0,20949.0,2024-12-18 19:00:00+00:00,"{'x': -0.373581, 'y': 51.46935}",SSEN-2818001160,SSEN-281800116001
281800116002,SSEN,19.0,9644.0,2024-12-18 19:00:00+00:00,"{'x': -0.373581, 'y': 51.46935}",SSEN-2818001160,SSEN-281800116002
281800116004,SSEN,18.0,5253.0,2024-12-18 19:00:00+00:00,"{'x': -0.373581, 'y': 51.46935}",SSEN-2818001160,SSEN-281800116004
281800116005,SSEN,43.0,22204.0,2024-12-18 19:00:00+00:00,"{'x': -0.373581, 'y': 51.46935}",SSEN-2818001160,SSEN-281800116005
281800116001,SSEN,46.0,21743.0,2024-12-18 19:30:00+00:00,"{'x': -0.373581, 'y': 51.46935}",SSEN-2818001160,SSEN-281800116001
281800116002,SSEN,19.0,7548.0,2024-12-18 19:30:00+00:00,"{'x': -0.373581, 'y': 51.46935}",SSEN-2818001160,SSEN-281800116002
281800116004,SSEN,18.0,5668.0,2024-12-18 19:30:00+00:00,"{'x': -0.373581, 'y': 51.46935}",SSEN-2818001160,SSEN-281800116004
281800116005,SSEN,43.0,15802.0,2024-12-18 19:30:00+00:00,"{'x': -0.373581, 'y': 51.46935}",SSEN-2818001160,SSEN-281800116005
281800116001,SSEN,46.0,21104.0,2024-12-18 20:00:00+00:00,"{'x': -0.373581, 'y': 51.46935}",SSEN-2818001160,SSEN-281800116001
281800116002,SSEN,19.0,7135.0,2024-12-18 20:00:00+00:00,"{'x': -0.373581, 'y': 51.46935}",SSEN-2818001160,SSEN-281800116002
281800116004,SSEN,18.0,5080.0,2024-12-18 20:00:00+00:00,"{'x': -0.373581, 'y': 51.46935}",SSEN-2818001160,SSEN-281800116004
281800116005,SSEN,43.0,16828.0,2024-12-18 20:00:00+00:00,"{'x': -0.373581, 'y': 51.46935}",SSEN-2818001160,SSEN-281800116005
281800116001,SSEN,46.0,19480.0,2024-12-18 20:30:00+00:00,"{'x': -0.373581, 'y': 51.46935}",SSEN-2818001160,SSEN-281800116001
281800116002,SSEN,19.0,8807.0,2024-12-18 20:30:00+00:00,"{'x': -0.373581, 'y': 51.46935}",SSEN-2818001160,SSEN-281800116002
281800116004,SSEN,18.0,5851.0,2024-12-18 20:30:00+00:00,"{'x': -0.373581, 'y': 51.46935}",SSEN-2818001160,SSEN-281800116004
281800116005,SSEN,43.0,18593.0,2024-12-18 20:30:00+00:00,"{'x': -0.373581, 'y': 51.46935}",SSEN-2818001160,SSEN-281800116005
281800116001,SSEN,46.0,18300.0,2024-12-18 21:00:00+00:00,"{'x': -0.373581, 'y': 51.46935}",SSEN-2818001160,SSEN-281800116001
281800116002,SSEN,19.0,8421.0,2024-12-18 21:00:00+00:00,"{'x': -0.373581, 'y': 51.46935}",SSEN-2818001160,SSEN-281800116002
281800116004,SSEN,18.0,5900.0,2024-12-18 21:00:00+00:00,"{'x': -0.373581, 'y': 51.46935}",SSEN-2818001160,SSEN-281800116004
281800116005,SSEN,43.0,18275.0,2024-12-18 21:00:00+00:00,"{'x': -0.373581, 'y': 51.46935}",SSEN-2818001160,SSEN-281800116005
281800116001,SSEN,46.0,16612.0,2024-12-18 21:30:00+00:00,"{'x': -0.373581, 'y': 51.46935}",SSEN-2818001160,SSEN-281800116001
281800116002,SSEN,19.0,11255.0,2024-12-18 21:30:00+00:00,"{'x': -0.373581, 'y': 51.46935}",SSEN-2818001160,SSEN-281800116002
281800116004,SSEN,18.0,5077.0,2024-12-18 21:30:00+00:00,"{'x': -0.373581, 'y': 51.46935}",SSEN-2818001160,SSEN-281800116004
281800116005,SSEN,43.0,14431.0,2024-12-18 21:30:00+00:00,"{'x': -0.373581, 'y': 51.46935}",SSEN-2818001160,SSEN-281800116005
281800116001,SSEN,46.0,14028.0,2024-12-18 22:00:00+00:00,"{'x': -0.373581, 'y': 51.46935}",SSEN-2818001160,SSEN-281800116001
281800116002,SSEN,19.0,11867.0,2024-12-18 22:00:00+00:00,"{'x': -0.373581, 'y': 51.46935}",SSEN-2818001160,SSEN-281800116002
281800116004,SSEN,18.0,3915.0,2024-12-18 22:00:00+00:00,"{'x': -0.373581, 'y': 51.46935}",SSEN-2818001160,SSEN-281800116004
281800116005,SSEN,43.0,17056.0,2024-12-18 22:00:00+00:00,"{'x': -0.373581, 'y': 51.46935}",SSEN-2818001160,SSEN-281800116005
281800116001,SSEN,46.0,11061.0,2024-12-18 22:30:00+00:00,"{'x': -0.373581, 'y': 51.46935}",SSEN-2818001160,SSEN-281800116001
281800116002,SSEN,19.0,9426.0,2024-12-18 22:30:00+00:00,"{'x': -0.373581, 'y': 51.46935}",SSEN-2818001160,SSEN-281800116002
281800116004,SSEN,18.0,4437.0,2024-12-18 22:30:00+00:00,"{'x': -0.373581, 'y': 51.46935}",SSEN-2818001160,SSEN-281800116004
281800116005,SSEN,43.0,13365.0,2024-12-18 22:30:00+00:00,"{'x': -0.373581, 'y': 51.46935}",SSEN-2818001160,SSEN-281800116005
281800116001,SSEN,46.0,9338.0,2024-12-18 23:00:00+00:00,"{'x': -0.373581, 'y': 51.46935}",SSEN-2818001160,SSEN-281800116001
281800116002,SSEN,19.0,9034.0,2024-12-18 23:00:00+00:00,"{'x': -0.373581, 'y': 51.46935}",SSEN-2818001160,SSEN-281800116002
281800116004,SSEN,18.0,3948.0,2024-12-18 23:00:00+00:00,"{'x': -0.373581, 'y': 51.46935}",SSEN-2818001160,SSEN-281800116004
281800116005,SSEN,43.0,13825.0,2024-12-18 23:00:00+00:00,"{'x': -0.373581, 'y': 51.46935}",SSEN-2818001160,SSEN-281800116005
281800116001,SSEN,46.0,9019.0,2024-12-18 23:30:00+00:00,"{'x': -0.373581, 'y': 51.46935}",SSEN-2818001160,SSEN-281800116001
281800116002,SSEN,19.0,10381.0,2024-12-18 23:30:00+00:00,"{'x': -0.373581, 'y': 51.46935}",SSEN-2818001160,SSEN-281800116002
281800116004,SSEN,18.0,4044.0,2024-12-18 23:30:00+00:00,"{'x': -0.373581, 'y': 51.46935}",SSEN-2818001160,SSEN-281800116004
281800116005,SSEN,43.0,16395.0,2024-12-18 23:30:00+00:00,"{'x': -0.373581, 'y': 51.46935}",SSEN-2818001160,SSEN-281800116005
281800116001,SSEN,46.0,8595.0,2024-12-19 00:00:00+00:00,"{'x': -0.373581, 'y': 51.46935}",SSEN-2818001160,SSEN-281800116001
281800116002,SSEN,19.0,11733.0,2024-12-19 00:00:00+00:00,"{'x': -0.373581, 'y': 51.46935}",SSEN-2818001160,SSEN-281800116002
281800116004,SSEN,18.0,4257.0,2024-12-19 00:00:00+00:00,"{'x': -0.373581, 'y': 51.46935}",SSEN-2818001160,SSEN-281800116004
281800116005,SSEN,43.0,15224.0,2024-12-19 00:00:00+00:00,"{'x': -0.373581, 'y': 51.46935}",SSEN-2818001160,SSEN-281800116005
281800116001,SSEN,45.0,12802.0,2024-12-19 00:30:00+00:00,"{'x': -0.373581, 'y': 51.46935}",SSEN-2818001160,SSEN-281800116001
281800116002,SSEN,19.0,11623.0,2024-12-19 00:30:00+00:00,"{'x': -0.373581, 'y': 51.46935}",SSEN-2818001160,SSEN-281800116002
281800116004,SSEN,18.0,3440.0,2024-12-19 00:30:00+00:00,"{'x': -0.373581, 'y': 51.46935}",SSEN-2818001160,SSEN-281800116004
281800116005,SSEN,43.0,12349.0,2024-12-19 00:30:00+00:00,"{'x': -0.373581, 'y': 51.46935}",SSEN-2818001160,SSEN-281800116005
281800116001,SSEN,45.0,10368.0,2024-12-19 01:00:00+00:00,"{'x': -0.373581, 'y': 51.46935}",SSEN-2818001160,SSEN-281800116001
281800116002,SSEN,19.0,7743.0,2024-12-19 01:00:00+00:00,"{'x': -0.373581, 'y': 51.46935}",SSEN-2818001160,SSEN-281800116002
281800116004,SSEN,18.0,4061.0,2024-12-19 01:00:00+00:00,"{'x': -0.373581, 'y': 51.46935}",SSEN-2818001160,SSEN-281800116004
281800116005,SSEN,43.0,10767.0,2024-12-19 01:00:00+00:00,"{'x': -0.373581, 'y': 51.46935}",SSEN-2818001160,SSEN-281800116005
281800116001,SSEN,45.0,9409.0,2024-12-19 01:30:00+00:00,"{'x': -0.373581, 'y': 51.46935}",SSEN-2818001160,SSEN-281800116001
281800116002,SSEN,19.0,6697.0,2024-12-19 01:30:00+00:00,"{'x': -0.373581, 'y': 51.46935}",SSEN-2818001160,SSEN-281800116002
281800116004,SSEN,18.0,3328.0,2024-12-19 01:30:00+00:00,"{'x': -0.373581, 'y': 51.46935}",SSEN-2818001160,SSEN-281800116004
281800116005,SSEN,43.0,9329.0,2024-12-19 01:30:00+00:00,"{'x': -0.373581, 'y': 51.46935}",SSEN-2818001160,SSEN-281800116005
281800116001,SSEN,45.0,9043.0,2024-12-19 02:00:00+00:00,"{'x': -0.373581, 'y': 51.46935}",SSEN-2818001160,SSEN-281800116001
281800116002,SSEN,19.0,5972.0,2024-12-19 02:00:00+00:00,"{'x': -0.373581, 'y': 51.46935}",SSEN-2818001160,SSEN-281800116002
281800116004,SSEN,18.0,3149.0,2024-12-19 02:00:00+00:00,"{'x': -0.373581, 'y': 51.46935}",SSEN-2818001160,SSEN-281800116004
281800116005,SSEN,43.0,9406.0,2024-12-19 02:00:00+00:00,"{'x': -0.373581, 'y': 51.46935}",SSEN-2818001160,SSEN-281800116005
281800116001,SSEN,45.0,9098.0,2024-12-19 02:30:00+00:00,"{'x': -0.373581, 'y': 51.46935}",SSEN-2818001160,SSEN-281800116001
281800116002,SSEN,19.0,5057.0,2024-12-19 02:30:00+00:00,"{'x': -0.373581, 'y': 51.46935}",SSEN-2818001160,SSEN-281800116002
281800116004,SSEN,18.0,3319.0,2024-12-19 02:30:00+00:00,"{'x': -0.373581, 'y': 51.46935}",SSEN-2818001160,SSEN-281800116004
281800116005,SSEN,43.0,8802.0,2024-12-19 02:30:00+00:00,"{'x': -0.373581, 'y': 51.46935}",SSEN-2818001160,SSEN-281800116005
281800116001,SSEN,45.0,9057.0,2024-12-19 03:00:00+00:00,"{'x': -0.373581, 'y': 51.46935}",SSEN-2818001160,SSEN-281800116001
281800116002,SSEN,19.0,5064.0,2024-12-19 03:00:00+00:00,"{'x': -0.373581, 'y': 51.46935}",SSEN-2818001160,SSEN-281800116002
281800116004,SSEN,18.0,2968.0,2024-12-19 03:00:00+00:00,"{'x': -0.373581, 'y': 51.46935}",SSEN-2818001160,SSEN-281800116004
281800116005,SSEN,43.0,6866.0,2024-12-19 03:00:00+00:00,"{'x': -0.373581, 'y': 51.46935}",SSEN-2818001160,SSEN-281800116005
281800116001,SSEN,45.0,8235.0,2024-12-19 03:30:00+00:00,"{'x': -0.373581, 'y': 51.46935}",SSEN-2818001160,SSEN-281800116001
281800116002,SSEN,19.0,3816.0,2024-12-19 03:30:00+00:00,"{'x': -0.373581, 'y': 51.46935}",SSEN-2818001160,SSEN-281800116002
281800116004,SSEN,18.0,3125.0,2024-12-19 03:30:00+00:00,"{'x': -0.373581, 'y': 51.46935}",SSEN-2818001160,SSEN-281800116004
281800116005,SSEN,43.0,7069.0,2024-12-19 03:30:00+00:00,"{'x': -0.373581, 'y': 51.46935}",SSEN-2818001160,SSEN-281800116005
281800116001,SSEN,45.0,6252.0,2024-12-19 04:00:00+00:00,"{'x': -0.373581, 'y': 51.46935}",SSEN-2818001160,SSEN-281800116001
281800116002,SSEN,19.0,2919.0,2024-12-19 04:00:00+00:00,"{'x': -0.373581, 'y': 51.46935}",SSEN-2818001160,SSEN-281800116002
281800116004,SSEN,18.0,3290.0,2024-12-19 04:00:00+00:00,"{'x': -0.373581, 'y': 51.46935}",SSEN-2818001160,SSEN-281800116004
281800116005,SSEN,43.0,9586.0,2024-12-19 04:00:00+00:00,"{'x': -0.373581, 'y': 51.46935}",SSEN-2818001160,SSEN-281800116005
281800116001,SSEN,45.0,5727.0,2024-12-19 04:30:00+00:00,"{'x': -0.373581, 'y': 51.46935}",SSEN-2818001160,SSEN-281800116001
281800116002,SSEN,19.0,2745.0,2024-12-19 04:30:00+00:00,"{'x': -0.373581, 'y': 51.46935}",SSEN-2818001160,SSEN-281800116002
281800116004,SSEN,18.0,3272.0,2024-12-19 04:30:00+00:00,"{'x': -0.373581, 'y': 51.46935}",SSEN-2818001160,SSEN-281800116004
281800116005,SSEN,43.0,9396.0,2024-12-19 04:30:00+00:00,"{'x': -0.373581, 'y': 51.46935}",SSEN-2818001160,SSEN-281800116005
281800116001,SSEN,45.0,6358.0,2024-12-19 05:00:00+00:00,"{'x': -0.373581, 'y': 51.46935}",SSEN-2818001160,SSEN-281800116001
281800116002,SSEN,19.0,2007.0,2024-12-19 05:00:00+00:00,"{'x': -0.373581, 'y': 51.46935}",SSEN-2818001160,SSEN-281800116002
281800116004,SSEN,18.0,3100.0,2024-12-19 05:00:00+00:00,"{'x': -0.373581, 'y': 51.46935}",SSEN-2818001160,SSEN-281800116004
281800116005,SSEN,43.0,7861.0,2024-12-19 05:00:00+00:00,"{'x': -0.373581, 'y': 51.46935}",SSEN-2818001160,SSEN-281800116005
281800116001,SSEN,45.0,7063.0,2024-12-19 05:30:00+00:00,"{'x': -0.373581, 'y': 51.46935}",SSEN-2818001160,SSEN-281800116001
281800116002,SSEN,19.0,2839.0,2024-12-19 05:30:00+00:00,"{'x': -0.373581, 'y': 51.46935}",SSEN-2818001160,SSEN-281800116002
281800116004,SSEN,18.0,3374.0,2024-12-19 05:30:00+00:00,"{'x': -0.373581, 'y': 51.46935}",SSEN-2818001160,SSEN-281800116004
281800116005,SSEN,43.0,9127.0,2024-12-19 05:30:00+00:00,"{'x': -0.373581, 'y': 51.46935}",SSEN-2818001160,SSEN-281800116005
281800116001,SSEN,45.0,7761.0,2024-12-19 06:00:00+00:00,"{'x': -0.373581, 'y': 51.46935}",SSEN-2818001160,SSEN-281800116001
281800116002,SSEN,19.0,2368.0,2024-12-19 06:00:00+00:00,"{'x': -0.373581, 'y': 51.46935}",SSEN-2818001160,SSEN-281800116002
281800116004,SSEN,18.0,3409.0,2024-12-19 06:00:00+00:00,"{'x': -0.373581, 'y': 51.46935}",SSEN-2818001160,SSEN-281800116004
281800116005,SSEN,43.0,7177.0,2024-12-19 06:00:00+00:00,"{'x': -0.373581, 'y': 51.46935}",SSEN-2818001160,SSEN-281800116005
281800116001,SSEN,45.0,8719.0,2024-12-19 06:30:00+00:00,"{'x': -0.373581, 'y': 51.46935}",SSEN-2818001160,SSEN-281800116001
281800116002,SSEN,19.0,3795.0,2024-12-19 06:30:00+00:00,"{'x': -0.373581, 'y': 51.46935}",SSEN-2818001160,SSEN-281800116002
281800116004,SSEN,18.0,3788.0,2024-12-19 06:30:00+00:00,"{'x': -0.373581, 'y': 51.46935}",SSEN-2818001160,SSEN-281800116004
281800116005,SSEN,43.0,7492.0,2024-12-19 06:30:00+00:00,"{'x': -0.373581, 'y': 51.46935}",SSEN-2818001160,SSEN-281800116005
281800116001,SSEN,45.0,9175.0,2024-12-19 07:00:00+00:00,"{'x': -0.373581, 'y': 51.46935}",SSEN-2818001160,SSEN-281800116001
281800116002,SSEN,19.0,5881.0,2024-12-19 07:00:00+00:00,"{'x': -0.373581, 'y': 51.46935}",SSEN-2818001160,SSEN-281800116002
281800116004,SSEN,18.0,4675.0,2024-12-19 07:00:00+00:00,"{'x': -0.373581, 'y': 51.46935}",SSEN-2818001160,SSEN-281800116004
281800116005,SSEN,43.0,7380.0,2024-12-19 07:00:00+00:00,"{'x': -0.373581, 'y': 51.46935}",SSEN-2818001160,SSEN-281800116005
281800116001,SSEN,45.0,11404.0,2024-12-19 07:30:00+00:00,"{'x': -0.373581, 'y': 51.46935}",SSEN-2818001160,SSEN-281800116001
281800116002,SSEN,19.0,2887.0,2024-12-19 07:30:00+00:00,"{'x': -0.373581, 'y': 51.46935}",SSEN-2818001160,SSEN-281800116002
281800116004,SSEN,18.0,5845.0,2024-12-19 07:30:00+00:00,"{'x': -0.373581, 'y': 51.46935}",SSEN-2818001160,SSEN-281800116004
281800116005,SSEN,43.0,13100.0,2024-12-19 07:30:00+00:00,"{'x': -0.373581, 'y': 51.46935}",SSEN-2818001160,SSEN-281800116005
281800116001,SSEN,45.0,12950.0,2024-12-19 08:00:00+00:00,"{'x': -0.373581, 'y': 51.46935}",SSEN-2818001160,SSEN-281800116001
281800116002,SSEN,19.0,4546.0,2024-12-19 08:00:00+00:00,"{'x': -0.373581, 'y': 51.46935}",SSEN-2818001160,SSEN-281800116002
281800116004,SSEN,18.0,4404.0,2024-12-19 08:00:00+00:00,"{'x': -0.373581, 'y': 51.46935}",SSEN-2818001160,SSEN-281800116004
281800116005,SSEN,43.0,12802.0,2024-12-19 08:00:00+00:00,"{'x': -0.373581, 'y': 51.46935}",SSEN-2818001160,SSEN-281800116005
281800116001,SSEN,45.0,15221.0,2024-12-19 08:30:00+00:00,"{'x': -0.373581, 'y': 51.46935}",SSEN-2818001160,SSEN-281800116001
281800116002,SSEN,19.0,3779.0,2024-12-19 08:30:00+00:00,"{'x': -0.373581, 'y': 51.46935}",SSEN-2818001160,SSEN-281800116002
281800116004,SSEN,18.0,4526.0,2024-12-19 08:30:00+00:00,"{'x': -0.373581, 'y': 51.46935}",SSEN-2818001160,SSEN-281800116004
281800116005,SSEN,43.0,12476.0,2024-12-19 08:30:00+00:00,"{'x': -0.373581, 'y': 51.46935}",SSEN-2818001160,SSEN-281800116005
281800116001,SSEN,45.0,12582.0,2024-12-19 09:00:00+00:00,"{'x': -0.373581, 'y': 51.46935}",SSEN-2818001160,SSEN-281800116001
281800116002,SSEN,19.0,4001.0,2024-12-19 09:00:00+00:00,"{'x': -0.373581, 'y': 51.46935}",SSEN-2818001160,SSEN-281800116002
281800116004,SSEN,18.0,4412.0,2024-12-19 09:00:00+00:00,"{'x': -0.373581, 'y': 51.46935}",SSEN-2818001160,SSEN-281800116004
281800116005,SSEN,43.0,9207.0,2024-12-19 09:00:00+00:00,"{'x': -0.373581, 'y': 51.46935}",SSEN-2818001160,SSEN-281800116005
281800116001,SSEN,45.0,16652.0,2024-12-19 09:30:00+00:00,"{'x': -0.373581, 'y': 51.46935}",SSEN-2818001160,SSEN-281800116001
281800116002,SSEN,19.0,4925.0,2024-12-19 09:30:00+00:00,"{'x': -0.373581, 'y': 51.46935}",SSEN-2818001160,SSEN-281800116002
281800116004,SSEN,18.0,5649.0,2024-12-19 09:30:00+00:00,"{'x': -0.373581, 'y': 51.46935}",SSEN-2818001160,SSEN-281800116004
281800116005,SSEN,43.0,10831.0,2024-12-19 09:30:00+00:00,"{'x': -0.373581, 'y': 51.46935}",SSEN-2818001160,SSEN-281800116005
281800116001,SSEN,45.0,15398.0,2024-12-19 10:00:00+00:00,"{'x': -0.373581, 'y': 51.46935}",SSEN-2818001160,SSEN-281800116001
281800116002,SSEN,19.0,4929.0,2024-12-19 10:00:00+00:00,"{'x': -0.373581, 'y': 51.46935}",SSEN-2818001160,SSEN-281800116002
281800116004,SSEN,18.0,7201.0,2024-12-19 10:00:00+00:00,"{'x': -0.373581, 'y': 51.46935}",SSEN-2818001160,SSEN-281800116004
281800116005,SSEN,43.0,14652.0,2024-12-19 10:00:00+00:00,"{'x': -0.373581, 'y': 51.46935}",SSEN-2818001160,SSEN-281800116005
281800116001,SSEN,45.0,15668.0,2024-12-19 10:30:00+00:00,"{'x': -0.373581, 'y': 51.46935}",SSEN-2818001160,SSEN-281800116001
281800116002,SSEN,19.0,6721.0,2024-12-19 10:30:00+00:00,"{'x': -0.373581, 'y': 51.46935}",SSEN-2818001160,SSEN-281800116002
281800116004,SSEN,18.0,4892.0,2024-12-19 10:30:00+00:00,"{'x': -0.373581, 'y': 51.46935}",SSEN-2818001160,SSEN-281800116004
281800116005,SSEN,43.0,12772.0,2024-12-19 10:30:00+00:00,"{'x': -0.373581, 'y': 51.46935}",SSEN-2818001160,SSEN-281800116005
281800116001,SSEN,45.0,12583.0,2024-12-19 11:00:00+00:00,"{'x': -0.373581, 'y': 51.46935}",SSEN-2818001160,SSEN-281800116001
281800116002,SSEN,19.0,4783.0,2024-12-19 11:00:00+00:00,"{'x': -0.373581, 'y': 51.46935}",SSEN-2818001160,SSEN-281800116002
281800116004,SSEN,18.0,4873.0,2024-12-19 11:00:00+00:00,"{'x': -0.373581, 'y': 51.46935}",SSEN-2818001160,SSEN-281800116004
281800116005,SSEN,43.0,11408.0,2024-12-19 11:00:00+00:00,"{'x': -0.373581, 'y': 51.46935}",SSEN-2818001160,SSEN-281800116005
281800116001,SSEN,45.0,14323.0,2024-12-19 11:30:00+00:00,"{'x': -0.373581, 'y': 51.46935}",SSEN-2818001160,SSEN-281800116001
281800116002,SSEN,19.0,5788.0,2024-12-19 11:30:00+00:00,"{'x': -0.373581, 'y': 51.46935}",SSEN-2818001160,SSEN-281800116002
281800116004,SSEN,18.0,4974.0,2024-12-19 11:30:00+00:00,"{'x': -0.373581, 'y': 51.46935}",SSEN-2818001160,SSEN-281800116004
281800116005,SSEN,43.0,12069.0,2024-12-19 11:30:00+00:00,"{'x': -0.373581, 'y': 51.46935}",SSEN-2818001160,SSEN-281800116005
281800116001,SSEN,45.0,11279.0,2024-12-19 12:00:00+00:00,"{'x': -0.373581, 'y': 51.46935}",SSEN-2818001160,SSEN-281800116001
281800116002,SSEN,19.0,4977.0,2024-12-19 12:00:00+00:00,"{'x': -0.373581, 'y': 51.46935}",SSEN-2818001160,SSEN-281800116002
281800116004,SSEN,18.0,5124.0,2024-12-19 12:00:00+00:00,"{'x': -0.373581, 'y': 51.46935}",SSEN-2818001160,SSEN-281800116004
281800116005,SSEN,43.0,10274.0,2024-12-19 12:00:00+00:00,"{'x': -0.373581, 'y': 51.46935}",SSEN-2818001160,SSEN-281800116005
281800116001,SSEN,45.0,11068.0,2024-12-19 12:30:00+00:00,"{'x': -0.373581, 'y': 51.46935}",SSEN-2818001160,SSEN-281800116001
281800116002,SSEN,19.0,5836.0,2024-12-19 12:30:00+00:00,"{'x': -0.373581, 'y': 51.46935}",SSEN-2818001160,SSEN-281800116002
281800116004,SSEN,18.0,5691.0,2024-12-19 12:30:00+00:00,"{'x': -0.373581, 'y': 51.46935}",SSEN-2818001160,SSEN-281800116004
281800116005,SSEN,43.0,10554.0,2024-12-19 12:30:00+00:00,"{'x': -0.373581, 'y': 51.46935}",SSEN-2818001160,SSEN-281800116005
281800116001,SSEN,45.0,11158.0,2024-12-19 13:00:00+00:00,"{'x': -0.373581, 'y': 51.46935}",SSEN-2818001160,SSEN-281800116001
281800116002,SSEN,19.0,6021.0,2024-12-19 13:00:00+00:00,"{'x': -0.373581, 'y': 51.46935}",SSEN-2818001160,SSEN-281800116002
281800116004,SSEN,18.0,6366.0,2024-12-19 13:00:00+00:00,"{'x': -0.373581, 'y': 51.46935}",SSEN-2818001160,SSEN-281800116004
281800116005,SSEN,43.0,12406.0,2024-12-19 13:00:00+00:00,"{'x': -0.373581, 'y': 51.46935}",SSEN-2818001160,SSEN-281800116005
281800116001,SSEN,45.0,11540.0,2024-12-19 13:30:00+00:00,"{'x': -0.373581, 'y': 51.46935}",SSEN-2818001160,SSEN-281800116001
281800116002,SSEN,19.0,6000.0,2024-12-19 13:30:00+00:00,"{'x': -0.373581, 'y': 51.46935}",SSEN-2818001160,SSEN-281800116002
281800116004,SSEN,18.0,7026.0,2024-12-19 13:30:00+00:00,"{'x': -0.373581, 'y': 51.46935}",SSEN-2818001160,SSEN-281800116004
281800116005,SSEN,43.0,12237.0,2024-12-19 13:30:00+00:00,"{'x': -0.373581, 'y': 51.46935}",SSEN-2818001160,SSEN-281800116005
281800116001,SSEN,45.0,11219.0,2024-12-19 14:00:00+00:00,"{'x': -0.373581, 'y': 51.46935}",SSEN-2818001160,SSEN-281800116001
281800116002,SSEN,19.0,5346.0,2024-12-19 14:00:00+00:00,"{'x': -0.373581, 'y': 51.46935}",SSEN-2818001160,SSEN-281800116002
281800116004,SSEN,18.0,7208.0,2024-12-19 14:00:00+00:00,"{'x': -0.373581, 'y': 51.46935}",SSEN-2818001160,SSEN-281800116004
281800116005,SSEN,43.0,14214.0,2024-12-19 14:00:00+00:00,"{'x': -0.373581, 'y': 51.46935}",SSEN-2818001160,SSEN-281800116005
281800116001,SSEN,45.0,10747.0,2024-12-19 14:30:00+00:00,"{'x': -0.373581, 'y': 51.46935}",SSEN-2818001160,SSEN-281800116001
281800116002,SSEN,19.0,5088.0,2024-12-19 14:30:00+00:00,"{'x': -0.373581, 'y': 51.46935}",SSEN-2818001160,SSEN-281800116002
281800116004,SSEN,18.0,6912.0,2024-12-19 14:30:00+00:00,"{'x': -0.373581, 'y': 51.46935}",SSEN-2818001160,SSEN-281800116004
281800116005,SSEN,43.0,13939.0,2024-12-19 14:30:00+00:00,"{'x': -0.373581, 'y': 51.46935}",SSEN-2818001160,SSEN-281800116005
281800116001,SSEN,45.0,11611.0,2024-12-19 15:00:00+00:00,"{'x': -0.373581, 'y': 51.46935}",SSEN-2818001160,SSEN-281800116001
281800116002,SSEN,19.0,5909.0,2024-12-19 15:00:00+00:00,"{'x': -0.373581, 'y': 51.46935}",SSEN-2818001160,SSEN-281800116002
281800116004,SSEN,18.0,7572.0,2024-12-19 15:00:00+00:00,"{'x': -0.373581, 'y': 51.46935}",SSEN-2818001160,SSEN-281800116004
281800116005,SSEN,43.0,12160.0,2024-12-19 15:00:00+00:00,"{'x': -0.373581, 'y': 51.46935}",SSEN-2818001160,SSEN-281800116005
281800116001,SSEN,45.0,10550.0,2024-12-19 15:30:00+00:00,"{'x': -0.373581, 'y': 51.46935}",SSEN-2818001160,SSEN-281800116001
281800116002,SSEN,19.0,7604.0,2024-12-19 15:30:00+00:00,"{'x': -0.373581, 'y': 51.46935}",SSEN-2818001160,SSEN-281800116002
281800116004,SSEN,18.0,7334.0,2024-12-19 15:30:00+00:00,"{'x': -0.373581, 'y': 51.46935}",SSEN-2818001160,SSEN-281800116004
281800116005,SSEN,43.0,15031.0,2024-12-19 15:30:00+00:00,"{'x': -0.373581, 'y': 51.46935}",SSEN-2818001160,SSEN-281800116005
281800116001,SSEN,45.0,12205.0,2024-12-19 16:00:00+00:00,"{'x': -0.373581, 'y': 51.46935}",SSEN-2818001160,SSEN-281800116001
281800116002,SSEN,19.0,7132.0,2024-12-19 16:00:00+00:00,"{'x': -0.373581, 'y': 51.46935}",SSEN-2818001160,SSEN-281800116002
281800116004,SSEN,18.0,8376.0,2024-12-19 16:00:00+00:00,"{'x': -0.373581, 'y': 51.46935}",SSEN-2818001160,SSEN-281800116004
281800116005,SSEN,43.0,14547.0,2024-12-19 16:00:00+00:00,"{'x': -0.373581, 'y': 51.46935}",SSEN-2818001160,SSEN-281800116005
281800116001,SSEN,45.0,14917.0,2024-12-19 16:30:00+00:00,"{'x': -0.373581, 'y': 51.46935}",SSEN-2818001160,SSEN-281800116001
281800116002,SSEN,19.0,5714.0,2024-12-19 16:30:00+00:00,"{'x': -0.373581, 'y': 51.46935}",SSEN-2818001160,SSEN-281800116002
281800116004,SSEN,18.0,10253.0,2024-12-19 16:30:00+00:00,"{'x': -0.373581, 'y': 51.46935}",SSEN-2818001160,SSEN-281800116004
281800116005,SSEN,43.0,16161.0,2024-12-19 16:30:00+00:00,"{'x': -0.373581, 'y': 51.46935}",SSEN-2818001160,SSEN-281800116005
281800116001,SSEN,45.0,15614.0,2024-12-19 17:00:00+00:00,"{'x': -0.373581, 'y': 51.46935}",SSEN-2818001160,SSEN-281800116001
281800116002,SSEN,19.0,10371.0,2024-12-19 17:00:00+00:00,"{'x': -0.373581, 'y': 51.46935}",SSEN-2818001160,SSEN-281800116002
281800116004,SSEN,18.0,8345.0,2024-12-19 17:00:00+00:00,"{'x': -0.373581, 'y': 51.46935}",SSEN-2818001160,SSEN-281800116004
281800116005,SSEN,43.0,13275.0,2024-12-19 17:00:00+00:00,"{'x': -0.373581, 'y': 51.46935}",SSEN-2818001160,SSEN-281800116005
281800116001,SSEN,45.0,16720.0,2024-12-19 17:30:00+00:00,"{'x': -0.373581, 'y': 51.46935}",SSEN-2818001160,SSEN-281800116001
281800116002,SSEN,19.0,8422.0,2024-12-19 17:30:00+00:00,"{'x': -0.373581, 'y': 51.46935}",SSEN-2818001160,SSEN-281800116002
281800116004,SSEN,18.0,7502.0,2024-12-19 17:30:00+00:00,"{'x': -0.373581, 'y': 51.46935}",SSEN-2818001160,SSEN-281800116004
281800116005,SSEN,43.0,15662.0,2024-12-19 17:30:00+00:00,"{'x': -0.373581, 'y': 51.46935}",SSEN-2818001160,SSEN-281800116005
281800116001,SSEN,45.0,18310.0,2024-12-19 18:00:00+00:00,"{'x': -0.373581, 'y': 51.46935}",SSEN-2818001160,SSEN-281800116001
281800116002,SSEN,19.0,7668.0,2024-12-19 18:00:00+00:00,"{'x': -0.373581, 'y': 51.46935}",SSEN-2818001160,SSEN-281800116002
281800116004,SSEN,18.0,7180.0,2024-12-19 18:00:00+00:00,"{'x': -0.373581, 'y': 51.46935}",SSEN-2818001160,SSEN-281800116004
281800116005,SSEN,43.0,17342.0,2024-12-19 18:00:00+00:00,"{'x': -0.373581, 'y': 51.46935}",SSEN-2818001160,SSEN-281800116005
281800116001,SSEN,45.0,19802.0,2024-12-19 18:30:00+00:00,"{'x': -0.373581, 'y': 51.46935}",SSEN-2818001160,SSEN-281800116001
281800116002,SSEN,19.0,8820.0,2024-12-19 18:30:00+00:00,"{'x': -0.373581, 'y': 51.46935}",SSEN-2818001160,SSEN-281800116002
281800116004,SSEN,18.0,5890.0,2024-12-19 18:30:00+00:00,"{'x': -0.373581, 'y': 51.46935}",SSEN-2818001160,SSEN-281800116004
281800116005,SSEN,43.0,17234.0,2024-12-19 18:30:00+00:00,"{'x': -0.373581, 'y': 51.46935}",SSEN-2818001160,SSEN-281800116005
281800116001,SSEN,45.0,18500.0,2024-12-19 19:00:00+00:00,"{'x': -0.373581, 'y': 51.46935}",SSEN-2818001160,SSEN-281800116001
281800116002,SSEN,19.0,8562.0,2024-12-19 19:00:00+00:00,"{'x': -0.373581, 'y': 51.46935}",SSEN-2818001160,SSEN-281800116002
281800116004,SSEN,18.0,4985.0,2024-12-19 19:00:00+00:00,"{'x': -0.373581, 'y': 51.46935}",SSEN-2818001160,SSEN-281800116004
281800116005,SSEN,43.0,14756.0,2024-12-19 19:00:00+00:00,"{'x': -0.373581, 'y': 51.46935}",SSEN-2818001160,SSEN-281800116005
281800116001,SSEN,45.0,17523.0,2024-12-19 19:30:00+00:00,"{'x': -0.373581, 'y': 51.46935}",SSEN-2818001160,SSEN-281800116001
281800116002,SSEN,19.0,8463.0,2024-12-19 19:30:00+00:00,"{'x': -0.373581, 'y': 51.46935}",SSEN-2818001160,SSEN-281800116002
281800116004,SSEN,18.0,5855.0,2024-12-19 19:30:00+00:00,"{'x': -0.373581, 'y': 51.46935}",SSEN-2818001160,SSEN-281800116004
281800116005,SSEN,43.0,19027.0,2024-12-19 19:30:00+00:00,"{'x': -0.373581, 'y': 51.46935}",SSEN-2818001160,SSEN-281800116005
281800116001,SSEN,45.0,16787.0,2024-12-19 20:00:00+00:00,"{'x': -0.373581, 'y': 51.46935}",SSEN-2818001160,SSEN-281800116001
281800116002,SSEN,19.0,8559.0,2024-12-19 20:00:00+00:00,"{'x': -0.373581, 'y': 51.46935}",SSEN-2818001160,SSEN-281800116002
281800116004,SSEN,18.0,4762.0,2024-12-19 20:00:00+00:00,"{'x': -0.373581, 'y': 51.46935}",SSEN-2818001160,SSEN-281800116004
281800116005,SSEN,43.0,19879.0,2024-12-19 20:00:00+00:00,"{'x': -0.373581, 'y': 51.46935}",SSEN-2818001160,SSEN-281800116005
281800116001,SSEN,45.0,18891.0,2024-12-19 20:30:00+00:00,"{'x': -0.373581, 'y': 51.46935}",SSEN-2818001160,SSEN-281800116001
281800116002,SSEN,19.0,10515.0,2024-12-19 20:30:00+00:00,"{'x': -0.373581, 'y': 51.46935}",SSEN-2818001160,SSEN-281800116002
281800116004,SSEN,18.0,4171.0,2024-12-19 20:30:00+00:00,"{'x': -0.373581, 'y': 51.46935}",SSEN-2818001160,SSEN-281800116004
281800116005,SSEN,43.0,19170.0,2024-12-19 20:30:00+00:00,"{'x': -0.373581, 'y': 51.46935}",SSEN-2818001160,SSEN-281800116005
281800116001,SSEN,45.0,14422.0,2024-12-19 21:00:00+00:00,"{'x': -0.373581, 'y': 51.46935}",SSEN-2818001160,SSEN-281800116001
281800116002,SSEN,19.0,10270.0,2024-12-19 21:00:00+00:00,"{'x': -0.373581, 'y': 51.46935}",SSEN-2818001160,SSEN-281800116002
281800116004,SSEN,18.0,5474.0,2024-12-19 21:00:00+00:00,"{'x': -0.373581, 'y': 51.46935}",SSEN-2818001160,SSEN-281800116004
281800116005,SSEN,43.0,20937.0,2024-12-19 21:00:00+00:00,"{'x': -0.373581, 'y': 51.46935}",SSEN-2818001160,SSEN-281800116005
281800116001,SSEN,45.0,13630.0,2024-12-19 21:30:00+00:00,"{'x': -0.373581, 'y': 51.46935}",SSEN-2818001160,SSEN-281800116001
281800116002,SSEN,19.0,10818.0,2024-12-19 21:30:00+00:00,"{'x': -0.373581, 'y': 51.46935}",SSEN-2818001160,SSEN-281800116002
281800116004,SSEN,18.0,5413.0,2024-12-19 21:30:00+00:00,"{'x': -0.373581, 'y': 51.46935}",SSEN-2818001160,SSEN-281800116004
281800116005,SSEN,43.0,21006.0,2024-12-19 21:30:00+00:00,"{'x': -0.373581, 'y': 51.46935}",SSEN-2818001160,SSEN-281800116005
281800116001,SSEN,45.0,14223.0,2024-12-19 22:00:00+00:00,"{'x': -0.373581, 'y': 51.46935}",SSEN-2818001160,SSEN-281800116001
281800116002,SSEN,19.0,10588.0,2024-12-19 22:00:00+00:00,"{'x': -0.373581, 'y': 51.46935}",SSEN-2818001160,SSEN-281800116002
281800116004,SSEN,18.0,4413.0,2024-12-19 22:00:00+00:00,"{'x': -0.373581, 'y': 51.46935}",SSEN-2818001160,SSEN-281800116004
281800116005,SSEN,43.0,17103.0,2024-12-19 22:00:00+00:00,"{'x': -0.373581, 'y': 51.46935}",SSEN-2818001160,SSEN-281800116005
281800116001,SSEN,45.0,13779.0,2024-12-19 22:30:00+00:00,"{'x': -0.373581, 'y': 51.46935}",SSEN-2818001160,SSEN-281800116001
281800116002,SSEN,19.0,9054.0,2024-12-19 22:30:00+00:00,"{'x': -0.373581, 'y': 51.46935}",SSEN-2818001160,SSEN-281800116002
281800116004,SSEN,18.0,4337.0,2024-12-19 22:30:00+00:00,"{'x': -0.373581, 'y': 51.46935}",SSEN-2818001160,SSEN-281800116004
281800116005,SSEN,43.0,17110.0,2024-12-19 22:30:00+00:00,"{'x': -0.373581, 'y': 51.46935}",SSEN-2818001160,SSEN-281800116005
281800116001,SSEN,45.0,11463.0,2024-12-19 23:00:00+00:00,"{'x': -0.373581, 'y': 51.46935}",SSEN-2818001160,SSEN-281800116001
281800116002,SSEN,19.0,9436.0,2024-12-19 23:00:00+00:00,"{'x': -0.373581, 'y': 51.46935}",SSEN-2818001160,SSEN-281800116002
281800116004,SSEN,18.0,4872.0,2024-12-19 23:00:00+00:00,"{'x': -0.373581, 'y': 51.46935}",SSEN-2818001160,SSEN-281800116004
281800116005,SSEN,43.0,16305.0,2024-12-19 23:00:00+00:00,"{'x': -0.373581, 'y': 51.46935}",SSEN-2818001160,SSEN-281800116005
281800116001,SSEN,45.0,12784.0,2024-12-19 23:30:00+00:00,"{'x': -0.373581, 'y': 51.46935}",SSEN-2818001160,SSEN-281800116001
281800116002,SSEN,19.0,13397.0,2024-12-19 23:30:00+00:00,"{'x': -0.373581, 'y': 51.46935}",SSEN-2818001160,SSEN-281800116002
281800116004,SSEN,18.0,4129.0,2024-12-19 23:30:00+00:00,"{'x': -0.373581, 'y': 51.46935}",SSEN-2818001160,SSEN-281800116004
281800116005,SSEN,43.0,15639.0,2024-12-19 23:30:00+00:00,"{'x': -0.373581, 'y': 51.46935}",SSEN-2818001160,SSEN-281800116005
281800116001,SSEN,45.0,11245.0,2024-12-20 00:00:00+00:00,"{'x': -0.373581, 'y': 51.46935}",SSEN-2818001160,SSEN-281800116001
281800116002,SSEN,19.0,11037.0,2024-12-20 00:00:00+00:00,"{'x': -0.373581, 'y': 51.46935}",SSEN-2818001160,SSEN-281800116002
281800116004,SSEN,18.0,3790.0,2024-12-20 00:00:00+00:00,"{'x': -0.373581, 'y': 51.46935}",SSEN-2818001160,SSEN-281800116004
281800116005,SSEN,43.0,15025.0,2024-12-20 00:00:00+00:00,"{'x': -0.373581, 'y': 51.46935}",SSEN-2818001160,SSEN-281800116005
281800116001,SSEN,47.0,12543.0,2024-12-20 00:30:00+00:00,"{'x': -0.373581, 'y': 51.46935}",SSEN-2818001160,SSEN-281800116001
281800116002,SSEN,19.0,9328.0,2024-12-20 00:30:00+00:00,"{'x': -0.373581, 'y': 51.46935}",SSEN-2818001160,SSEN-281800116002
281800116004,SSEN,18.0,3571.0,2024-12-20 00:30:00+00:00,"{'x': -0.373581, 'y': 51.46935}",SSEN-2818001160,SSEN-281800116004
281800116005,SSEN,43.0,15816.0,2024-12-20 00:30:00+00:00,"{'x': -0.373581, 'y': 51.46935}",SSEN-2818001160,SSEN-281800116005
281800116001,SSEN,47.0,10834.0,2024-12-20 01:00:00+00:00,"{'x': -0.373581, 'y': 51.46935}",SSEN-2818001160,SSEN-281800116001
281800116002,SSEN,19.0,8822.0,2024-12-20 01:00:00+00:00,"{'x': -0.373581, 'y': 51.46935}",SSEN-2818001160,SSEN-281800116002
281800116004,SSEN,18.0,3937.0,2024-12-20 01:00:00+00:00,"{'x': -0.373581, 'y': 51.46935}",SSEN-2818001160,SSEN-281800116004
281800116005,SSEN,43.0,13375.0,2024-12-20 01:00:00+00:00,"{'x': -0.373581, 'y': 51.46935}",SSEN-2818001160,SSEN-281800116005
281800116001,SSEN,47.0,10006.0,2024-12-20 01:30:00+00:00,"{'x': -0.373581, 'y': 51.46935}",SSEN-2818001160,SSEN-281800116001
281800116002,SSEN,19.0,7100.0,2024-12-20 01:30:00+00:00,"{'x': -0.373581, 'y': 51.46935}",SSEN-2818001160,SSEN-281800116002
281800116004,SSEN,18.0,5467.0,2024-12-20 01:30:00+00:00,"{'x': -0.373581, 'y': 51.46935}",SSEN-2818001160,SSEN-281800116004
281800116005,SSEN,43.0,10970.0,2024-12-20 01:30:00+00:00,"{'x': -0.373581, 'y': 51.46935}",SSEN-2818001160,SSEN-281800116005
281800116001,SSEN,47.0,8608.0,2024-12-20 02:00:00+00:00,"{'x': -0.373581, 'y': 51.46935}",SSEN-2818001160,SSEN-281800116001
281800116002,SSEN,19.0,6896.0,2024-12-20 02:00:00+00:00,"{'x': -0.373581, 'y': 51.46935}",SSEN-2818001160,SSEN-281800116002
281800116004,SSEN,18.0,3443.0,2024-12-20 02:00:00+00:00,"{'x': -0.373581, 'y': 51.46935}",SSEN-2818001160,SSEN-281800116004
281800116005,SSEN,43.0,13190.0,2024-12-20 02:00:00+00:00,"{'x': -0.373581, 'y': 51.46935}",SSEN-2818001160,SSEN-281800116005
281800116001,SSEN,47.0,8260.0,2024-12-20 02:30:00+00:00,"{'x': -0.373581, 'y': 51.46935}",SSEN-2818001160,SSEN-281800116001
281800116002,SSEN,19.0,6271.0,2024-12-20 02:30:00+00:00,"{'x': -0.373581, 'y': 51.46935}",SSEN-2818001160,SSEN-281800116002
281800116004,SSEN,18.0,3235.0,2024-12-20 02:30:00+00:00,"{'x': -0.373581, 'y': 51.46935}",SSEN-2818001160,SSEN-281800116004
281800116005,SSEN,43.0,14633.0,2024-12-20 02:30:00+00:00,"{'x': -0.373581, 'y': 51.46935}",SSEN-2818001160,SSEN-281800116005
281800116001,SSEN,47.0,8816.0,2024-12-20 03:00:00+00:00,"{'x': -0.373581, 'y': 51.46935}",SSEN-2818001160,SSEN-281800116001
281800116002,SSEN,19.0,5777.0,2024-12-20 03:00:00+00:00,"{'x': -0.373581, 'y': 51.46935}",SSEN-2818001160,SSEN-281800116002
281800116004,SSEN,18.0,3604.0,2024-12-20 03:00:00+00:00,"{'x': -0.373581, 'y': 51.46935}",SSEN-2818001160,SSEN-281800116004
281800116005,SSEN,43.0,8878.0,2024-12-20 03:00:00+00:00,"{'x': -0.373581, 'y': 51.46935}",SSEN-2818001160,SSEN-281800116005
281800116001,SSEN,47.0,9309.0,2024-12-20 03:30:00+00:00,"{'x': -0.373581, 'y': 51.46935}",SSEN-2818001160,SSEN-281800116001
281800116002,SSEN,19.0,3324.0,2024-12-20 03:30:00+00:00,"{'x': -0.373581, 'y': 51.46935}",SSEN-2818001160,SSEN-281800116002
281800116004,SSEN,18.0,3366.0,2024-12-20 03:30:00+00:00,"{'x': -0.373581, 'y': 51.46935}",SSEN-2818001160,SSEN-281800116004
281800116005,SSEN,43.0,9635.0,2024-12-20 03:30:00+00:00,"{'x': -0.373581, 'y': 51.46935}",SSEN-2818001160,SSEN-281800116005
281800116001,SSEN,47.0,9564.0,2024-12-20 04:00:00+00:00,"{'x': -0.373581, 'y': 51.46935}",SSEN-2818001160,SSEN-281800116001
281800116002,SSEN,19.0,3030.0,2024-12-20 04:00:00+00:00,"{'x': -0.373581, 'y': 51.46935}",SSEN-2818001160,SSEN-281800116002
281800116004,SSEN,18.0,3401.0,2024-12-20 04:00:00+00:00,"{'x': -0.373581, 'y': 51.46935}",SSEN-2818001160,SSEN-281800116004
281800116005,SSEN,43.0,9628.0,2024-12-20 04:00:00+00:00,"{'x': -0.373581, 'y': 51.46935}",SSEN-2818001160,SSEN-281800116005
281800116001,SSEN,47.0,10154.0,2024-12-20 04:30:00+00:00,"{'x': -0.373581, 'y': 51.46935}",SSEN-2818001160,SSEN-281800116001
281800116002,SSEN,19.0,2594.0,2024-12-20 04:30:00+00:00,"{'x': -0.373581, 'y': 51.46935}",SSEN-2818001160,SSEN-281800116002
281800116004,SSEN,18.0,3099.0,2024-12-20 04:30:00+00:00,"{'x': -0.373581, 'y': 51.46935}",SSEN-2818001160,SSEN-281800116004
281800116005,SSEN,43.0,11811.0,2024-12-20 04:30:00+00:00,"{'x': -0.373581, 'y': 51.46935}",SSEN-2818001160,SSEN-281800116005
281800116001,SSEN,47.0,9446.0,2024-12-20 05:00:00+00:00,"{'x': -0.373581, 'y': 51.46935}",SSEN-2818001160,SSEN-281800116001
281800116002,SSEN,19.0,2132.0,2024-12-20 05:00:00+00:00,"{'x': -0.373581, 'y': 51.46935}",SSEN-2818001160,SSEN-281800116002
281800116004,SSEN,18.0,3276.0,2024-12-20 05:00:00+00:00,"{'x': -0.373581, 'y': 51.46935}",SSEN-2818001160,SSEN-281800116004
281800116005,SSEN,43.0,8414.0,2024-12-20 05:00:00+00:00,"{'x': -0.373581, 'y': 51.46935}",SSEN-2818001160,SSEN-281800116005
281800116001,SSEN,47.0,8905.0,2024-12-20 05:30:00+00:00,"{'x': -0.373581, 'y': 51.46935}",SSEN-2818001160,SSEN-281800116001
281800116002,SSEN,19.0,2781.0,2024-12-20 05:30:00+00:00,"{'x': -0.373581, 'y': 51.46935}",SSEN-2818001160,SSEN-281800116002
281800116004,SSEN,18.0,3678.0,2024-12-20 05:30:00+00:00,"{'x': -0.373581, 'y': 51.46935}",SSEN-2818001160,SSEN-281800116004
281800116005,SSEN,43.0,10532.0,2024-12-20 05:30:00+00:00,"{'x': -0.373581, 'y': 51.46935}",SSEN-2818001160,SSEN-281800116005
281800116001,SSEN,47.0,9401.0,2024-12-20 06:00:00+00:00,"{'x': -0.373581, 'y': 51.46935}",SSEN-2818001160,SSEN-281800116001
281800116002,SSEN,19.0,3440.0,2024-12-20 06:00:00+00:00,"{'x': -0.373581, 'y': 51.46935}",SSEN-2818001160,SSEN-281800116002
281800116004,SSEN,18.0,4544.0,2024-12-20 06:00:00+00:00,"{'x': -0.373581, 'y': 51.46935}",SSEN-2818001160,SSEN-281800116004
281800116005,SSEN,43.0,9253.0,2024-12-20 06:00:00+00:00,"{'x': -0.373581, 'y': 51.46935}",SSEN-2818001160,SSEN-281800116005
281800116001,SSEN,47.0,10245.0,2024-12-20 06:30:00+00:00,"{'x': -0.373581, 'y': 51.46935}",SSEN-2818001160,SSEN-281800116001
281800116002,SSEN,19.0,4127.0,2024-12-20 06:30:00+00:00,"{'x': -0.373581, 'y': 51.46935}",SSEN-2818001160,SSEN-281800116002
281800116004,SSEN,18.0,5094.0,2024-12-20 06:30:00+00:00,"{'x': -0.373581, 'y': 51.46935}",SSEN-2818001160,SSEN-281800116004
281800116005,SSEN,43.0,8136.0,2024-12-20 06:30:00+00:00,"{'x': -0.373581, 'y': 51.46935}",SSEN-2818001160,SSEN-281800116005
281800116001,SSEN,47.0,12636.0,2024-12-20 07:00:00+00:00,"{'x': -0.373581, 'y': 51.46935}",SSEN-2818001160,SSEN-281800116001
281800116002,SSEN,19.0,7211.0,2024-12-20 07:00:00+00:00,"{'x': -0.373581, 'y': 51.46935}",SSEN-2818001160,SSEN-281800116002
281800116004,SSEN,18.0,4376.0,2024-12-20 07:00:00+00:00,"{'x': -0.373581, 'y': 51.46935}",SSEN-2818001160,SSEN-281800116004
281800116005,SSEN,43.0,13007.0,2024-12-20 07:00:00+00:00,"{'x': -0.373581, 'y': 51.46935}",SSEN-2818001160,SSEN-281800116005
281800116001,SSEN,47.0,11727.0,2024-12-20 07:30:00+00:00,"{'x': -0.373581, 'y': 51.46935}",SSEN-2818001160,SSEN-281800116001
281800116002,SSEN,19.0,4034.0,2024-12-20 07:30:00+00:00,"{'x': -0.373581, 'y': 51.46935}",SSEN-2818001160,SSEN-281800116002
281800116004,SSEN,18.0,4497.0,2024-12-20 07:30:00+00:00,"{'x': -0.373581, 'y': 51.46935}",SSEN-2818001160,SSEN-281800116004
281800116005,SSEN,43.0,15551.0,2024-12-20 07:30:00+00:00,"{'x': -0.373581, 'y': 51.46935}",SSEN-2818001160,SSEN-281800116005
281800116001,SSEN,47.0,10538.0,2024-12-20 08:00:00+00:00,"{'x': -0.373581, 'y': 51.46935}",SSEN-2818001160,SSEN-281800116001
281800116002,SSEN,19.0,3672.0,2024-12-20 08:00:00+00:00,"{'x': -0.373581, 'y': 51.46935}",SSEN-2818001160,SSEN-281800116002
281800116004,SSEN,18.0,4693.0,2024-12-20 08:00:00+00:00,"{'x': -0.373581, 'y': 51.46935}",SSEN-2818001160,SSEN-281800116004
281800116005,SSEN,43.0,12144.0,2024-12-20 08:00:00+00:00,"{'x': -0.373581, 'y': 51.46935}",SSEN-2818001160,SSEN-281800116005
281800116001,SSEN,47.0,14954.0,2024-12-20 08:30:00+00:00,"{'x': -0.373581, 'y': 51.46935}",SSEN-2818001160,SSEN-281800116001
281800116002,SSEN,19.0,4881.0,2024-12-20 08:30:00+00:00,"{'x': -0.373581, 'y': 51.46935}",SSEN-2818001160,SSEN-281800116002
281800116004,SSEN,18.0,5067.0,2024-12-20 08:30:00+00:00,"{'x': -0.373581, 'y': 51.46935}",SSEN-2818001160,SSEN-281800116004
281800116005,SSEN,43.0,10966.0,2024-12-20 08:30:00+00:00,"{'x': -0.373581, 'y': 51.46935}",SSEN-2818001160,SSEN-281800116005
281800116001,SSEN,47.0,15448.0,2024-12-20 09:00:00+00:00,"{'x': -0.373581, 'y': 51.46935}",SSEN-2818001160,SSEN-281800116001
281800116002,SSEN,19.0,6181.0,2024-12-20 09:00:00+00:00,"{'x': -0.373581, 'y': 51.46935}",SSEN-2818001160,SSEN-281800116002
281800116004,SSEN,18.0,5205.0,2024-12-20 09:00:00+00:00,"{'x': -0.373581, 'y': 51.46935}",SSEN-2818001160,SSEN-281800116004
281800116005,SSEN,43.0,10278.0,2024-12-20 09:00:00+00:00,"{'x': -0.373581, 'y': 51.46935}",SSEN-2818001160,SSEN-281800116005
281800116001,SSEN,47.0,16889.0,2024-12-20 09:30:00+00:00,"{'x': -0.373581, 'y': 51.46935}",SSEN-2818001160,SSEN-281800116001
281800116002,SSEN,19.0,5832.0,2024-12-20 09:30:00+00:00,"{'x': -0.373581, 'y': 51.46935}",SSEN-2818001160,SSEN-281800116002
281800116004,SSEN,18.0,6042.0,2024-12-20 09:30:00+00:00,"{'x': -0.373581, 'y': 51.46935}",SSEN-2818001160,SSEN-281800116004
281800116005,SSEN,43.0,13152.0,2024-12-20 09:30:00+00:00,"{'x': -0.373581, 'y': 51.46935}",SSEN-2818001160,SSEN-281800116005
281800116001,SSEN,47.0,16011.0,2024-12-20 10:00:00+00:00,"{'x': -0.373581, 'y': 51.46935}",SSEN-2818001160,SSEN-281800116001
281800116002,SSEN,19.0,6175.0,2024-12-20 10:00:00+00:00,"{'x': -0.373581, 'y': 51.46935}",SSEN-2818001160,SSEN-281800116002
281800116004,SSEN,18.0,6522.0,2024-12-20 10:00:00+00:00,"{'x': -0.373581, 'y': 51.46935}",SSEN-2818001160,SSEN-281800116004
281800116005,SSEN,43.0,12041.0,2024-12-20 10:00:00+00:00,"{'x': -0.373581, 'y': 51.46935}",SSEN-2818001160,SSEN-281800116005
281800116001,SSEN,47.0,16579.0,2024-12-20 10:30:00+00:00,"{'x': -0.373581, 'y': 51.46935}",SSEN-2818001160,SSEN-281800116001
281800116002,SSEN,19.0,4166.0,2024-12-20 10:30:00+00:00,"{'x': -0.373581, 'y': 51.46935}",SSEN-2818001160,SSEN-281800116002
281800116004,SSEN,18.0,5708.0,2024-12-20 10:30:00+00:00,"{'x': -0.373581, 'y': 51.46935}",SSEN-2818001160,SSEN-281800116004
281800116005,SSEN,43.0,10950.0,2024-12-20 10:30:00+00:00,"{'x': -0.373581, 'y': 51.46935}",SSEN-2818001160,SSEN-281800116005
281800116001,SSEN,47.0,17590.0,2024-12-20 11:00:00+00:00,"{'x': -0.373581, 'y': 51.46935}",SSEN-2818001160,SSEN-281800116001
281800116002,SSEN,19.0,4755.0,2024-12-20 11:00:00+00:00,"{'x': -0.373581, 'y': 51.46935}",SSEN-2818001160,SSEN-281800116002
281800116004,SSEN,18.0,6264.0,2024-12-20 11:00:00+00:00,"{'x': -0.373581, 'y': 51.46935}",SSEN-2818001160,SSEN-281800116004
281800116005,SSEN,43.0,13095.0,2024-12-20 11:00:00+00:00,"{'x': -0.373581, 'y': 51.46935}",SSEN-2818001160,SSEN-281800116005
281800116001,SSEN,47.0,16879.0,2024-12-20 11:30:00+00:00,"{'x': -0.373581, 'y': 51.46935}",SSEN-2818001160,SSEN-281800116001
281800116002,SSEN,19.0,5863.0,2024-12-20 11:30:00+00:00,"{'x': -0.373581, 'y': 51.46935}",SSEN-2818001160,SSEN-281800116002
281800116004,SSEN,18.0,6897.0,2024-12-20 11:30:00+00:00,"{'x': -0.373581, 'y': 51.46935}",SSEN-2818001160,SSEN-281800116004
281800116005,SSEN,43.0,10259.0,2024-12-20 11:30:00+00:00,"{'x': -0.373581, 'y': 51.46935}",SSEN-2818001160,SSEN-281800116005
281800116001,SSEN,47.0,14606.0,2024-12-20 12:00:00+00:00,"{'x': -0.373581, 'y': 51.46935}",SSEN-2818001160,SSEN-281800116001
281800116002,SSEN,19.0,5570.0,2024-12-20 12:00:00+00:00,"{'x': -0.373581, 'y': 51.46935}",SSEN-2818001160,SSEN-281800116002
281800116004,SSEN,18.0,5424.0,2024-12-20 12:00:00+00:00,"{'x': -0.373581, 'y': 51.46935}",SSEN-2818001160,SSEN-281800116004
281800116005,SSEN,43.0,11224.0,2024-12-20 12:00:00+00:00,"{'x': -0.373581, 'y': 51.46935}",SSEN-2818001160,SSEN-281800116005
281800116001,SSEN,47.0,14708.0,2024-12-20 12:30:00+00:00,"{'x': -0.373581, 'y': 51.46935}",SSEN-2818001160,SSEN-281800116001
281800116002,SSEN,19.0,6049.0,2024-12-20 12:30:00+00:00,"{'x': -0.373581, 'y': 51.46935}",SSEN-2818001160,SSEN-281800116002
281800116004,SSEN,18.0,6377.0,2024-12-20 12:30:00+00:00,"{'x': -0.373581, 'y': 51.46935}",SSEN-2818001160,SSEN-281800116004
281800116005,SSEN,43.0,10948.0,2024-12-20 12:30:00+00:00,"{'x': -0.373581, 'y': 51.46935}",SSEN-2818001160,SSEN-281800116005
281800116001,SSEN,47.0,14412.0,2024-12-20 13:00:00+00:00,"{'x': -0.373581, 'y': 51.46935}",SSEN-2818001160,SSEN-281800116001
281800116002,SSEN,19.0,4640.0,2024-12-20 13:00:00+00:00,"{'x': -0.373581, 'y': 51.46935}",SSEN-2818001160,SSEN-281800116002
281800116004,SSEN,18.0,6348.0,2024-12-20 13:00:00+00:00,"{'x': -0.373581, 'y': 51.46935}",SSEN-2818001160,SSEN-281800116004
281800116005,SSEN,43.0,13667.0,2024-12-20 13:00:00+00:00,"{'x': -0.373581, 'y': 51.46935}",SSEN-2818001160,SSEN-281800116005
281800116001,SSEN,47.0,15665.0,2024-12-20 13:30:00+00:00,"{'x': -0.373581, 'y': 51.46935}",SSEN-2818001160,SSEN-281800116001
281800116002,SSEN,19.0,5858.0,2024-12-20 13:30:00+00:00,"{'x': -0.373581, 'y': 51.46935}",SSEN-2818001160,SSEN-281800116002
281800116004,SSEN,18.0,7023.0,2024-12-20 13:30:00+00:00,"{'x': -0.373581, 'y': 51.46935}",SSEN-2818001160,SSEN-281800116004
281800116005,SSEN,43.0,14525.0,2024-12-20 13:30:00+00:00,"{'x': -0.373581, 'y': 51.46935}",SSEN-2818001160,SSEN-281800116005
281800116001,SSEN,47.0,14260.0,2024-12-20 14:00:00+00:00,"{'x': -0.373581, 'y': 51.46935}",SSEN-2818001160,SSEN-281800116001
281800116002,SSEN,19.0,4729.0,2024-12-20 14:00:00+00:00,"{'x': -0.373581, 'y': 51.46935}",SSEN-2818001160,SSEN-281800116002
281800116004,SSEN,18.0,5522.0,2024-12-20 14:00:00+00:00,"{'x': -0.373581, 'y': 51.46935}",SSEN-2818001160,SSEN-281800116004
281800116005,SSEN,43.0,12574.0,2024-12-20 14:00:00+00:00,"{'x': -0.373581, 'y': 51.46935}",SSEN-2818001160,SSEN-281800116005
281800116001,SSEN,47.0,12751.0,2024-12-20 14:30:00+00:00,"{'x': -0.373581, 'y': 51.46935}",SSEN-2818001160,SSEN-281800116001
281800116002,SSEN,19.0,4704.0,2024-12-20 14:30:00+00:00,"{'x': -0.373581, 'y': 51.46935}",SSEN-2818001160,SSEN-281800116002
281800116004,SSEN,18.0,5964.0,2024-12-20 14:30:00+00:00,"{'x': -0.373581, 'y': 51.46935}",SSEN-2818001160,SSEN-281800116004
281800116005,SSEN,43.0,14996.0,2024-12-20 14:30:00+00:00,"{'x': -0.373581, 'y': 51.46935}",SSEN-2818001160,SSEN-281800116005
281800116001,SSEN,47.0,15085.0,2024-12-20 15:00:00+00:00,"{'x': -0.373581, 'y': 51.46935}",SSEN-2818001160,SSEN-281800116001
281800116002,SSEN,19.0,4604.0,2024-12-20 15:00:00+00:00,"{'x': -0.373581, 'y': 51.46935}",SSEN-2818001160,SSEN-281800116002
281800116004,SSEN,18.0,5545.0,2024-12-20 15:00:00+00:00,"{'x': -0.373581, 'y': 51.46935}",SSEN-2818001160,SSEN-281800116004
281800116005,SSEN,43.0,14502.0,2024-12-20 15:00:00+00:00,"{'x': -0.373581, 'y': 51.46935}",SSEN-2818001160,SSEN-281800116005
281800116001,SSEN,47.0,15588.0,2024-12-20 15:30:00+00:00,"{'x': -0.373581, 'y': 51.46935}",SSEN-2818001160,SSEN-281800116001
281800116002,SSEN,19.0,5796.0,2024-12-20 15:30:00+00:00,"{'x': -0.373581, 'y': 51.46935}",SSEN-2818001160,SSEN-281800116002
281800116004,SSEN,18.0,6209.0,2024-12-20 15:30:00+00:00,"{'x': -0.373581, 'y': 51.46935}",SSEN-2818001160,SSEN-281800116004
281800116005,SSEN,43.0,14467.0,2024-12-20 15:30:00+00:00,"{'x': -0.373581, 'y': 51.46935}",SSEN-2818001160,SSEN-281800116005
281800116001,SSEN,47.0,14676.0,2024-12-20 16:00:00+00:00,"{'x': -0.373581, 'y': 51.46935}",SSEN-2818001160,SSEN-281800116001
281800116002,SSEN,19.0,7109.0,2024-12-20 16:00:00+00:00,"{'x': -0.373581, 'y': 51.46935}",SSEN-2818001160,SSEN-281800116002
281800116004,SSEN,18.0,7610.0,2024-12-20 16:00:00+00:00,"{'x': -0.373581, 'y': 51.46935}",SSEN-2818001160,SSEN-281800116004
281800116005,SSEN,43.0,14897.0,2024-12-20 16:00:00+00:00,"{'x': -0.373581, 'y': 51.46935}",SSEN-2818001160,SSEN-281800116005
281800116001,SSEN,47.0,14194.0,2024-12-20 16:30:00+00:00,"{'x': -0.373581, 'y': 51.46935}",SSEN-2818001160,SSEN-281800116001
281800116002,SSEN,19.0,8638.0,2024-12-20 16:30:00+00:00,"{'x': -0.373581, 'y': 51.46935}",SSEN-2818001160,SSEN-281800116002
281800116004,SSEN,18.0,6821.0,2024-12-20 16:30:00+00:00,"{'x': -0.373581, 'y': 51.46935}",SSEN-2818001160,SSEN-281800116004
281800116005,SSEN,43.0,16305.0,2024-12-20 16:30:00+00:00,"{'x': -0.373581, 'y': 51.46935}",SSEN-2818001160,SSEN-281800116005
281800116001,SSEN,47.0,14067.0,2024-12-20 17:00:00+00:00,"{'x': -0.373581, 'y': 51.46935}",SSEN-2818001160,SSEN-281800116001
281800116002,SSEN,19.0,9622.0,2024-12-20 17:00:00+00:00,"{'x': -0.373581, 'y': 51.46935}",SSEN-2818001160,SSEN-281800116002
281800116004,SSEN,18.0,4600.0,2024-12-20 17:00:00+00:00,"{'x': -0.373581, 'y': 51.46935}",SSEN-2818001160,SSEN-281800116004
281800116005,SSEN,43.0,15575.0,2024-12-20 17:00:00+00:00,"{'x': -0.373581, 'y': 51.46935}",SSEN-2818001160,SSEN-281800116005
281800116001,SSEN,47.0,17251.0,2024-12-20 17:30:00+00:00,"{'x': -0.373581, 'y': 51.46935}",SSEN-2818001160,SSEN-281800116001
281800116002,SSEN,19.0,8776.0,2024-12-20 17:30:00+00:00,"{'x': -0.373581, 'y': 51.46935}",SSEN-2818001160,SSEN-281800116002
281800116004,SSEN,18.0,6024.0,2024-12-20 17:30:00+00:00,"{'x': -0.373581, 'y': 51.46935}",SSEN-2818001160,SSEN-281800116004
281800116005,SSEN,43.0,13804.0,2024-12-20 17:30:00+00:00,"{'x': -0.373581, 'y': 51.46935}",SSEN-2818001160,SSEN-281800116005
281800116001,SSEN,47.0,16296.0,2024-12-20 18:00:00+00:00,"{'x': -0.373581, 'y': 51.46935}",SSEN-2818001160,SSEN-281800116001
281800116002,SSEN,19.0,9412.0,2024-12-20 18:00:00+00:00,"{'x': -0.373581, 'y': 51.46935}",SSEN-2818001160,SSEN-281800116002
281800116004,SSEN,18.0,7210.0,2024-12-20 18:00:00+00:00,"{'x': -0.373581, 'y': 51.46935}",SSEN-2818001160,SSEN-281800116004
281800116005,SSEN,43.0,15400.0,2024-12-20 18:00:00+00:00,"{'x': -0.373581, 'y': 51.46935}",SSEN-2818001160,SSEN-281800116005
281800116001,SSEN,47.0,18857.0,2024-12-20 18:30:00+00:00,"{'x': -0.373581, 'y': 51.46935}",SSEN-2818001160,SSEN-281800116001
281800116002,SSEN,19.0,8547.0,2024-12-20 18:30:00+00:00,"{'x': -0.373581, 'y': 51.46935}",SSEN-2818001160,SSEN-281800116002
281800116004,SSEN,18.0,4655.0,2024-12-20 18:30:00+00:00,"{'x': -0.373581, 'y': 51.46935}",SSEN-2818001160,SSEN-281800116004
281800116005,SSEN,43.0,16318.0,2024-12-20 18:30:00+00:00,"{'x': -0.373581, 'y': 51.46935}",SSEN-2818001160,SSEN-281800116005
281800116001,SSEN,47.0,19804.0,2024-12-20 19:00:00+00:00,"{'x': -0.373581, 'y': 51.46935}",SSEN-2818001160,SSEN-281800116001
281800116002,SSEN,19.0,9459.0,2024-12-20 19:00:00+00:00,"{'x': -0.373581, 'y': 51.46935}",SSEN-2818001160,SSEN-281800116002
281800116004,SSEN,18.0,5299.0,2024-12-20 19:00:00+00:00,"{'x': -0.373581, 'y': 51.46935}",SSEN-2818001160,SSEN-281800116004
281800116005,SSEN,43.0,16162.0,2024-12-20 19:00:00+00:00,"{'x': -0.373581, 'y': 51.46935}",SSEN-2818001160,SSEN-281800116005
281800116001,SSEN,47.0,20736.0,2024-12-20 19:30:00+00:00,"{'x': -0.373581, 'y': 51.46935}",SSEN-2818001160,SSEN-281800116001
281800116002,SSEN,19.0,9650.0,2024-12-20 19:30:00+00:00,"{'x': -0.373581, 'y': 51.46935}",SSEN-2818001160,SSEN-281800116002
281800116004,SSEN,18.0,5335.0,2024-12-20 19:30:00+00:00,"{'x': -0.373581, 'y': 51.46935}",SSEN-2818001160,SSEN-281800116004
281800116005,SSEN,43.0,21604.0,2024-12-20 19:30:00+00:00,"{'x': -0.373581, 'y': 51.46935}",SSEN-2818001160,SSEN-281800116005
281800116001,SSEN,47.0,20630.0,2024-12-20 20:00:00+00:00,"{'x': -0.373581, 'y': 51.46935}",SSEN-2818001160,SSEN-281800116001
281800116002,SSEN,19.0,9663.0,2024-12-20 20:00:00+00:00,"{'x': -0.373581, 'y': 51.46935}",SSEN-2818001160,SSEN-281800116002
281800116004,SSEN,18.0,5356.0,2024-12-20 20:00:00+00:00,"{'x': -0.373581, 'y': 51.46935}",SSEN-2818001160,SSEN-281800116004
281800116005,SSEN,43.0,23755.0,2024-12-20 20:00:00+00:00,"{'x': -0.373581, 'y': 51.46935}",SSEN-2818001160,SSEN-281800116005
281800116001,SSEN,47.0,20091.0,2024-12-20 20:30:00+00:00,"{'x': -0.373581, 'y': 51.46935}",SSEN-2818001160,SSEN-281800116001
281800116002,SSEN,19.0,8925.0,2024-12-20 20:30:00+00:00,"{'x': -0.373581, 'y': 51.46935}",SSEN-2818001160,SSEN-281800116002
281800116004,SSEN,18.0,6290.0,2024-12-20 20:30:00+00:00,"{'x': -0.373581, 'y': 51.46935}",SSEN-2818001160,SSEN-281800116004
281800116005,SSEN,43.0,14876.0,2024-12-20 20:30:00+00:00,"{'x': -0.373581, 'y': 51.46935}",SSEN-2818001160,SSEN-281800116005
281800116001,SSEN,47.0,16777.0,2024-12-20 21:00:00+00:00,"{'x': -0.373581, 'y': 51.46935}",SSEN-2818001160,SSEN-281800116001
281800116002,SSEN,19.0,8858.0,2024-12-20 21:00:00+00:00,"{'x': -0.373581, 'y': 51.46935}",SSEN-2818001160,SSEN-281800116002
281800116004,SSEN,18.0,6536.0,2024-12-20 21:00:00+00:00,"{'x': -0.373581, 'y': 51.46935}",SSEN-2818001160,SSEN-281800116004
281800116005,SSEN,43.0,17442.0,2024-12-20 21:00:00+00:00,"{'x': -0.373581, 'y': 51.46935}",SSEN-2818001160,SSEN-281800116005
281800116001,SSEN,47.0,16205.0,2024-12-20 21:30:00+00:00,"{'x': -0.373581, 'y': 51.46935}",SSEN-2818001160,SSEN-281800116001
281800116002,SSEN,19.0,9562.0,2024-12-20 21:30:00+00:00,"{'x': -0.373581, 'y': 51.46935}",SSEN-2818001160,SSEN-281800116002
281800116004,SSEN,18.0,7072.0,2024-12-20 21:30:00+00:00,"{'x': -0.373581, 'y': 51.46935}",SSEN-2818001160,SSEN-281800116004
281800116005,SSEN,43.0,15372.0,2024-12-20 21:30:00+00:00,"{'x': -0.373581, 'y': 51.46935}",SSEN-2818001160,SSEN-281800116005
281800116001,SSEN,47.0,15039.0,2024-12-20 22:00:00+00:00,"{'x': -0.373581, 'y': 51.46935}",SSEN-2818001160,SSEN-281800116001
281800116002,SSEN,19.0,11290.0,2024-12-20 22:00:00+00:00,"{'x': -0.373581, 'y': 51.46935}",SSEN-2818001160,SSEN-281800116002
281800116004,SSEN,18.0,4630.0,2024-12-20 22:00:00+00:00,"{'x': -0.373581, 'y': 51.46935}",SSEN-2818001160,SSEN-281800116004
281800116005,SSEN,43.0,15563.0,2024-12-20 22:00:00+00:00,"{'x': -0.373581, 'y': 51.46935}",SSEN-2818001160,SSEN-281800116005
281800116001,SSEN,47.0,13705.0,2024-12-20 22:30:00+00:00,"{'x': -0.373581, 'y': 51.46935}",SSEN-2818001160,SSEN-281800116001
281800116002,SSEN,19.0,9848.0,2024-12-20 22:30:00+00:00,"{'x': -0.373581, 'y': 51.46935}",SSEN-2818001160,SSEN-281800116002
281800116004,SSEN,18.0,4512.0,2024-12-20 22:30:00+00:00,"{'x': -0.373581, 'y': 51.46935}",SSEN-2818001160,SSEN-281800116004
281800116005,SSEN,43.0,18403.0,2024-12-20 22:30:00+00:00,"{'x': -0.373581, 'y': 51.46935}",SSEN-2818001160,SSEN-281800116005
281800116001,SSEN,47.0,12379.0,2024-12-20 23:00:00+00:00,"{'x': -0.373581, 'y': 51.46935}",SSEN-2818001160,SSEN-281800116001
281800116002,SSEN,19.0,10589.0,2024-12-20 23:00:00+00:00,"{'x': -0.373581, 'y': 51.46935}",SSEN-2818001160,SSEN-281800116002
281800116004,SSEN,18.0,4373.0,2024-12-20 23:00:00+00:00,"{'x': -0.373581, 'y': 51.46935}",SSEN-2818001160,SSEN-281800116004
281800116005,SSEN,43.0,19713.0,2024-12-20 23:00:00+00:00,"{'x': -0.373581, 'y': 51.46935}",SSEN-2818001160,SSEN-281800116005
281800116001,SSEN,47.0,11883.0,2024-12-20 23:30:00+00:00,"{'x': -0.373581, 'y': 51.46935}",SSEN-2818001160,SSEN-281800116001
281800116002,SSEN,19.0,11435.0,2024-12-20 23:30:00+00:00,"{'x': -0.373581, 'y': 51.46935}",SSEN-2818001160,SSEN-281800116002
281800116004,SSEN,18.0,4748.0,2024-12-20 23:30:00+00:00,"{'x': -0.373581, 'y': 51.46935}",SSEN-2818001160,SSEN-281800116004
281800116005,SSEN,43.0,15650.0,2024-12-20 23:30:00+00:00,"{'x': -0.373581, 'y': 51.46935}",SSEN-2818001160,SSEN-281800116005
281800116001,SSEN,47.0,11994.0,2024-12-21 00:00:00+00:00,"{'x': -0.373581, 'y': 51.46935}",SSEN-2818001160,SSEN-281800116001
281800116002,SSEN,19.0,16177.0,2024-12-21 00:00:00+00:00,"{'x': -0.373581, 'y': 51.46935}",SSEN-2818001160,SSEN-281800116002
281800116004,SSEN,18.0,4918.0,2024-12-21 00:00:00+00:00,"{'x': -0.373581, 'y': 51.46935}",SSEN-2818001160,SSEN-281800116004
281800116005,SSEN,43.0,13825.0,2024-12-21 00:00:00+00:00,"{'x': -0.373581, 'y': 51.46935}",SSEN-2818001160,SSEN-281800116005
281800116001,SSEN,47.0,16676.0,2024-12-21 00:30:00+00:00,"{'x': -0.373581, 'y': 51.46935}",SSEN-2818001160,SSEN-281800116001
281800116002,SSEN,19.0,12850.0,2024-12-21 00:30:00+00:00,"{'x': -0.373581, 'y': 51.46935}",SSEN-2818001160,SSEN-281800116002
281800116004,SSEN,18.0,5576.0,2024-12-21 00:30:00+00:00,"{'x': -0.373581, 'y': 51.46935}",SSEN-2818001160,SSEN-281800116004
281800116005,SSEN,43.0,14306.0,2024-12-21 00:30:00+00:00,"{'x': -0.373581, 'y': 51.46935}",SSEN-2818001160,SSEN-281800116005
281800116001,SSEN,47.0,13787.0,2024-12-21 01:00:00+00:00,"{'x': -0.373581, 'y': 51.46935}",SSEN-2818001160,SSEN-281800116001
281800116002,SSEN,19.0,10353.0,2024-12-21 01:00:00+00:00,"{'x': -0.373581, 'y': 51.46935}",SSEN-2818001160,SSEN-281800116002
281800116004,SSEN,18.0,5275.0,2024-12-21 01:00:00+00:00,"{'x': -0.373581, 'y': 51.46935}",SSEN-2818001160,SSEN-281800116004
281800116005,SSEN,43.0,15786.0,2024-12-21 01:00:00+00:00,"{'x': -0.373581, 'y': 51.46935}",SSEN-2818001160,SSEN-281800116005
281800116001,SSEN,47.0,14035.0,2024-12-21 01:30:00+00:00,"{'x': -0.373581, 'y': 51.46935}",SSEN-2818001160,SSEN-281800116001
281800116002,SSEN,19.0,8051.0,2024-12-21 01:30:00+00:00,"{'x': -0.373581, 'y': 51.46935}",SSEN-2818001160,SSEN-281800116002
281800116004,SSEN,18.0,5090.0,2024-12-21 01:30:00+00:00,"{'x': -0.373581, 'y': 51.46935}",SSEN-2818001160,SSEN-281800116004
281800116005,SSEN,43.0,12880.0,2024-12-21 01:30:00+00:00,"{'x': -0.373581, 'y': 51.46935}",SSEN-2818001160,SSEN-281800116005
281800116001,SSEN,47.0,12637.0,2024-12-21 02:00:00+00:00,"{'x': -0.373581, 'y': 51.46935}",SSEN-2818001160,SSEN-281800116001
281800116002,SSEN,19.0,8200.0,2024-12-21 02:00:00+00:00,"{'x': -0.373581, 'y': 51.46935}",SSEN-2818001160,SSEN-281800116002
281800116004,SSEN,18.0,4787.0,2024-12-21 02:00:00+00:00,"{'x': -0.373581, 'y': 51.46935}",SSEN-2818001160,SSEN-281800116004
281800116005,SSEN,43.0,13220.0,2024-12-21 02:00:00+00:00,"{'x': -0.373581, 'y': 51.46935}",SSEN-2818001160,SSEN-281800116005
281800116001,SSEN,47.0,11185.0,2024-12-21 02:30:00+00:00,"{'x': -0.373581, 'y': 51.46935}",SSEN-2818001160,SSEN-281800116001
281800116002,SSEN,19.0,7702.0,2024-12-21 02:30:00+00:00,"{'x': -0.373581, 'y': 51.46935}",SSEN-2818001160,SSEN-281800116002
281800116004,SSEN,18.0,4561.0,2024-12-21 02:30:00+00:00,"{'x': -0.373581, 'y': 51.46935}",SSEN-2818001160,SSEN-281800116004
281800116005,SSEN,43.0,12692.0,2024-12-21 02:30:00+00:00,"{'x': -0.373581, 'y': 51.46935}",SSEN-2818001160,SSEN-281800116005
281800116001,SSEN,47.0,11343.0,2024-12-21 03:00:00+00:00,"{'x': -0.373581, 'y': 51.46935}",SSEN-2818001160,SSEN-281800116001
281800116002,SSEN,19.0,8069.0,2024-12-21 03:00:00+00:00,"{'x': -0.373581, 'y': 51.46935}",SSEN-2818001160,SSEN-281800116002
281800116004,SSEN,18.0,3777.0,2024-12-21 03:00:00+00:00,"{'x': -0.373581, 'y': 51.46935}",SSEN-2818001160,SSEN-281800116004
281800116005,SSEN,43.0,11686.0,2024-12-21 03:00:00+00:00,"{'x': -0.373581, 'y': 51.46935}",SSEN-2818001160,SSEN-281800116005
281800116001,SSEN,47.0,11725.0,2024-12-21 03:30:00+00:00,"{'x': -0.373581, 'y': 51.46935}",SSEN-2818001160,SSEN-281800116001
281800116002,SSEN,19.0,6443.0,2024-12-21 03:30:00+00:00,"{'x': -0.373581, 'y': 51.46935}",SSEN-2818001160,SSEN-281800116002
281800116004,SSEN,18.0,3937.0,2024-12-21 03:30:00+00:00,"{'x': -0.373581, 'y': 51.46935}",SSEN-2818001160,SSEN-281800116004
281800116005,SSEN,43.0,10531.0,2024-12-21 03:30:00+00:00,"{'x': -0.373581, 'y': 51.46935}",SSEN-2818001160,SSEN-281800116005
281800116001,SSEN,47.0,12424.0,2024-12-21 04:00:00+00:00,"{'x': -0.373581, 'y': 51.46935}",SSEN-2818001160,SSEN-281800116001
281800116002,SSEN,19.0,3934.0,2024-12-21 04:00:00+00:00,"{'x': -0.373581, 'y': 51.46935}",SSEN-2818001160,SSEN-281800116002
281800116004,SSEN,18.0,3720.0,2024-12-21 04:00:00+00:00,"{'x': -0.373581, 'y': 51.46935}",SSEN-2818001160,SSEN-281800116004
281800116005,SSEN,43.0,11851.0,2024-12-21 04:00:00+00:00,"{'x': -0.373581, 'y': 51.46935}",SSEN-2818001160,SSEN-281800116005
281800116001,SSEN,47.0,12262.0,2024-12-21 04:30:00+00:00,"{'x': -0.373581, 'y': 51.46935}",SSEN-2818001160,SSEN-281800116001
281800116002,SSEN,19.0,4342.0,2024-12-21 04:30:00+00:00,"{'x': -0.373581, 'y': 51.46935}",SSEN-2818001160,SSEN-281800116002
281800116004,SSEN,18.0,3434.0,2024-12-21 04:30:00+00:00,"{'x': -0.373581, 'y': 51.46935}",SSEN-2818001160,SSEN-281800116004
281800116005,SSEN,43.0,10963.0,2024-12-21 04:30:00+00:00,"{'x': -0.373581, 'y': 51.46935}",SSEN-2818001160,SSEN-281800116005
281800116001,SSEN,47.0,9306.0,2024-12-21 05:00:00+00:00,"{'x': -0.373581, 'y': 51.46935}",SSEN-2818001160,SSEN-281800116001
281800116002,SSEN,19.0,4582.0,2024-12-21 05:00:00+00:00,"{'x': -0.373581, 'y': 51.46935}",SSEN-2818001160,SSEN-281800116002
281800116004,SSEN,18.0,3563.0,2024-12-21 05:00:00+00:00,"{'x': -0.373581, 'y': 51.46935}",SSEN-2818001160,SSEN-281800116004
281800116005,SSEN,43.0,10527.0,2024-12-21 05:00:00+00:00,"{'x': -0.373581, 'y': 51.46935}",SSEN-2818001160,SSEN-281800116005
281800116001,SSEN,47.0,9160.0,2024-12-21 05:30:00+00:00,"{'x': -0.373581, 'y': 51.46935}",SSEN-2818001160,SSEN-281800116001
281800116002,SSEN,19.0,5461.0,2024-12-21 05:30:00+00:00,"{'x': -0.373581, 'y': 51.46935}",SSEN-2818001160,SSEN-281800116002
281800116004,SSEN,18.0,3668.0,2024-12-21 05:30:00+00:00,"{'x': -0.373581, 'y': 51.46935}",SSEN-2818001160,SSEN-281800116004
281800116005,SSEN,43.0,11672.0,2024-12-21 05:30:00+00:00,"{'x': -0.373581, 'y': 51.46935}",SSEN-2818001160,SSEN-281800116005
281800116001,SSEN,47.0,9031.0,2024-12-21 06:00:00+00:00,"{'x': -0.373581, 'y': 51.46935}",SSEN-2818001160,SSEN-281800116001
281800116002,SSEN,19.0,4627.0,2024-12-21 06:00:00+00:00,"{'x': -0.373581, 'y': 51.46935}",SSEN-2818001160,SSEN-281800116002
281800116004,SSEN,18.0,3944.0,2024-12-21 06:00:00+00:00,"{'x': -0.373581, 'y': 51.46935}",SSEN-2818001160,SSEN-281800116004
281800116005,SSEN,43.0,10079.0,2024-12-21 06:00:00+00:00,"{'x': -0.373581, 'y': 51.46935}",SSEN-2818001160,SSEN-281800116005
281800116001,SSEN,47.0,13406.0,2024-12-21 06:30:00+00:00,"{'x': -0.373581, 'y': 51.46935}",SSEN-2818001160,SSEN-281800116001
281800116002,SSEN,19.0,4155.0,2024-12-21 06:30:00+00:00,"{'x': -0.373581, 'y': 51.46935}",SSEN-2818001160,SSEN-281800116002
281800116004,SSEN,18.0,5769.0,2024-12-21 06:30:00+00:00,"{'x': -0.373581, 'y': 51.46935}",SSEN-2818001160,SSEN-281800116004
281800116005,SSEN,43.0,11863.0,2024-12-21 06:30:00+00:00,"{'x': -0.373581, 'y': 51.46935}",SSEN-2818001160,SSEN-281800116005
281800116001,SSEN,47.0,11484.0,2024-12-21 07:00:00+00:00,"{'x': -0.373581, 'y': 51.46935}",SSEN-2818001160,SSEN-281800116001
281800116002,SSEN,19.0,5859.0,2024-12-21 07:00:00+00:00,"{'x': -0.373581, 'y': 51.46935}",SSEN-2818001160,SSEN-281800116002
281800116004,SSEN,18.0,4078.0,2024-12-21 07:00:00+00:00,"{'x': -0.373581, 'y': 51.46935}",SSEN-2818001160,SSEN-281800116004
281800116005,SSEN,43.0,11344.0,2024-12-21 07:00:00+00:00,"{'x': -0.373581, 'y': 51.46935}",SSEN-2818001160,SSEN-281800116005
281800116001,SSEN,47.0,10620.0,2024-12-21 07:30:00+00:00,"{'x': -0.373581, 'y': 51.46935}",SSEN-2818001160,SSEN-281800116001
281800116002,SSEN,19.0,4319.0,2024-12-21 07:30:00+00:00,"{'x': -0.373581, 'y': 51.46935}",SSEN-2818001160,SSEN-281800116002
281800116004,SSEN,18.0,4326.0,2024-12-21 07:30:00+00:00,"{'x': -0.373581, 'y': 51.46935}",SSEN-2818001160,SSEN-281800116004
281800116005,SSEN,43.0,12849.0,2024-12-21 07:30:00+00:00,"{'x': -0.373581, 'y': 51.46935}",SSEN-2818001160,SSEN-281800116005
281800116001,SSEN,47.0,13155.0,2024-12-21 08:00:00+00:00,"{'x': -0.373581, 'y': 51.46935}",SSEN-2818001160,SSEN-281800116001
281800116002,SSEN,19.0,6046.0,2024-12-21 08:00:00+00:00,"{'x': -0.373581, 'y': 51.46935}",SSEN-2818001160,SSEN-281800116002
281800116004,SSEN,18.0,3690.0,2024-12-21 08:00:00+00:00,"{'x': -0.373581, 'y': 51.46935}",SSEN-2818001160,SSEN-281800116004
281800116005,SSEN,43.0,11900.0,2024-12-21 08:00:00+00:00,"{'x': -0.373581, 'y': 51.46935}",SSEN-2818001160,SSEN-281800116005
281800116001,SSEN,47.0,16171.0,2024-12-21 08:30:00+00:00,"{'x': -0.373581, 'y': 51.46935}",SSEN-2818001160,SSEN-281800116001
281800116002,SSEN,19.0,5181.0,2024-12-21 08:30:00+00:00,"{'x': -0.373581, 'y': 51.46935}",SSEN-2818001160,SSEN-281800116002
281800116004,SSEN,18.0,3982.0,2024-12-21 08:30:00+00:00,"{'x': -0.373581, 'y': 51.46935}",SSEN-2818001160,SSEN-281800116004
281800116005,SSEN,43.0,12156.0,2024-12-21 08:30:00+00:00,"{'x': -0.373581, 'y': 51.46935}",SSEN-2818001160,SSEN-281800116005
281800116001,SSEN,47.0,17738.0,2024-12-21 09:00:00+00:00,"{'x': -0.373581, 'y': 51.46935}",SSEN-2818001160,SSEN-281800116001
281800116002,SSEN,19.0,5833.0,2024-12-21 09:00:00+00:00,"{'x': -0.373581, 'y': 51.46935}",SSEN-2818001160,SSEN-281800116002
281800116004,SSEN,18.0,4137.0,2024-12-21 09:00:00+00:00,"{'x': -0.373581, 'y': 51.46935}",SSEN-2818001160,SSEN-281800116004
281800116005,SSEN,43.0,13930.0,2024-12-21 09:00:00+00:00,"{'x': -0.373581, 'y': 51.46935}",SSEN-2818001160,SSEN-281800116005
281800116001,SSEN,47.0,16724.0,2024-12-21 09:30:00+00:00,"{'x': -0.373581, 'y': 51.46935}",SSEN-2818001160,SSEN-281800116001
281800116002,SSEN,19.0,6037.0,2024-12-21 09:30:00+00:00,"{'x': -0.373581, 'y': 51.46935}",SSEN-2818001160,SSEN-281800116002
281800116004,SSEN,18.0,4121.0,2024-12-21 09:30:00+00:00,"{'x': -0.373581, 'y': 51.46935}",SSEN-2818001160,SSEN-281800116004
281800116005,SSEN,43.0,13830.0,2024-12-21 09:30:00+00:00,"{'x': -0.373581, 'y': 51.46935}",SSEN-2818001160,SSEN-281800116005
281800116001,SSEN,47.0,16433.0,2024-12-21 10:00:00+00:00,"{'x': -0.373581, 'y': 51.46935}",SSEN-2818001160,SSEN-281800116001
281800116002,SSEN,19.0,5994.0,2024-12-21 10:00:00+00:00,"{'x': -0.373581, 'y': 51.46935}",SSEN-2818001160,SSEN-281800116002
281800116004,SSEN,18.0,4332.0,2024-12-21 10:00:00+00:00,"{'x': -0.373581, 'y': 51.46935}",SSEN-2818001160,SSEN-281800116004
281800116005,SSEN,43.0,16245.0,2024-12-21 10:00:00+00:00,"{'x': -0.373581, 'y': 51.46935}",SSEN-2818001160,SSEN-281800116005
281800116001,SSEN,47.0,16952.0,2024-12-21 10:30:00+00:00,"{'x': -0.373581, 'y': 51.46935}",SSEN-2818001160,SSEN-281800116001
281800116002,SSEN,19.0,6429.0,2024-12-21 10:30:00+00:00,"{'x': -0.373581, 'y': 51.46935}",SSEN-2818001160,SSEN-281800116002
281800116004,SSEN,18.0,4449.0,2024-12-21 10:30:00+00:00,"{'x': -0.373581, 'y': 51.46935}",SSEN-2818001160,SSEN-281800116004
281800116005,SSEN,43.0,17537.0,2024-12-21 10:30:00+00:00,"{'x': -0.373581, 'y': 51.46935}",SSEN-2818001160,SSEN-281800116005
281800116001,SSEN,47.0,16024.0,2024-12-21 11:00:00+00:00,"{'x': -0.373581, 'y': 51.46935}",SSEN-2818001160,SSEN-281800116001
281800116002,SSEN,19.0,6325.0,2024-12-21 11:00:00+00:00,"{'x': -0.373581, 'y': 51.46935}",SSEN-2818001160,SSEN-281800116002
281800116004,SSEN,18.0,4980.0,2024-12-21 11:00:00+00:00,"{'x': -0.373581, 'y': 51.46935}",SSEN-2818001160,SSEN-281800116004
281800116005,SSEN,43.0,15285.0,2024-12-21 11:00:00+00:00,"{'x': -0.373581, 'y': 51.46935}",SSEN-2818001160,SSEN-281800116005
281800116001,SSEN,47.0,15068.0,2024-12-21 11:30:00+00:00,"{'x': -0.373581, 'y': 51.46935}",SSEN-2818001160,SSEN-281800116001
281800116002,SSEN,19.0,9409.0,2024-12-21 11:30:00+00:00,"{'x': -0.373581, 'y': 51.46935}",SSEN-2818001160,SSEN-281800116002
281800116004,SSEN,18.0,5041.0,2024-12-21 11:30:00+00:00,"{'x': -0.373581, 'y': 51.46935}",SSEN-2818001160,SSEN-281800116004
281800116005,SSEN,43.0,13221.0,2024-12-21 11:30:00+00:00,"{'x': -0.373581, 'y': 51.46935}",SSEN-2818001160,SSEN-281800116005
281800116001,SSEN,47.0,13706.0,2024-12-21 12:00:00+00:00,"{'x': -0.373581, 'y': 51.46935}",SSEN-2818001160,SSEN-281800116001
281800116002,SSEN,19.0,7898.0,2024-12-21 12:00:00+00:00,"{'x': -0.373581, 'y': 51.46935}",SSEN-2818001160,SSEN-281800116002
281800116004,SSEN,18.0,5253.0,2024-12-21 12:00:00+00:00,"{'x': -0.373581, 'y': 51.46935}",SSEN-2818001160,SSEN-281800116004
281800116005,SSEN,43.0,15150.0,2024-12-21 12:00:00+00:00,"{'x': -0.373581, 'y': 51.46935}",SSEN-2818001160,SSEN-281800116005
281800116001,SSEN,47.0,13941.0,2024-12-21 12:30:00+00:00,"{'x': -0.373581, 'y': 51.46935}",SSEN-2818001160,SSEN-281800116001
281800116002,SSEN,19.0,6852.0,2024-12-21 12:30:00+00:00,"{'x': -0.373581, 'y': 51.46935}",SSEN-2818001160,SSEN-281800116002
281800116004,SSEN,18.0,5841.0,2024-12-21 12:30:00+00:00,"{'x': -0.373581, 'y': 51.46935}",SSEN-2818001160,SSEN-281800116004
281800116005,SSEN,43.0,16769.0,2024-12-21 12:30:00+00:00,"{'x': -0.373581, 'y': 51.46935}",SSEN-2818001160,SSEN-281800116005
281800116001,SSEN,47.0,13153.0,2024-12-21 13:00:00+00:00,"{'x': -0.373581, 'y': 51.46935}",SSEN-2818001160,SSEN-281800116001
281800116002,SSEN,19.0,7955.0,2024-12-21 13:00:00+00:00,"{'x': -0.373581, 'y': 51.46935}",SSEN-2818001160,SSEN-281800116002
281800116004,SSEN,18.0,5890.0,2024-12-21 13:00:00+00:00,"{'x': -0.373581, 'y': 51.46935}",SSEN-2818001160,SSEN-281800116004
281800116005,SSEN,43.0,18608.0,2024-12-21 13:00:00+00:00,"{'x': -0.373581, 'y': 51.46935}",SSEN-2818001160,SSEN-281800116005
281800116001,SSEN,47.0,13083.0,2024-12-21 13:30:00+00:00,"{'x': -0.373581, 'y': 51.46935}",SSEN-2818001160,SSEN-281800116001
281800116002,SSEN,19.0,7870.0,2024-12-21 13:30:00+00:00,"{'x': -0.373581, 'y': 51.46935}",SSEN-2818001160,SSEN-281800116002
281800116004,SSEN,18.0,4447.0,2024-12-21 13:30:00+00:00,"{'x': -0.373581, 'y': 51.46935}",SSEN-2818001160,SSEN-281800116004
281800116005,SSEN,43.0,19967.0,2024-12-21 13:30:00+00:00,"{'x': -0.373581, 'y': 51.46935}",SSEN-2818001160,SSEN-281800116005
281800116001,SSEN,47.0,14316.0,2024-12-21 14:00:00+00:00,"{'x': -0.373581, 'y': 51.46935}",SSEN-2818001160,SSEN-281800116001
281800116002,SSEN,19.0,9629.0,2024-12-21 14:00:00+00:00,"{'x': -0.373581, 'y': 51.46935}",SSEN-2818001160,SSEN-281800116002
281800116004,SSEN,18.0,6152.0,2024-12-21 14:00:00+00:00,"{'x': -0.373581, 'y': 51.46935}",SSEN-2818001160,SSEN-281800116004
281800116005,SSEN,43.0,15513.0,2024-12-21 14:00:00+00:00,"{'x': -0.373581, 'y': 51.46935}",SSEN-2818001160,SSEN-281800116005
281800116001,SSEN,47.0,13713.0,2024-12-21 14:30:00+00:00,"{'x': -0.373581, 'y': 51.46935}",SSEN-2818001160,SSEN-281800116001
281800116002,SSEN,19.0,11687.0,2024-12-21 14:30:00+00:00,"{'x': -0.373581, 'y': 51.46935}",SSEN-2818001160,SSEN-281800116002
281800116004,SSEN,18.0,6313.0,2024-12-21 14:30:00+00:00,"{'x': -0.373581, 'y': 51.46935}",SSEN-2818001160,SSEN-281800116004
281800116005,SSEN,43.0,17297.0,2024-12-21 14:30:00+00:00,"{'x': -0.373581, 'y': 51.46935}",SSEN-2818001160,SSEN-281800116005
281800116001,SSEN,47.0,12623.0,2024-12-21 15:00:00+00:00,"{'x': -0.373581, 'y': 51.46935}",SSEN-2818001160,SSEN-281800116001
281800116002,SSEN,19.0,10617.0,2024-12-21 15:00:00+00:00,"{'x': -0.373581, 'y': 51.46935}",SSEN-2818001160,SSEN-281800116002
281800116004,SSEN,18.0,5286.0,2024-12-21 15:00:00+00:00,"{'x': -0.373581, 'y': 51.46935}",SSEN-2818001160,SSEN-281800116004
281800116005,SSEN,43.0,16423.0,2024-12-21 15:00:00+00:00,"{'x': -0.373581, 'y': 51.46935}",SSEN-2818001160,SSEN-281800116005
281800116001,SSEN,47.0,12108.0,2024-12-21 15:30:00+00:00,"{'x': -0.373581, 'y': 51.46935}",SSEN-2818001160,SSEN-281800116001
281800116002,SSEN,19.0,8866.0,2024-12-21 15:30:00+00:00,"{'x': -0.373581, 'y': 51.46935}",SSEN-2818001160,SSEN-281800116002
281800116004,SSEN,18.0,4790.0,2024-12-21 15:30:00+00:00,"{'x': -0.373581, 'y': 51.46935}",SSEN-2818001160,SSEN-281800116004
281800116005,SSEN,43.0,17399.0,2024-12-21 15:30:00+00:00,"{'x': -0.373581, 'y': 51.46935}",SSEN-2818001160,SSEN-281800116005
281800116001,SSEN,47.0,13681.0,2024-12-21 16:00:00+00:00,"{'x': -0.373581, 'y': 51.46935}",SSEN-2818001160,SSEN-281800116001
281800116002,SSEN,19.0,8390.0,2024-12-21 16:00:00+00:00,"{'x': -0.373581, 'y': 51.46935}",SSEN-2818001160,SSEN-281800116002
281800116004,SSEN,18.0,4165.0,2024-12-21 16:00:00+00:00,"{'x': -0.373581, 'y': 51.46935}",SSEN-2818001160,SSEN-281800116004
281800116005,SSEN,43.0,18239.0,2024-12-21 16:00:00+00:00,"{'x': -0.373581, 'y': 51.46935}",SSEN-2818001160,SSEN-281800116005
281800116001,SSEN,47.0,15475.0,2024-12-21 16:30:00+00:00,"{'x': -0.373581, 'y': 51.46935}",SSEN-2818001160,SSEN-281800116001
281800116002,SSEN,19.0,9097.0,2024-12-21 16:30:00+00:00,"{'x': -0.373581, 'y': 51.46935}",SSEN-2818001160,SSEN-281800116002
281800116004,SSEN,18.0,4031.0,2024-12-21 16:30:00+00:00,"{'x': -0.373581, 'y': 51.46935}",SSEN-2818001160,SSEN-281800116004
281800116005,SSEN,43.0,18078.0,2024-12-21 16:30:00+00:00,"{'x': -0.373581, 'y': 51.46935}",SSEN-2818001160,SSEN-281800116005
281800116001,SSEN,47.0,15959.0,2024-12-21 17:00:00+00:00,"{'x': -0.373581, 'y': 51.46935}",SSEN-2818001160,SSEN-281800116001
281800116002,SSEN,19.0,11443.0,2024-12-21 17:00:00+00:00,"{'x': -0.373581, 'y': 51.46935}",SSEN-2818001160,SSEN-281800116002
281800116004,SSEN,18.0,4739.0,2024-12-21 17:00:00+00:00,"{'x': -0.373581, 'y': 51.46935}",SSEN-2818001160,SSEN-281800116004
281800116005,SSEN,43.0,18639.0,2024-12-21 17:00:00+00:00,"{'x': -0.373581, 'y': 51.46935}",SSEN-2818001160,SSEN-281800116005
281800116001,SSEN,47.0,15126.0,2024-12-21 17:30:00+00:00,"{'x': -0.373581, 'y': 51.46935}",SSEN-2818001160,SSEN-281800116001
281800116002,SSEN,19.0,9306.0,2024-12-21 17:30:00+00:00,"{'x': -0.373581, 'y': 51.46935}",SSEN-2818001160,SSEN-281800116002
281800116004,SSEN,18.0,5204.0,2024-12-21 17:30:00+00:00,"{'x': -0.373581, 'y': 51.46935}",SSEN-2818001160,SSEN-281800116004
281800116005,SSEN,43.0,18823.0,2024-12-21 17:30:00+00:00,"{'x': -0.373581, 'y': 51.46935}",SSEN-2818001160,SSEN-281800116005
281800116001,SSEN,47.0,16733.0,2024-12-21 18:00:00+00:00,"{'x': -0.373581, 'y': 51.46935}",SSEN-2818001160,SSEN-281800116001
281800116002,SSEN,19.0,9511.0,2024-12-21 18:00:00+00:00,"{'x': -0.373581, 'y': 51.46935}",SSEN-2818001160,SSEN-281800116002
281800116004,SSEN,18.0,6612.0,2024-12-21 18:00:00+00:00,"{'x': -0.373581, 'y': 51.46935}",SSEN-2818001160,SSEN-281800116004
281800116005,SSEN,43.0,18328.0,2024-12-21 18:00:00+00:00,"{'x': -0.373581, 'y': 51.46935}",SSEN-2818001160,SSEN-281800116005
281800116001,SSEN,47.0,20040.0,2024-12-21 18:30:00+00:00,"{'x': -0.373581, 'y': 51.46935}",SSEN-2818001160,SSEN-281800116001
281800116002,SSEN,19.0,9170.0,2024-12-21 18:30:00+00:00,"{'x': -0.373581, 'y': 51.46935}",SSEN-2818001160,SSEN-281800116002
281800116004,SSEN,18.0,6440.0,2024-12-21 18:30:00+00:00,"{'x': -0.373581, 'y': 51.46935}",SSEN-2818001160,SSEN-281800116004
281800116005,SSEN,43.0,15465.0,2024-12-21 18:30:00+00:00,"{'x': -0.373581, 'y': 51.46935}",SSEN-2818001160,SSEN-281800116005
281800116001,SSEN,47.0,19366.0,2024-12-21 19:00:00+00:00,"{'x': -0.373581, 'y': 51.46935}",SSEN-2818001160,SSEN-281800116001
281800116002,SSEN,19.0,9725.0,2024-12-21 19:00:00+00:00,"{'x': -0.373581, 'y': 51.46935}",SSEN-2818001160,SSEN-281800116002
281800116004,SSEN,18.0,5505.0,2024-12-21 19:00:00+00:00,"{'x': -0.373581, 'y': 51.46935}",SSEN-2818001160,SSEN-281800116004
281800116005,SSEN,43.0,15222.0,2024-12-21 19:00:00+00:00,"{'x': -0.373581, 'y': 51.46935}",SSEN-2818001160,SSEN-281800116005
281800116001,SSEN,47.0,17888.0,2024-12-21 19:30:00+00:00,"{'x': -0.373581, 'y': 51.46935}",SSEN-2818001160,SSEN-281800116001
281800116002,SSEN,19.0,9260.0,2024-12-21 19:30:00+00:00,"{'x': -0.373581, 'y': 51.46935}",SSEN-2818001160,SSEN-281800116002
281800116004,SSEN,18.0,6387.0,2024-12-21 19:30:00+00:00,"{'x': -0.373581, 'y': 51.46935}",SSEN-2818001160,SSEN-281800116004
281800116005,SSEN,43.0,18953.0,2024-12-21 19:30:00+00:00,"{'x': -0.373581, 'y': 51.46935}",SSEN-2818001160,SSEN-281800116005
281800116001,SSEN,47.0,18220.0,2024-12-21 20:00:00+00:00,"{'x': -0.373581, 'y': 51.46935}",SSEN-2818001160,SSEN-281800116001
281800116002,SSEN,19.0,9469.0,2024-12-21 20:00:00+00:00,"{'x': -0.373581, 'y': 51.46935}",SSEN-2818001160,SSEN-281800116002
281800116004,SSEN,18.0,6119.0,2024-12-21 20:00:00+00:00,"{'x': -0.373581, 'y': 51.46935}",SSEN-2818001160,SSEN-281800116004
281800116005,SSEN,43.0,16864.0,2024-12-21 20:00:00+00:00,"{'x': -0.373581, 'y': 51.46935}",SSEN-2818001160,SSEN-281800116005
281800116001,SSEN,47.0,16298.0,2024-12-21 20:30:00+00:00,"{'x': -0.373581, 'y': 51.46935}",SSEN-2818001160,SSEN-281800116001
281800116002,SSEN,19.0,6304.0,2024-12-21 20:30:00+00:00,"{'x': -0.373581, 'y': 51.46935}",SSEN-2818001160,SSEN-281800116002
281800116004,SSEN,18.0,5254.0,2024-12-21 20:30:00+00:00,"{'x': -0.373581, 'y': 51.46935}",SSEN-2818001160,SSEN-281800116004
281800116005,SSEN,43.0,18134.0,2024-12-21 20:30:00+00:00,"{'x': -0.373581, 'y': 51.46935}",SSEN-2818001160,SSEN-281800116005
281800116001,SSEN,47.0,14293.0,2024-12-21 21:00:00+00:00,"{'x': -0.373581, 'y': 51.46935}",SSEN-2818001160,SSEN-281800116001
281800116002,SSEN,19.0,5690.0,2024-12-21 21:00:00+00:00,"{'x': -0.373581, 'y': 51.46935}",SSEN-2818001160,SSEN-281800116002
281800116004,SSEN,18.0,5168.0,2024-12-21 21:00:00+00:00,"{'x': -0.373581, 'y': 51.46935}",SSEN-2818001160,SSEN-281800116004
281800116005,SSEN,43.0,17057.0,2024-12-21 21:00:00+00:00,"{'x': -0.373581, 'y': 51.46935}",SSEN-2818001160,SSEN-281800116005
281800116001,SSEN,47.0,14141.0,2024-12-21 21:30:00+00:00,"{'x': -0.373581, 'y': 51.46935}",SSEN-2818001160,SSEN-281800116001
281800116002,SSEN,19.0,6200.0,2024-12-21 21:30:00+00:00,"{'x': -0.373581, 'y': 51.46935}",SSEN-2818001160,SSEN-281800116002
281800116004,SSEN,18.0,4367.0,2024-12-21 21:30:00+00:00,"{'x': -0.373581, 'y': 51.46935}",SSEN-2818001160,SSEN-281800116004
281800116005,SSEN,43.0,18496.0,2024-12-21 21:30:00+00:00,"{'x': -0.373581, 'y': 51.46935}",SSEN-2818001160,SSEN-281800116005
281800116001,SSEN,47.0,14146.0,2024-12-21 22:00:00+00:00,"{'x': -0.373581, 'y': 51.46935}",SSEN-2818001160,SSEN-281800116001
281800116002,SSEN,19.0,7583.0,2024-12-21 22:00:00+00:00,"{'x': -0.373581, 'y': 51.46935}",SSEN-2818001160,SSEN-281800116002
281800116004,SSEN,18.0,4420.0,2024-12-21 22:00:00+00:00,"{'x': -0.373581, 'y': 51.46935}",SSEN-2818001160,SSEN-281800116004
281800116005,SSEN,43.0,17306.0,2024-12-21 22:00:00+00:00,"{'x': -0.373581, 'y': 51.46935}",SSEN-2818001160,SSEN-281800116005
281800116001,SSEN,47.0,14676.0,2024-12-21 22:30:00+00:00,"{'x': -0.373581, 'y': 51.46935}",SSEN-2818001160,SSEN-281800116001
281800116002,SSEN,19.0,6394.0,2024-12-21 22:30:00+00:00,"{'x': -0.373581, 'y': 51.46935}",SSEN-2818001160,SSEN-281800116002
281800116004,SSEN,18.0,4297.0,2024-12-21 22:30:00+00:00,"{'x': -0.373581, 'y': 51.46935}",SSEN-2818001160,SSEN-281800116004
281800116005,SSEN,43.0,17345.0,2024-12-21 22:30:00+00:00,"{'x': -0.373581, 'y': 51.46935}",SSEN-2818001160,SSEN-281800116005
281800116001,SSEN,47.0,13403.0,2024-12-21 23:00:00+00:00,"{'x': -0.373581, 'y': 51.46935}",SSEN-2818001160,SSEN-281800116001
281800116002,SSEN,19.0,5985.0,2024-12-21 23:00:00+00:00,"{'x': -0.373581, 'y': 51.46935}",SSEN-2818001160,SSEN-281800116002
281800116004,SSEN,18.0,4006.0,2024-12-21 23:00:00+00:00,"{'x': -0.373581, 'y': 51.46935}",SSEN-2818001160,SSEN-281800116004
281800116005,SSEN,43.0,18132.0,2024-12-21 23:00:00+00:00,"{'x': -0.373581, 'y': 51.46935}",SSEN-2818001160,SSEN-281800116005
281800116001,SSEN,47.0,13707.0,2024-12-21 23:30:00+00:00,"{'x': -0.373581, 'y': 51.46935}",SSEN-2818001160,SSEN-281800116001
281800116002,SSEN,19.0,6977.0,2024-12-21 23:30:00+00:00,"{'x': -0.373581, 'y': 51.46935}",SSEN-2818001160,SSEN-281800116002
281800116004,SSEN,18.0,4338.0,2024-12-21 23:30:00+00:00,"{'x': -0.373581, 'y': 51.46935}",SSEN-2818001160,SSEN-281800116004
281800116005,SSEN,43.0,11423.0,2024-12-21 23:30:00+00:00,"{'x': -0.373581, 'y': 51.46935}",SSEN-2818001160,SSEN-281800116005
281800116001,SSEN,47.0,11447.0,2024-12-22 00:00:00+00:00,"{'x': -0.373581, 'y': 51.46935}",SSEN-2818001160,SSEN-281800116001
281800116002,SSEN,19.0,13789.0,2024-12-22 00:00:00+00:00,"{'x': -0.373581, 'y': 51.46935}",SSEN-2818001160,SSEN-281800116002
281800116004,SSEN,18.0,3978.0,2024-12-22 00:00:00+00:00,"{'x': -0.373581, 'y': 51.46935}",SSEN-2818001160,SSEN-281800116004
281800116005,SSEN,43.0,12250.0,2024-12-22 00:00:00+00:00,"{'x': -0.373581, 'y': 51.46935}",SSEN-2818001160,SSEN-281800116005
281800116001,SSEN,46.0,14531.0,2024-12-22 00:30:00+00:00,"{'x': -0.373581, 'y': 51.46935}",SSEN-2818001160,SSEN-281800116001
281800116002,SSEN,19.0,10610.0,2024-12-22 00:30:00+00:00,"{'x': -0.373581, 'y': 51.46935}",SSEN-2818001160,SSEN-281800116002
281800116004,SSEN,18.0,3513.0,2024-12-22 00:30:00+00:00,"{'x': -0.373581, 'y': 51.46935}",SSEN-2818001160,SSEN-281800116004
281800116005,SSEN,43.0,11277.0,2024-12-22 00:30:00+00:00,"{'x': -0.373581, 'y': 51.46935}",SSEN-2818001160,SSEN-281800116005
281800116001,SSEN,46.0,14018.0,2024-12-22 01:00:00+00:00,"{'x': -0.373581, 'y': 51.46935}",SSEN-2818001160,SSEN-281800116001
281800116002,SSEN,19.0,9333.0,2024-12-22 01:00:00+00:00,"{'x': -0.373581, 'y': 51.46935}",SSEN-2818001160,SSEN-281800116002
281800116004,SSEN,18.0,3591.0,2024-12-22 01:00:00+00:00,"{'x': -0.373581, 'y': 51.46935}",SSEN-2818001160,SSEN-281800116004
281800116005,SSEN,43.0,11066.0,2024-12-22 01:00:00+00:00,"{'x': -0.373581, 'y': 51.46935}",SSEN-2818001160,SSEN-281800116005
281800116001,SSEN,46.0,15051.0,2024-12-22 01:30:00+00:00,"{'x': -0.373581, 'y': 51.46935}",SSEN-2818001160,SSEN-281800116001
281800116002,SSEN,19.0,7857.0,2024-12-22 01:30:00+00:00,"{'x': -0.373581, 'y': 51.46935}",SSEN-2818001160,SSEN-281800116002
281800116004,SSEN,18.0,4356.0,2024-12-22 01:30:00+00:00,"{'x': -0.373581, 'y': 51.46935}",SSEN-2818001160,SSEN-281800116004
281800116005,SSEN,43.0,13198.0,2024-12-22 01:30:00+00:00,"{'x': -0.373581, 'y': 51.46935}",SSEN-2818001160,SSEN-281800116005
281800116001,SSEN,46.0,12577.0,2024-12-22 02:00:00+00:00,"{'x': -0.373581, 'y': 51.46935}",SSEN-2818001160,SSEN-281800116001
281800116002,SSEN,19.0,6914.0,2024-12-22 02:00:00+00:00,"{'x': -0.373581, 'y': 51.46935}",SSEN-2818001160,SSEN-281800116002
281800116004,SSEN,18.0,4697.0,2024-12-22 02:00:00+00:00,"{'x': -0.373581, 'y': 51.46935}",SSEN-2818001160,SSEN-281800116004
281800116005,SSEN,43.0,12641.0,2024-12-22 02:00:00+00:00,"{'x': -0.373581, 'y': 51.46935}",SSEN-2818001160,SSEN-281800116005
281800116001,SSEN,46.0,11768.0,2024-12-22 02:30:00+00:00,"{'x': -0.373581, 'y': 51.46935}",SSEN-2818001160,SSEN-281800116001
281800116002,SSEN,19.0,7303.0,2024-12-22 02:30:00+00:00,"{'x': -0.373581, 'y': 51.46935}",SSEN-2818001160,SSEN-281800116002
281800116004,SSEN,18.0,4554.0,2024-12-22 02:30:00+00:00,"{'x': -0.373581, 'y': 51.46935}",SSEN-2818001160,SSEN-281800116004
281800116005,SSEN,43.0,13163.0,2024-12-22 02:30:00+00:00,"{'x': -0.373581, 'y': 51.46935}",SSEN-2818001160,SSEN-281800116005
281800116001,SSEN,46.0,9376.0,2024-12-22 03:00:00+00:00,"{'x': -0.373581, 'y': 51.46935}",SSEN-2818001160,SSEN-281800116001
281800116002,SSEN,19.0,5576.0,2024-12-22 03:00:00+00:00,"{'x': -0.373581, 'y': 51.46935}",SSEN-2818001160,SSEN-281800116002
281800116004,SSEN,18.0,4066.0,2024-12-22 03:00:00+00:00,"{'x': -0.373581, 'y': 51.46935}",SSEN-2818001160,SSEN-281800116004
281800116005,SSEN,43.0,10650.0,2024-12-22 03:00:00+00:00,"{'x': -0.373581, 'y': 51.46935}",SSEN-2818001160,SSEN-281800116005
281800116001,SSEN,46.0,7562.0,2024-12-22 03:30:00+00:00,"{'x': -0.373581, 'y': 51.46935}",SSEN-2818001160,SSEN-281800116001
281800116002,SSEN,19.0,3217.0,2024-12-22 03:30:00+00:00,"{'x': -0.373581, 'y': 51.46935}",SSEN-2818001160,SSEN-281800116002
281800116004,SSEN,18.0,3726.0,2024-12-22 03:30:00+00:00,"{'x': -0.373581, 'y': 51.46935}",SSEN-2818001160,SSEN-281800116004
281800116005,SSEN,43.0,10047.0,2024-12-22 03:30:00+00:00,"{'x': -0.373581, 'y': 51.46935}",SSEN-2818001160,SSEN-281800116005
281800116001,SSEN,46.0,7832.0,2024-12-22 04:00:00+00:00,"{'x': -0.373581, 'y': 51.46935}",SSEN-2818001160,SSEN-281800116001
281800116002,SSEN,19.0,3815.0,2024-12-22 04:00:00+00:00,"{'x': -0.373581, 'y': 51.46935}",SSEN-2818001160,SSEN-281800116002
281800116004,SSEN,18.0,3830.0,2024-12-22 04:00:00+00:00,"{'x': -0.373581, 'y': 51.46935}",SSEN-2818001160,SSEN-281800116004
281800116005,SSEN,43.0,9218.0,2024-12-22 04:00:00+00:00,"{'x': -0.373581, 'y': 51.46935}",SSEN-2818001160,SSEN-281800116005
281800116001,SSEN,46.0,9480.0,2024-12-22 04:30:00+00:00,"{'x': -0.373581, 'y': 51.46935}",SSEN-2818001160,SSEN-281800116001
281800116002,SSEN,19.0,3717.0,2024-12-22 04:30:00+00:00,"{'x': -0.373581, 'y': 51.46935}",SSEN-2818001160,SSEN-281800116002
281800116004,SSEN,18.0,3420.0,2024-12-22 04:30:00+00:00,"{'x': -0.373581, 'y': 51.46935}",SSEN-2818001160,SSEN-281800116004
281800116005,SSEN,43.0,10585.0,2024-12-22 04:30:00+00:00,"{'x': -0.373581, 'y': 51.46935}",SSEN-2818001160,SSEN-281800116005
281800116001,SSEN,46.0,8703.0,2024-12-22 05:00:00+00:00,"{'x': -0.373581, 'y': 51.46935}",SSEN-2818001160,SSEN-281800116001
281800116002,SSEN,19.0,4420.0,2024-12-22 05:00:00+00:00,"{'x': -0.373581, 'y': 51.46935}",SSEN-2818001160,SSEN-281800116002
281800116004,SSEN,18.0,3643.0,2024-12-22 05:00:00+00:00,"{'x': -0.373581, 'y': 51.46935}",SSEN-2818001160,SSEN-281800116004
281800116005,SSEN,43.0,8691.0,2024-12-22 05:00:00+00:00,"{'x': -0.373581, 'y': 51.46935}",SSEN-2818001160,SSEN-281800116005
281800116001,SSEN,46.0,10889.0,2024-12-22 05:30:00+00:00,"{'x': -0.373581, 'y': 51.46935}",SSEN-2818001160,SSEN-281800116001
281800116002,SSEN,19.0,3482.0,2024-12-22 05:30:00+00:00,"{'x': -0.373581, 'y': 51.46935}",SSEN-2818001160,SSEN-281800116002
281800116004,SSEN,18.0,3738.0,2024-12-22 05:30:00+00:00,"{'x': -0.373581, 'y': 51.46935}",SSEN-2818001160,SSEN-281800116004
281800116005,SSEN,43.0,10024.0,2024-12-22 05:30:00+00:00,"{'x': -0.373581, 'y': 51.46935}",SSEN-2818001160,SSEN-281800116005
281800116001,SSEN,46.0,8685.0,2024-12-22 06:00:00+00:00,"{'x': -0.373581, 'y': 51.46935}",SSEN-2818001160,SSEN-281800116001
281800116002,SSEN,19.0,2795.0,2024-12-22 06:00:00+00:00,"{'x': -0.373581, 'y': 51.46935}",SSEN-2818001160,SSEN-281800116002
281800116004,SSEN,18.0,3845.0,2024-12-22 06:00:00+00:00,"{'x': -0.373581, 'y': 51.46935}",SSEN-2818001160,SSEN-281800116004
281800116005,SSEN,43.0,8910.0,2024-12-22 06:00:00+00:00,"{'x': -0.373581, 'y': 51.46935}",SSEN-2818001160,SSEN-281800116005
281800116001,SSEN,46.0,8850.0,2024-12-22 06:30:00+00:00,"{'x': -0.373581, 'y': 51.46935}",SSEN-2818001160,SSEN-281800116001
281800116002,SSEN,19.0,3116.0,2024-12-22 06:30:00+00:00,"{'x': -0.373581, 'y': 51.46935}",SSEN-2818001160,SSEN-281800116002
281800116004,SSEN,18.0,4237.0,2024-12-22 06:30:00+00:00,"{'x': -0.373581, 'y': 51.46935}",SSEN-2818001160,SSEN-281800116004
281800116005,SSEN,43.0,8068.0,2024-12-22 06:30:00+00:00,"{'x': -0.373581, 'y': 51.46935}",SSEN-2818001160,SSEN-281800116005
281800116001,SSEN,46.0,9152.0,2024-12-22 07:00:00+00:00,"{'x': -0.373581, 'y': 51.46935}",SSEN-2818001160,SSEN-281800116001
281800116002,SSEN,19.0,5795.0,2024-12-22 07:00:00+00:00,"{'x': -0.373581, 'y': 51.46935}",SSEN-2818001160,SSEN-281800116002
281800116004,SSEN,18.0,4784.0,2024-12-22 07:00:00+00:00,"{'x': -0.373581, 'y': 51.46935}",SSEN-2818001160,SSEN-281800116004
281800116005,SSEN,43.0,9368.0,2024-12-22 07:00:00+00:00,"{'x': -0.373581, 'y': 51.46935}",SSEN-2818001160,SSEN-281800116005
281800116001,SSEN,46.0,10511.0,2024-12-22 07:30:00+00:00,"{'x': -0.373581, 'y': 51.46935}",SSEN-2818001160,SSEN-281800116001
281800116002,SSEN,19.0,3918.0,2024-12-22 07:30:00+00:00,"{'x': -0.373581, 'y': 51.46935}",SSEN-2818001160,SSEN-281800116002
281800116004,SSEN,18.0,3862.0,2024-12-22 07:30:00+00:00,"{'x': -0.373581, 'y': 51.46935}",SSEN-2818001160,SSEN-281800116004
281800116005,SSEN,43.0,10865.0,2024-12-22 07:30:00+00:00,"{'x': -0.373581, 'y': 51.46935}",SSEN-2818001160,SSEN-281800116005
281800116001,SSEN,46.0,10735.0,2024-12-22 08:00:00+00:00,"{'x': -0.373581, 'y': 51.46935}",SSEN-2818001160,SSEN-281800116001
281800116002,SSEN,19.0,4140.0,2024-12-22 08:00:00+00:00,"{'x': -0.373581, 'y': 51.46935}",SSEN-2818001160,SSEN-281800116002
281800116004,SSEN,18.0,4664.0,2024-12-22 08:00:00+00:00,"{'x': -0.373581, 'y': 51.46935}",SSEN-2818001160,SSEN-281800116004
281800116005,SSEN,43.0,8107.0,2024-12-22 08:00:00+00:00,"{'x': -0.373581, 'y': 51.46935}",SSEN-2818001160,SSEN-281800116005
281800116001,SSEN,46.0,11410.0,2024-12-22 08:30:00+00:00,"{'x': -0.373581, 'y': 51.46935}",SSEN-2818001160,SSEN-281800116001
281800116002,SSEN,19.0,4534.0,2024-12-22 08:30:00+00:00,"{'x': -0.373581, 'y': 51.46935}",SSEN-2818001160,SSEN-281800116002
281800116004,SSEN,18.0,5262.0,2024-12-22 08:30:00+00:00,"{'x': -0.373581, 'y': 51.46935}",SSEN-2818001160,SSEN-281800116004
281800116005,SSEN,43.0,10448.0,2024-12-22 08:30:00+00:00,"{'x': -0.373581, 'y': 51.46935}",SSEN-2818001160,SSEN-281800116005
281800116001,SSEN,46.0,14887.0,2024-12-22 09:00:00+00:00,"{'x': -0.373581, 'y': 51.46935}",SSEN-2818001160,SSEN-281800116001
281800116002,SSEN,19.0,4696.0,2024-12-22 09:00:00+00:00,"{'x': -0.373581, 'y': 51.46935}",SSEN-2818001160,SSEN-281800116002
281800116004,SSEN,18.0,5150.0,2024-12-22 09:00:00+00:00,"{'x': -0.373581, 'y': 51.46935}",SSEN-2818001160,SSEN-281800116004
281800116005,SSEN,43.0,11738.0,2024-12-22 09:00:00+00:00,"{'x': -0.373581, 'y': 51.46935}",SSEN-2818001160,SSEN-281800116005
281800116001,SSEN,46.0,16831.0,2024-12-22 09:30:00+00:00,"{'x': -0.373581, 'y': 51.46935}",SSEN-2818001160,SSEN-281800116001
281800116002,SSEN,19.0,6196.0,2024-12-22 09:30:00+00:00,"{'x': -0.373581, 'y': 51.46935}",SSEN-2818001160,SSEN-281800116002
281800116004,SSEN,18.0,4213.0,2024-12-22 09:30:00+00:00,"{'x': -0.373581, 'y': 51.46935}",SSEN-2818001160,SSEN-281800116004
281800116005,SSEN,43.0,14177.0,2024-12-22 09:30:00+00:00,"{'x': -0.373581, 'y': 51.46935}",SSEN-2818001160,SSEN-281800116005
281800116001,SSEN,46.0,20037.0,2024-12-22 10:00:00+00:00,"{'x': -0.373581, 'y': 51.46935}",SSEN-2818001160,SSEN-281800116001
281800116002,SSEN,19.0,5955.0,2024-12-22 10:00:00+00:00,"{'x': -0.373581, 'y': 51.46935}",SSEN-2818001160,SSEN-281800116002
281800116004,SSEN,18.0,4703.0,2024-12-22 10:00:00+00:00,"{'x': -0.373581, 'y': 51.46935}",SSEN-2818001160,SSEN-281800116004
281800116005,SSEN,43.0,14814.0,2024-12-22 10:00:00+00:00,"{'x': -0.373581, 'y': 51.46935}",SSEN-2818001160,SSEN-281800116005
281800116001,SSEN,46.0,22047.0,2024-12-22 10:30:00+00:00,"{'x': -0.373581, 'y': 51.46935}",SSEN-2818001160,SSEN-281800116001
281800116002,SSEN,19.0,5690.0,2024-12-22 10:30:00+00:00,"{'x': -0.373581, 'y': 51.46935}",SSEN-2818001160,SSEN-281800116002
281800116004,SSEN,18.0,4907.0,2024-12-22 10:30:00+00:00,"{'x': -0.373581, 'y': 51.46935}",SSEN-2818001160,SSEN-281800116004
281800116005,SSEN,43.0,19148.0,2024-12-22 10:30:00+00:00,"{'x': -0.373581, 'y': 51.46935}",SSEN-2818001160,SSEN-281800116005
281800116001,SSEN,46.0,21149.0,2024-12-22 11:00:00+00:00,"{'x': -0.373581, 'y': 51.46935}",SSEN-2818001160,SSEN-281800116001
281800116002,SSEN,19.0,6136.0,2024-12-22 11:00:00+00:00,"{'x': -0.373581, 'y': 51.46935}",SSEN-2818001160,SSEN-281800116002
281800116004,SSEN,18.0,12807.0,2024-12-22 11:00:00+00:00,"{'x': -0.373581, 'y': 51.46935}",SSEN-2818001160,SSEN-281800116004
281800116005,SSEN,43.0,19249.0,2024-12-22 11:00:00+00:00,"{'x': -0.373581, 'y': 51.46935}",SSEN-2818001160,SSEN-281800116005
281800116001,SSEN,46.0,19882.0,2024-12-22 11:30:00+00:00,"{'x': -0.373581, 'y': 51.46935}",SSEN-2818001160,SSEN-281800116001
281800116002,SSEN,19.0,6798.0,2024-12-22 11:30:00+00:00,"{'x': -0.373581, 'y': 51.46935}",SSEN-2818001160,SSEN-281800116002
281800116004,SSEN,18.0,15250.0,2024-12-22 11:30:00+00:00,"{'x': -0.373581, 'y': 51.46935}",SSEN-2818001160,SSEN-281800116004
281800116005,SSEN,43.0,15198.0,2024-12-22 11:30:00+00:00,"{'x': -0.373581, 'y': 51.46935}",SSEN-2818001160,SSEN-281800116005
281800116001,SSEN,46.0,17137.0,2024-12-22 12:00:00+00:00,"{'x': -0.373581, 'y': 51.46935}",SSEN-2818001160,SSEN-281800116001
281800116002,SSEN,19.0,6735.0,2024-12-22 12:00:00+00:00,"{'x': -0.373581, 'y': 51.46935}",SSEN-2818001160,SSEN-281800116002
281800116004,SSEN,18.0,15616.0,2024-12-22 12:00:00+00:00,"{'x': -0.373581, 'y': 51.46935}",SSEN-2818001160,SSEN-281800116004
281800116005,SSEN,43.0,16574.0,2024-12-22 12:00:00+00:00,"{'x': -0.373581, 'y': 51.46935}",SSEN-2818001160,SSEN-281800116005
281800116001,SSEN,46.0,18726.0,2024-12-22 12:30:00+00:00,"{'x': -0.373581, 'y': 51.46935}",SSEN-2818001160,SSEN-281800116001
281800116002,SSEN,19.0,7451.0,2024-12-22 12:30:00+00:00,"{'x': -0.373581, 'y': 51.46935}",SSEN-2818001160,SSEN-281800116002
281800116004,SSEN,18.0,14165.0,2024-12-22 12:30:00+00:00,"{'x': -0.373581, 'y': 51.46935}",SSEN-2818001160,SSEN-281800116004
281800116005,SSEN,43.0,19570.0,2024-12-22 12:30:00+00:00,"{'x': -0.373581, 'y': 51.46935}",SSEN-2818001160,SSEN-281800116005
281800116001,SSEN,46.0,18301.0,2024-12-22 13:00:00+00:00,"{'x': -0.373581, 'y': 51.46935}",SSEN-2818001160,SSEN-281800116001
281800116002,SSEN,19.0,4794.0,2024-12-22 13:00:00+00:00,"{'x': -0.373581, 'y': 51.46935}",SSEN-2818001160,SSEN-281800116002
281800116004,SSEN,18.0,13967.0,2024-12-22 13:00:00+00:00,"{'x': -0.373581, 'y': 51.46935}",SSEN-2818001160,SSEN-281800116004
281800116005,SSEN,43.0,20314.0,2024-12-22 13:00:00+00:00,"{'x': -0.373581, 'y': 51.46935}",SSEN-2818001160,SSEN-281800116005
281800116001,SSEN,46.0,15490.0,2024-12-22 13:30:00+00:00,"{'x': -0.373581, 'y': 51.46935}",SSEN-2818001160,SSEN-281800116001
281800116002,SSEN,19.0,6369.0,2024-12-22 13:30:00+00:00,"{'x': -0.373581, 'y': 51.46935}",SSEN-2818001160,SSEN-281800116002
281800116004,SSEN,18.0,14450.0,2024-12-22 13:30:00+00:00,"{'x': -0.373581, 'y': 51.46935}",SSEN-2818001160,SSEN-281800116004
281800116005,SSEN,43.0,18347.0,2024-12-22 13:30:00+00:00,"{'x': -0.373581, 'y': 51.46935}",SSEN-2818001160,SSEN-281800116005
281800116001,SSEN,46.0,13621.0,2024-12-22 14:00:00+00:00,"{'x': -0.373581, 'y': 51.46935}",SSEN-2818001160,SSEN-281800116001
281800116002,SSEN,19.0,8038.0,2024-12-22 14:00:00+00:00,"{'x': -0.373581, 'y': 51.46935}",SSEN-2818001160,SSEN-281800116002
281800116004,SSEN,18.0,6413.0,2024-12-22 14:00:00+00:00,"{'x': -0.373581, 'y': 51.46935}",SSEN-2818001160,SSEN-281800116004
281800116005,SSEN,43.0,19135.0,2024-12-22 14:00:00+00:00,"{'x': -0.373581, 'y': 51.46935}",SSEN-2818001160,SSEN-281800116005
281800116001,SSEN,46.0,14572.0,2024-12-22 14:30:00+00:00,"{'x': -0.373581, 'y': 51.46935}",SSEN-2818001160,SSEN-281800116001
281800116002,SSEN,19.0,7146.0,2024-12-22 14:30:00+00:00,"{'x': -0.373581, 'y': 51.46935}",SSEN-2818001160,SSEN-281800116002
281800116004,SSEN,18.0,5969.0,2024-12-22 14:30:00+00:00,"{'x': -0.373581, 'y': 51.46935}",SSEN-2818001160,SSEN-281800116004
281800116005,SSEN,43.0,18628.0,2024-12-22 14:30:00+00:00,"{'x': -0.373581, 'y': 51.46935}",SSEN-2818001160,SSEN-281800116005
281800116001,SSEN,46.0,15164.0,2024-12-22 15:00:00+00:00,"{'x': -0.373581, 'y': 51.46935}",SSEN-2818001160,SSEN-281800116001
281800116002,SSEN,19.0,8316.0,2024-12-22 15:00:00+00:00,"{'x': -0.373581, 'y': 51.46935}",SSEN-2818001160,SSEN-281800116002
281800116004,SSEN,18.0,5215.0,2024-12-22 15:00:00+00:00,"{'x': -0.373581, 'y': 51.46935}",SSEN-2818001160,SSEN-281800116004
281800116005,SSEN,43.0,15216.0,2024-12-22 15:00:00+00:00,"{'x': -0.373581, 'y': 51.46935}",SSEN-2818001160,SSEN-281800116005
281800116001,SSEN,46.0,12944.0,2024-12-22 15:30:00+00:00,"{'x': -0.373581, 'y': 51.46935}",SSEN-2818001160,SSEN-281800116001
281800116002,SSEN,19.0,10712.0,2024-12-22 15:30:00+00:00,"{'x': -0.373581, 'y': 51.46935}",SSEN-2818001160,SSEN-281800116002
281800116004,SSEN,18.0,5114.0,2024-12-22 15:30:00+00:00,"{'x': -0.373581, 'y': 51.46935}",SSEN-2818001160,SSEN-281800116004
281800116005,SSEN,43.0,18330.0,2024-12-22 15:30:00+00:00,"{'x': -0.373581, 'y': 51.46935}",SSEN-2818001160,SSEN-281800116005
281800116001,SSEN,46.0,13626.0,2024-12-22 16:00:00+00:00,"{'x': -0.373581, 'y': 51.46935}",SSEN-2818001160,SSEN-281800116001
281800116002,SSEN,19.0,9635.0,2024-12-22 16:00:00+00:00,"{'x': -0.373581, 'y': 51.46935}",SSEN-2818001160,SSEN-281800116002
281800116004,SSEN,18.0,5829.0,2024-12-22 16:00:00+00:00,"{'x': -0.373581, 'y': 51.46935}",SSEN-2818001160,SSEN-281800116004
281800116005,SSEN,43.0,22098.0,2024-12-22 16:00:00+00:00,"{'x': -0.373581, 'y': 51.46935}",SSEN-2818001160,SSEN-281800116005
281800116001,SSEN,46.0,15706.0,2024-12-22 16:30:00+00:00,"{'x': -0.373581, 'y': 51.46935}",SSEN-2818001160,SSEN-281800116001
281800116002,SSEN,19.0,12693.0,2024-12-22 16:30:00+00:00,"{'x': -0.373581, 'y': 51.46935}",SSEN-2818001160,SSEN-281800116002
281800116004,SSEN,18.0,4731.0,2024-12-22 16:30:00+00:00,"{'x': -0.373581, 'y': 51.46935}",SSEN-2818001160,SSEN-281800116004
281800116005,SSEN,43.0,24782.0,2024-12-22 16:30:00+00:00,"{'x': -0.373581, 'y': 51.46935}",SSEN-2818001160,SSEN-281800116005
281800116001,SSEN,46.0,14591.0,2024-12-22 17:00:00+00:00,"{'x': -0.373581, 'y': 51.46935}",SSEN-2818001160,SSEN-281800116001
281800116002,SSEN,19.0,13621.0,2024-12-22 17:00:00+00:00,"{'x': -0.373581, 'y': 51.46935}",SSEN-2818001160,SSEN-281800116002
281800116004,SSEN,18.0,4992.0,2024-12-22 17:00:00+00:00,"{'x': -0.373581, 'y': 51.46935}",SSEN-2818001160,SSEN-281800116004
281800116005,SSEN,43.0,18745.0,2024-12-22 17:00:00+00:00,"{'x': -0.373581, 'y': 51.46935}",SSEN-2818001160,SSEN-281800116005
281800116001,SSEN,46.0,17229.0,2024-12-22 17:30:00+00:00,"{'x': -0.373581, 'y': 51.46935}",SSEN-2818001160,SSEN-281800116001
281800116002,SSEN,19.0,9372.0,2024-12-22 17:30:00+00:00,"{'x': -0.373581, 'y': 51.46935}",SSEN-2818001160,SSEN-281800116002
281800116004,SSEN,18.0,5585.0,2024-12-22 17:30:00+00:00,"{'x': -0.373581, 'y': 51.46935}",SSEN-2818001160,SSEN-281800116004
281800116005,SSEN,43.0,16528.0,2024-12-22 17:30:00+00:00,"{'x': -0.373581, 'y': 51.46935}",SSEN-2818001160,SSEN-281800116005
281800116001,SSEN,46.0,19186.0,2024-12-22 18:00:00+00:00,"{'x': -0.373581, 'y': 51.46935}",SSEN-2818001160,SSEN-281800116001
281800116002,SSEN,19.0,10606.0,2024-12-22 18:00:00+00:00,"{'x': -0.373581, 'y': 51.46935}",SSEN-2818001160,SSEN-281800116002
281800116004,SSEN,18.0,4993.0,2024-12-22 18:00:00+00:00,"{'x': -0.373581, 'y': 51.46935}",SSEN-2818001160,SSEN-281800116004
281800116005,SSEN,43.0,20398.0,2024-12-22 18:00:00+00:00,"{'x': -0.373581, 'y': 51.46935}",SSEN-2818001160,SSEN-281800116005
281800116001,SSEN,46.0,19279.0,2024-12-22 18:30:00+00:00,"{'x': -0.373581, 'y': 51.46935}",SSEN-2818001160,SSEN-281800116001
281800116002,SSEN,19.0,11553.0,2024-12-22 18:30:00+00:00,"{'x': -0.373581, 'y': 51.46935}",SSEN-2818001160,SSEN-281800116002
281800116004,SSEN,18.0,5123.0,2024-12-22 18:30:00+00:00,"{'x': -0.373581, 'y': 51.46935}",SSEN-2818001160,SSEN-281800116004
281800116005,SSEN,43.0,18825.0,2024-12-22 18:30:00+00:00,"{'x': -0.373581, 'y': 51.46935}",SSEN-2818001160,SSEN-281800116005
281800116001,SSEN,46.0,16835.0,2024-12-22 19:00:00+00:00,"{'x': -0.373581, 'y': 51.46935}",SSEN-2818001160,SSEN-281800116001
281800116002,SSEN,19.0,10438.0,2024-12-22 19:00:00+00:00,"{'x': -0.373581, 'y': 51.46935}",SSEN-2818001160,SSEN-281800116002
281800116004,SSEN,18.0,4736.0,2024-12-22 19:00:00+00:00,"{'x': -0.373581, 'y': 51.46935}",SSEN-2818001160,SSEN-281800116004
281800116005,SSEN,43.0,17771.0,2024-12-22 19:00:00+00:00,"{'x': -0.373581, 'y': 51.46935}",SSEN-2818001160,SSEN-281800116005
281800116001,SSEN,46.0,17446.0,2024-12-22 19:30:00+00:00,"{'x': -0.373581, 'y': 51.46935}",SSEN-2818001160,SSEN-281800116001
281800116002,SSEN,19.0,10312.0,2024-12-22 19:30:00+00:00,"{'x': -0.373581, 'y': 51.46935}",SSEN-2818001160,SSEN-281800116002
281800116004,SSEN,18.0,4965.0,2024-12-22 19:30:00+00:00,"{'x': -0.373581, 'y': 51.46935}",SSEN-2818001160,SSEN-281800116004
281800116005,SSEN,43.0,17955.0,2024-12-22 19:30:00+00:00,"{'x': -0.373581, 'y': 51.46935}",SSEN-2818001160,SSEN-281800116005
281800116001,SSEN,46.0,17275.0,2024-12-22 20:00:00+00:00,"{'x': -0.373581, 'y': 51.46935}",SSEN-2818001160,SSEN-281800116001
281800116002,SSEN,19.0,8764.0,2024-12-22 20:00:00+00:00,"{'x': -0.373581, 'y': 51.46935}",SSEN-2818001160,SSEN-281800116002
281800116004,SSEN,18.0,6398.0,2024-12-22 20:00:00+00:00,"{'x': -0.373581, 'y': 51.46935}",SSEN-2818001160,SSEN-281800116004
281800116005,SSEN,43.0,18473.0,2024-12-22 20:00:00+00:00,"{'x': -0.373581, 'y': 51.46935}",SSEN-2818001160,SSEN-281800116005
281800116001,SSEN,46.0,17915.0,2024-12-22 20:30:00+00:00,"{'x': -0.373581, 'y': 51.46935}",SSEN-2818001160,SSEN-281800116001
281800116002,SSEN,19.0,11208.0,2024-12-22 20:30:00+00:00,"{'x': -0.373581, 'y': 51.46935}",SSEN-2818001160,SSEN-281800116002
281800116004,SSEN,18.0,5796.0,2024-12-22 20:30:00+00:00,"{'x': -0.373581, 'y': 51.46935}",SSEN-2818001160,SSEN-281800116004
281800116005,SSEN,43.0,18399.0,2024-12-22 20:30:00+00:00,"{'x': -0.373581, 'y': 51.46935}",SSEN-2818001160,SSEN-281800116005
281800116001,SSEN,46.0,18326.0,2024-12-22 21:00:00+00:00,"{'x': -0.373581, 'y': 51.46935}",SSEN-2818001160,SSEN-281800116001
281800116002,SSEN,19.0,11091.0,2024-12-22 21:00:00+00:00,"{'x': -0.373581, 'y': 51.46935}",SSEN-2818001160,SSEN-281800116002
281800116004,SSEN,18.0,4698.0,2024-12-22 21:00:00+00:00,"{'x': -0.373581, 'y': 51.46935}",SSEN-2818001160,SSEN-281800116004
281800116005,SSEN,43.0,17680.0,2024-12-22 21:00:00+00:00,"{'x': -0.373581, 'y': 51.46935}",SSEN-2818001160,SSEN-281800116005
281800116001,SSEN,46.0,18009.0,2024-12-22 21:30:00+00:00,"{'x': -0.373581, 'y': 51.46935}",SSEN-2818001160,SSEN-281800116001
281800116002,SSEN,19.0,8396.0,2024-12-22 21:30:00+00:00,"{'x': -0.373581, 'y': 51.46935}",SSEN-2818001160,SSEN-281800116002
281800116004,SSEN,18.0,6461.0,2024-12-22 21:30:00+00:00,"{'x': -0.373581, 'y': 51.46935}",SSEN-2818001160,SSEN-281800116004
281800116005,SSEN,43.0,13447.0,2024-12-22 21:30:00+00:00,"{'x': -0.373581, 'y': 51.46935}",SSEN-2818001160,SSEN-281800116005
281800116001,SSEN,46.0,15705.0,2024-12-22 22:00:00+00:00,"{'x': -0.373581, 'y': 51.46935}",SSEN-2818001160,SSEN-281800116001
281800116002,SSEN,19.0,8996.0,2024-12-22 22:00:00+00:00,"{'x': -0.373581, 'y': 51.46935}",SSEN-2818001160,SSEN-281800116002
281800116004,SSEN,18.0,6740.0,2024-12-22 22:00:00+00:00,"{'x': -0.373581, 'y': 51.46935}",SSEN-2818001160,SSEN-281800116004
281800116005,SSEN,43.0,14750.0,2024-12-22 22:00:00+00:00,"{'x': -0.373581, 'y': 51.46935}",SSEN-2818001160,SSEN-281800116005
281800116001,SSEN,46.0,13647.0,2024-12-22 22:30:00+00:00,"{'x': -0.373581, 'y': 51.46935}",SSEN-2818001160,SSEN-281800116001
281800116002,SSEN,19.0,7538.0,2024-12-22 22:30:00+00:00,"{'x': -0.373581, 'y': 51.46935}",SSEN-2818001160,SSEN-281800116002
281800116004,SSEN,18.0,6686.0,2024-12-22 22:30:00+00:00,"{'x': -0.373581, 'y': 51.46935}",SSEN-2818001160,SSEN-281800116004
281800116005,SSEN,43.0,13926.0,2024-12-22 22:30:00+00:00,"{'x': -0.373581, 'y': 51.46935}",SSEN-2818001160,SSEN-281800116005
281800116001,SSEN,46.0,11622.0,2024-12-22 23:00:00+00:00,"{'x': -0.373581, 'y': 51.46935}",SSEN-2818001160,SSEN-281800116001
281800116002,SSEN,19.0,6522.0,2024-12-22 23:00:00+00:00,"{'x': -0.373581, 'y': 51.46935}",SSEN-2818001160,SSEN-281800116002
281800116004,SSEN,18.0,6622.0,2024-12-22 23:00:00+00:00,"{'x': -0.373581, 'y': 51.46935}",SSEN-2818001160,SSEN-281800116004
281800116005,SSEN,43.0,16541.0,2024-12-22 23:00:00+00:00,"{'x': -0.373581, 'y': 51.46935}",SSEN-2818001160,SSEN-281800116005
281800116001,SSEN,46.0,10590.0,2024-12-22 23:30:00+00:00,"{'x': -0.373581, 'y': 51.46935}",SSEN-2818001160,SSEN-281800116001
281800116002,SSEN,19.0,5769.0,2024-12-22 23:30:00+00:00,"{'x': -0.373581, 'y': 51.46935}",SSEN-2818001160,SSEN-281800116002
281800116004,SSEN,18.0,6093.0,2024-12-22 23:30:00+00:00,"{'x': -0.373581, 'y': 51.46935}",SSEN-2818001160,SSEN-281800116004
281800116005,SSEN,43.0,19676.0,2024-12-22 23:30:00+00:00,"{'x': -0.373581, 'y': 51.46935}",SSEN-2818001160,SSEN-281800116005
281800116001,SSEN,46.0,8958.0,2024-12-23 00:00:00+00:00,"{'x': -0.373581, 'y': 51.46935}",SSEN-2818001160,SSEN-281800116001
281800116002,SSEN,19.0,7169.0,2024-12-23 00:00:00+00:00,"{'x': -0.373581, 'y': 51.46935}",SSEN-2818001160,SSEN-281800116002
281800116004,SSEN,18.0,5235.0,2024-12-23 00:00:00+00:00,"{'x': -0.373581, 'y': 51.46935}",SSEN-2818001160,SSEN-281800116004
281800116005,SSEN,43.0,14486.0,2024-12-23 00:00:00+00:00,"{'x': -0.373581, 'y': 51.46935}",SSEN-2818001160,SSEN-281800116005
281800116001,SSEN,47.0,13331.0,2024-12-23 00:30:00+00:00,"{'x': -0.373581, 'y': 51.46935}",SSEN-2818001160,SSEN-281800116001
281800116002,SSEN,19.0,7035.0,2024-12-23 00:30:00+00:00,"{'x': -0.373581, 'y': 51.46935}",SSEN-2818001160,SSEN-281800116002
281800116004,SSEN,18.0,4546.0,2024-12-23 00:30:00+00:00,"{'x': -0.373581, 'y': 51.46935}",SSEN-2818001160,SSEN-281800116004
281800116005,SSEN,43.0,12530.0,2024-12-23 00:30:00+00:00,"{'x': -0.373581, 'y': 51.46935}",SSEN-2818001160,SSEN-281800116005
281800116001,SSEN,47.0,15459.0,2024-12-23 01:00:00+00:00,"{'x': -0.373581, 'y': 51.46935}",SSEN-2818001160,SSEN-281800116001
281800116002,SSEN,19.0,6082.0,2024-12-23 01:00:00+00:00,"{'x': -0.373581, 'y': 51.46935}",SSEN-2818001160,SSEN-281800116002
281800116004,SSEN,18.0,4701.0,2024-12-23 01:00:00+00:00,"{'x': -0.373581, 'y': 51.46935}",SSEN-2818001160,SSEN-281800116004
281800116005,SSEN,43.0,12859.0,2024-12-23 01:00:00+00:00,"{'x': -0.373581, 'y': 51.46935}",SSEN-2818001160,SSEN-281800116005
281800116001,SSEN,47.0,15275.0,2024-12-23 01:30:00+00:00,"{'x': -0.373581, 'y': 51.46935}",SSEN-2818001160,SSEN-281800116001
281800116002,SSEN,19.0,5410.0,2024-12-23 01:30:00+00:00,"{'x': -0.373581, 'y': 51.46935}",SSEN-2818001160,SSEN-281800116002
281800116004,SSEN,18.0,4012.0,2024-12-23 01:30:00+00:00,"{'x': -0.373581, 'y': 51.46935}",SSEN-2818001160,SSEN-281800116004
281800116005,SSEN,43.0,10805.0,2024-12-23 01:30:00+00:00,"{'x': -0.373581, 'y': 51.46935}",SSEN-2818001160,SSEN-281800116005
281800116001,SSEN,47.0,13849.0,2024-12-23 02:00:00+00:00,"{'x': -0.373581, 'y': 51.46935}",SSEN-2818001160,SSEN-281800116001
281800116002,SSEN,19.0,4743.0,2024-12-23 02:00:00+00:00,"{'x': -0.373581, 'y': 51.46935}",SSEN-2818001160,SSEN-281800116002
281800116004,SSEN,18.0,3814.0,2024-12-23 02:00:00+00:00,"{'x': -0.373581, 'y': 51.46935}",SSEN-2818001160,SSEN-281800116004
281800116005,SSEN,43.0,11213.0,2024-12-23 02:00:00+00:00,"{'x': -0.373581, 'y': 51.46935}",SSEN-2818001160,SSEN-281800116005
281800116001,SSEN,47.0,13064.0,2024-12-23 02:30:00+00:00,"{'x': -0.373581, 'y': 51.46935}",SSEN-2818001160,SSEN-281800116001
281800116002,SSEN,19.0,5164.0,2024-12-23 02:30:00+00:00,"{'x': -0.373581, 'y': 51.46935}",SSEN-2818001160,SSEN-281800116002
281800116004,SSEN,18.0,3919.0,2024-12-23 02:30:00+00:00,"{'x': -0.373581, 'y': 51.46935}",SSEN-2818001160,SSEN-281800116004
281800116005,SSEN,43.0,15280.0,2024-12-23 02:30:00+00:00,"{'x': -0.373581, 'y': 51.46935}",SSEN-2818001160,SSEN-281800116005
281800116001,SSEN,46.0,12352.0,2024-12-23 03:00:00+00:00,"{'x': -0.373581, 'y': 51.46935}",SSEN-2818001160,SSEN-281800116001
281800116002,SSEN,19.0,4165.0,2024-12-23 03:00:00+00:00,"{'x': -0.373581, 'y': 51.46935}",SSEN-2818001160,SSEN-281800116002
281800116004,SSEN,18.0,3558.0,2024-12-23 03:00:00+00:00,"{'x': -0.373581, 'y': 51.46935}",SSEN-2818001160,SSEN-281800116004
281800116005,SSEN,43.0,12473.0,2024-12-23 03:00:00+00:00,"{'x': -0.373581, 'y': 51.46935}",SSEN-2818001160,SSEN-281800116005
281800116001,SSEN,47.0,13022.0,2024-12-23 03:30:00+00:00,"{'x': -0.373581, 'y': 51.46935}",SSEN-2818001160,SSEN-281800116001
281800116002,SSEN,19.0,3705.0,2024-12-23 03:30:00+00:00,"{'x': -0.373581, 'y': 51.46935}",SSEN-2818001160,SSEN-281800116002
281800116004,SSEN,18.0,3535.0,2024-12-23 03:30:00+00:00,"{'x': -0.373581, 'y': 51.46935}",SSEN-2818001160,SSEN-281800116004
281800116005,SSEN,43.0,12723.0,2024-12-23 03:30:00+00:00,"{'x': -0.373581, 'y': 51.46935}",SSEN-2818001160,SSEN-281800116005
281800116001,SSEN,47.0,13991.0,2024-12-23 04:00:00+00:00,"{'x': -0.373581, 'y': 51.46935}",SSEN-2818001160,SSEN-281800116001
281800116002,SSEN,19.0,3881.0,2024-12-23 04:00:00+00:00,"{'x': -0.373581, 'y': 51.46935}",SSEN-2818001160,SSEN-281800116002
281800116004,SSEN,18.0,3722.0,2024-12-23 04:00:00+00:00,"{'x': -0.373581, 'y': 51.46935}",SSEN-2818001160,SSEN-281800116004
281800116005,SSEN,43.0,13706.0,2024-12-23 04:00:00+00:00,"{'x': -0.373581, 'y': 51.46935}",SSEN-2818001160,SSEN-281800116005
281800116001,SSEN,47.0,11983.0,2024-12-23 04:30:00+00:00,"{'x': -0.373581, 'y': 51.46935}",SSEN-2818001160,SSEN-281800116001
281800116002,SSEN,19.0,4294.0,2024-12-23 04:30:00+00:00,"{'x': -0.373581, 'y': 51.46935}",SSEN-2818001160,SSEN-281800116002
281800116004,SSEN,18.0,3492.0,2024-12-23 04:30:00+00:00,"{'x': -0.373581, 'y': 51.46935}",SSEN-2818001160,SSEN-281800116004
281800116005,SSEN,43.0,9924.0,2024-12-23 04:30:00+00:00,"{'x': -0.373581, 'y': 51.46935}",SSEN-2818001160,SSEN-281800116005
281800116001,SSEN,47.0,14324.0,2024-12-23 05:00:00+00:00,"{'x': -0.373581, 'y': 51.46935}",SSEN-2818001160,SSEN-281800116001
281800116002,SSEN,19.0,3677.0,2024-12-23 05:00:00+00:00,"{'x': -0.373581, 'y': 51.46935}",SSEN-2818001160,SSEN-281800116002
281800116004,SSEN,18.0,3442.0,2024-12-23 05:00:00+00:00,"{'x': -0.373581, 'y': 51.46935}",SSEN-2818001160,SSEN-281800116004
281800116005,SSEN,43.0,9664.0,2024-12-23 05:00:00+00:00,"{'x': -0.373581, 'y': 51.46935}",SSEN-2818001160,SSEN-281800116005
281800116001,SSEN,47.0,14013.0,2024-12-23 05:30:00+00:00,"{'x': -0.373581, 'y': 51.46935}",SSEN-2818001160,SSEN-281800116001
281800116002,SSEN,19.0,4318.0,2024-12-23 05:30:00+00:00,"{'x': -0.373581, 'y': 51.46935}",SSEN-2818001160,SSEN-281800116002
281800116004,SSEN,18.0,3561.0,2024-12-23 05:30:00+00:00,"{'x': -0.373581, 'y': 51.46935}",SSEN-2818001160,SSEN-281800116004
281800116005,SSEN,43.0,13322.0,2024-12-23 05:30:00+00:00,"{'x': -0.373581, 'y': 51.46935}",SSEN-2818001160,SSEN-281800116005
281800116001,SSEN,47.0,13496.0,2024-12-23 06:00:00+00:00,"{'x': -0.373581, 'y': 51.46935}",SSEN-2818001160,SSEN-281800116001
281800116002,SSEN,19.0,4035.0,2024-12-23 06:00:00+00:00,"{'x': -0.373581, 'y': 51.46935}",SSEN-2818001160,SSEN-281800116002
281800116004,SSEN,18.0,3761.0,2024-12-23 06:00:00+00:00,"{'x': -0.373581, 'y': 51.46935}",SSEN-2818001160,SSEN-281800116004
281800116005,SSEN,43.0,8742.0,2024-12-23 06:00:00+00:00,"{'x': -0.373581, 'y': 51.46935}",SSEN-2818001160,SSEN-281800116005
281800116001,SSEN,47.0,14230.0,2024-12-23 06:30:00+00:00,"{'x': -0.373581, 'y': 51.46935}",SSEN-2818001160,SSEN-281800116001
281800116002,SSEN,19.0,5391.0,2024-12-23 06:30:00+00:00,"{'x': -0.373581, 'y': 51.46935}",SSEN-2818001160,SSEN-281800116002
281800116004,SSEN,18.0,4210.0,2024-12-23 06:30:00+00:00,"{'x': -0.373581, 'y': 51.46935}",SSEN-2818001160,SSEN-281800116004
281800116005,SSEN,43.0,8418.0,2024-12-23 06:30:00+00:00,"{'x': -0.373581, 'y': 51.46935}",SSEN-2818001160,SSEN-281800116005
281800116001,SSEN,47.0,13062.0,2024-12-23 07:00:00+00:00,"{'x': -0.373581, 'y': 51.46935}",SSEN-2818001160,SSEN-281800116001
281800116002,SSEN,19.0,6433.0,2024-12-23 07:00:00+00:00,"{'x': -0.373581, 'y': 51.46935}",SSEN-2818001160,SSEN-281800116002
281800116004,SSEN,18.0,4898.0,2024-12-23 07:00:00+00:00,"{'x': -0.373581, 'y': 51.46935}",SSEN-2818001160,SSEN-281800116004
281800116005,SSEN,43.0,9196.0,2024-12-23 07:00:00+00:00,"{'x': -0.373581, 'y': 51.46935}",SSEN-2818001160,SSEN-281800116005
281800116001,SSEN,47.0,11241.0,2024-12-23 07:30:00+00:00,"{'x': -0.373581, 'y': 51.46935}",SSEN-2818001160,SSEN-281800116001
281800116002,SSEN,19.0,4258.0,2024-12-23 07:30:00+00:00,"{'x': -0.373581, 'y': 51.46935}",SSEN-2818001160,SSEN-281800116002
281800116004,SSEN,18.0,5369.0,2024-12-23 07:30:00+00:00,"{'x': -0.373581, 'y': 51.46935}",SSEN-2818001160,SSEN-281800116004
281800116005,SSEN,43.0,12346.0,2024-12-23 07:30:00+00:00,"{'x': -0.373581, 'y': 51.46935}",SSEN-2818001160,SSEN-281800116005
281800116001,SSEN,47.0,11564.0,2024-12-23 08:00:00+00:00,"{'x': -0.373581, 'y': 51.46935}",SSEN-2818001160,SSEN-281800116001
281800116002,SSEN,19.0,4716.0,2024-12-23 08:00:00+00:00,"{'x': -0.373581, 'y': 51.46935}",SSEN-2818001160,SSEN-281800116002
281800116004,SSEN,18.0,4920.0,2024-12-23 08:00:00+00:00,"{'x': -0.373581, 'y': 51.46935}",SSEN-2818001160,SSEN-281800116004
281800116005,SSEN,43.0,12176.0,2024-12-23 08:00:00+00:00,"{'x': -0.373581, 'y': 51.46935}",SSEN-2818001160,SSEN-281800116005
281800116001,SSEN,47.0,15910.0,2024-12-23 08:30:00+00:00,"{'x': -0.373581, 'y': 51.46935}",SSEN-2818001160,SSEN-281800116001
281800116002,SSEN,19.0,5980.0,2024-12-23 08:30:00+00:00,"{'x': -0.373581, 'y': 51.46935}",SSEN-2818001160,SSEN-281800116002
281800116004,SSEN,18.0,4898.0,2024-12-23 08:30:00+00:00,"{'x': -0.373581, 'y': 51.46935}",SSEN-2818001160,SSEN-281800116004
281800116005,SSEN,43.0,13643.0,2024-12-23 08:30:00+00:00,"{'x': -0.373581, 'y': 51.46935}",SSEN-2818001160,SSEN-281800116005
281800116001,SSEN,47.0,15093.0,2024-12-23 09:00:00+00:00,"{'x': -0.373581, 'y': 51.46935}",SSEN-2818001160,SSEN-281800116001
281800116002,SSEN,19.0,5715.0,2024-12-23 09:00:00+00:00,"{'x': -0.373581, 'y': 51.46935}",SSEN-2818001160,SSEN-281800116002
281800116004,SSEN,18.0,5543.0,2024-12-23 09:00:00+00:00,"{'x': -0.373581, 'y': 51.46935}",SSEN-2818001160,SSEN-281800116004
281800116005,SSEN,43.0,12619.0,2024-12-23 09:00:00+00:00,"{'x': -0.373581, 'y': 51.46935}",SSEN-2818001160,SSEN-281800116005
281800116001,SSEN,47.0,16639.0,2024-12-23 09:30:00+00:00,"{'x': -0.373581, 'y': 51.46935}",SSEN-2818001160,SSEN-281800116001
281800116002,SSEN,19.0,5956.0,2024-12-23 09:30:00+00:00,"{'x': -0.373581, 'y': 51.46935}",SSEN-2818001160,SSEN-281800116002
281800116004,SSEN,18.0,5934.0,2024-12-23 09:30:00+00:00,"{'x': -0.373581, 'y': 51.46935}",SSEN-2818001160,SSEN-281800116004
281800116005,SSEN,43.0,12677.0,2024-12-23 09:30:00+00:00,"{'x': -0.373581, 'y': 51.46935}",SSEN-2818001160,SSEN-281800116005
281800116001,SSEN,47.0,14652.0,2024-12-23 10:00:00+00:00,"{'x': -0.373581, 'y': 51.46935}",SSEN-2818001160,SSEN-281800116001
281800116002,SSEN,19.0,6025.0,2024-12-23 10:00:00+00:00,"{'x': -0.373581, 'y': 51.46935}",SSEN-2818001160,SSEN-281800116002
281800116004,SSEN,18.0,5976.0,2024-12-23 10:00:00+00:00,"{'x': -0.373581, 'y': 51.46935}",SSEN-2818001160,SSEN-281800116004
281800116005,SSEN,43.0,15504.0,2024-12-23 10:00:00+00:00,"{'x': -0.373581, 'y': 51.46935}",SSEN-2818001160,SSEN-281800116005
281800116001,SSEN,47.0,15511.0,2024-12-23 10:30:00+00:00,"{'x': -0.373581, 'y': 51.46935}",SSEN-2818001160,SSEN-281800116001
281800116002,SSEN,19.0,5399.0,2024-12-23 10:30:00+00:00,"{'x': -0.373581, 'y': 51.46935}",SSEN-2818001160,SSEN-281800116002
281800116004,SSEN,18.0,5923.0,2024-12-23 10:30:00+00:00,"{'x': -0.373581, 'y': 51.46935}",SSEN-2818001160,SSEN-281800116004
281800116005,SSEN,43.0,16446.0,2024-12-23 10:30:00+00:00,"{'x': -0.373581, 'y': 51.46935}",SSEN-2818001160,SSEN-281800116005
281800116001,SSEN,47.0,13151.0,2024-12-23 11:00:00+00:00,"{'x': -0.373581, 'y': 51.46935}",SSEN-2818001160,SSEN-281800116001
281800116002,SSEN,19.0,5805.0,2024-12-23 11:00:00+00:00,"{'x': -0.373581, 'y': 51.46935}",SSEN-2818001160,SSEN-281800116002
281800116004,SSEN,18.0,7639.0,2024-12-23 11:00:00+00:00,"{'x': -0.373581, 'y': 51.46935}",SSEN-2818001160,SSEN-281800116004
281800116005,SSEN,43.0,15723.0,2024-12-23 11:00:00+00:00,"{'x': -0.373581, 'y': 51.46935}",SSEN-2818001160,SSEN-281800116005
281800116001,SSEN,47.0,14003.0,2024-12-23 11:30:00+00:00,"{'x': -0.373581, 'y': 51.46935}",SSEN-2818001160,SSEN-281800116001
281800116002,SSEN,19.0,5341.0,2024-12-23 11:30:00+00:00,"{'x': -0.373581, 'y': 51.46935}",SSEN-2818001160,SSEN-281800116002
281800116004,SSEN,18.0,6397.0,2024-12-23 11:30:00+00:00,"{'x': -0.373581, 'y': 51.46935}",SSEN-2818001160,SSEN-281800116004
281800116005,SSEN,43.0,15282.0,2024-12-23 11:30:00+00:00,"{'x': -0.373581, 'y': 51.46935}",SSEN-2818001160,SSEN-281800116005
281800116001,SSEN,47.0,14937.0,2024-12-23 12:00:00+00:00,"{'x': -0.373581, 'y': 51.46935}",SSEN-2818001160,SSEN-281800116001
281800116002,SSEN,19.0,3698.0,2024-12-23 12:00:00+00:00,"{'x': -0.373581, 'y': 51.46935}",SSEN-2818001160,SSEN-281800116002
281800116004,SSEN,18.0,5219.0,2024-12-23 12:00:00+00:00,"{'x': -0.373581, 'y': 51.46935}",SSEN-2818001160,SSEN-281800116004
281800116005,SSEN,43.0,14281.0,2024-12-23 12:00:00+00:00,"{'x': -0.373581, 'y': 51.46935}",SSEN-2818001160,SSEN-281800116005
281800116001,SSEN,47.0,15167.0,2024-12-23 12:30:00+00:00,"{'x': -0.373581, 'y': 51.46935}",SSEN-2818001160,SSEN-281800116001
281800116002,SSEN,19.0,4273.0,2024-12-23 12:30:00+00:00,"{'x': -0.373581, 'y': 51.46935}",SSEN-2818001160,SSEN-281800116002
281800116004,SSEN,18.0,4771.0,2024-12-23 12:30:00+00:00,"{'x': -0.373581, 'y': 51.46935}",SSEN-2818001160,SSEN-281800116004
281800116005,SSEN,43.0,12210.0,2024-12-23 12:30:00+00:00,"{'x': -0.373581, 'y': 51.46935}",SSEN-2818001160,SSEN-281800116005
281800116001,SSEN,47.0,14568.0,2024-12-23 13:00:00+00:00,"{'x': -0.373581, 'y': 51.46935}",SSEN-2818001160,SSEN-281800116001
281800116002,SSEN,19.0,4978.0,2024-12-23 13:00:00+00:00,"{'x': -0.373581, 'y': 51.46935}",SSEN-2818001160,SSEN-281800116002
281800116004,SSEN,18.0,5596.0,2024-12-23 13:00:00+00:00,"{'x': -0.373581, 'y': 51.46935}",SSEN-2818001160,SSEN-281800116004
281800116005,SSEN,43.0,12473.0,2024-12-23 13:00:00+00:00,"{'x': -0.373581, 'y': 51.46935}",SSEN-2818001160,SSEN-281800116005
281800116001,SSEN,47.0,16480.0,2024-12-23 13:30:00+00:00,"{'x': -0.373581, 'y': 51.46935}",SSEN-2818001160,SSEN-281800116001
281800116002,SSEN,19.0,7962.0,2024-12-23 13:30:00+00:00,"{'x': -0.373581, 'y': 51.46935}",SSEN-2818001160,SSEN-281800116002
281800116004,SSEN,18.0,5970.0,2024-12-23 13:30:00+00:00,"{'x': -0.373581, 'y': 51.46935}",SSEN-2818001160,SSEN-281800116004
281800116005,SSEN,43.0,12367.0,2024-12-23 13:30:00+00:00,"{'x': -0.373581, 'y': 51.46935}",SSEN-2818001160,SSEN-281800116005
281800116001,SSEN,47.0,13475.0,2024-12-23 14:00:00+00:00,"{'x': -0.373581, 'y': 51.46935}",SSEN-2818001160,SSEN-281800116001
281800116002,SSEN,19.0,6920.0,2024-12-23 14:00:00+00:00,"{'x': -0.373581, 'y': 51.46935}",SSEN-2818001160,SSEN-281800116002
281800116004,SSEN,18.0,7547.0,2024-12-23 14:00:00+00:00,"{'x': -0.373581, 'y': 51.46935}",SSEN-2818001160,SSEN-281800116004
281800116005,SSEN,43.0,11464.0,2024-12-23 14:00:00+00:00,"{'x': -0.373581, 'y': 51.46935}",SSEN-2818001160,SSEN-281800116005
281800116001,SSEN,47.0,17493.0,2024-12-23 14:30:00+00:00,"{'x': -0.373581, 'y': 51.46935}",SSEN-2818001160,SSEN-281800116001
281800116002,SSEN,19.0,5900.0,2024-12-23 14:30:00+00:00,"{'x': -0.373581, 'y': 51.46935}",SSEN-2818001160,SSEN-281800116002
281800116004,SSEN,18.0,7693.0,2024-12-23 14:30:00+00:00,"{'x': -0.373581, 'y': 51.46935}",SSEN-2818001160,SSEN-281800116004
281800116005,SSEN,43.0,11357.0,2024-12-23 14:30:00+00:00,"{'x': -0.373581, 'y': 51.46935}",SSEN-2818001160,SSEN-281800116005
281800116001,SSEN,47.0,15863.0,2024-12-23 15:00:00+00:00,"{'x': -0.373581, 'y': 51.46935}",SSEN-2818001160,SSEN-281800116001
281800116002,SSEN,19.0,7858.0,2024-12-23 15:00:00+00:00,"{'x': -0.373581, 'y': 51.46935}",SSEN-2818001160,SSEN-281800116002
281800116004,SSEN,18.0,5663.0,2024-12-23 15:00:00+00:00,"{'x': -0.373581, 'y': 51.46935}",SSEN-2818001160,SSEN-281800116004
281800116005,SSEN,43.0,13343.0,2024-12-23 15:00:00+00:00,"{'x': -0.373581, 'y': 51.46935}",SSEN-2818001160,SSEN-281800116005
281800116001,SSEN,47.0,13922.0,2024-12-23 15:30:00+00:00,"{'x': -0.373581, 'y': 51.46935}",SSEN-2818001160,SSEN-281800116001
281800116002,SSEN,19.0,6704.0,2024-12-23 15:30:00+00:00,"{'x': -0.373581, 'y': 51.46935}",SSEN-2818001160,SSEN-281800116002
281800116004,SSEN,18.0,5695.0,2024-12-23 15:30:00+00:00,"{'x': -0.373581, 'y': 51.46935}",SSEN-2818001160,SSEN-281800116004
281800116005,SSEN,43.0,16136.0,2024-12-23 15:30:00+00:00,"{'x': -0.373581, 'y': 51.46935}",SSEN-2818001160,SSEN-281800116005
281800116001,SSEN,47.0,17430.0,2024-12-23 16:00:00+00:00,"{'x': -0.373581, 'y': 51.46935}",SSEN-2818001160,SSEN-281800116001
281800116002,SSEN,19.0,7090.0,2024-12-23 16:00:00+00:00,"{'x': -0.373581, 'y': 51.46935}",SSEN-2818001160,SSEN-281800116002
281800116004,SSEN,18.0,5275.0,2024-12-23 16:00:00+00:00,"{'x': -0.373581, 'y': 51.46935}",SSEN-2818001160,SSEN-281800116004
281800116005,SSEN,43.0,15726.0,2024-12-23 16:00:00+00:00,"{'x': -0.373581, 'y': 51.46935}",SSEN-2818001160,SSEN-281800116005
281800116001,SSEN,47.0,20849.0,2024-12-23 16:30:00+00:00,"{'x': -0.373581, 'y': 51.46935}",SSEN-2818001160,SSEN-281800116001
281800116002,SSEN,19.0,9435.0,2024-12-23 16:30:00+00:00,"{'x': -0.373581, 'y': 51.46935}",SSEN-2818001160,SSEN-281800116002
281800116004,SSEN,18.0,6240.0,2024-12-23 16:30:00+00:00,"{'x': -0.373581, 'y': 51.46935}",SSEN-2818001160,SSEN-281800116004
281800116005,SSEN,43.0,15723.0,2024-12-23 16:30:00+00:00,"{'x': -0.373581, 'y': 51.46935}",SSEN-2818001160,SSEN-281800116005
281800116001,SSEN,47.0,20597.0,2024-12-23 17:00:00+00:00,"{'x': -0.373581, 'y': 51.46935}",SSEN-2818001160,SSEN-281800116001
281800116002,SSEN,19.0,8260.0,2024-12-23 17:00:00+00:00,"{'x': -0.373581, 'y': 51.46935}",SSEN-2818001160,SSEN-281800116002
281800116004,SSEN,18.0,5944.0,2024-12-23 17:00:00+00:00,"{'x': -0.373581, 'y': 51.46935}",SSEN-2818001160,SSEN-281800116004
281800116005,SSEN,43.0,19023.0,2024-12-23 17:00:00+00:00,"{'x': -0.373581, 'y': 51.46935}",SSEN-2818001160,SSEN-281800116005
281800116001,SSEN,47.0,20445.0,2024-12-23 17:30:00+00:00,"{'x': -0.373581, 'y': 51.46935}",SSEN-2818001160,SSEN-281800116001
281800116002,SSEN,19.0,9831.0,2024-12-23 17:30:00+00:00,"{'x': -0.373581, 'y': 51.46935}",SSEN-2818001160,SSEN-281800116002
281800116004,SSEN,18.0,6692.0,2024-12-23 17:30:00+00:00,"{'x': -0.373581, 'y': 51.46935}",SSEN-2818001160,SSEN-281800116004
281800116005,SSEN,43.0,19468.0,2024-12-23 17:30:00+00:00,"{'x': -0.373581, 'y': 51.46935}",SSEN-2818001160,SSEN-281800116005
281800116001,SSEN,47.0,19275.0,2024-12-23 18:00:00+00:00,"{'x': -0.373581, 'y': 51.46935}",SSEN-2818001160,SSEN-281800116001
281800116002,SSEN,19.0,9112.0,2024-12-23 18:00:00+00:00,"{'x': -0.373581, 'y': 51.46935}",SSEN-2818001160,SSEN-281800116002
281800116004,SSEN,18.0,5361.0,2024-12-23 18:00:00+00:00,"{'x': -0.373581, 'y': 51.46935}",SSEN-2818001160,SSEN-281800116004
281800116005,SSEN,43.0,20466.0,2024-12-23 18:00:00+00:00,"{'x': -0.373581, 'y': 51.46935}",SSEN-2818001160,SSEN-281800116005
281800116001,SSEN,47.0,18308.0,2024-12-23 18:30:00+00:00,"{'x': -0.373581, 'y': 51.46935}",SSEN-2818001160,SSEN-281800116001
281800116002,SSEN,19.0,8684.0,2024-12-23 18:30:00+00:00,"{'x': -0.373581, 'y': 51.46935}",SSEN-2818001160,SSEN-281800116002
281800116004,SSEN,18.0,4940.0,2024-12-23 18:30:00+00:00,"{'x': -0.373581, 'y': 51.46935}",SSEN-2818001160,SSEN-281800116004
281800116005,SSEN,43.0,17902.0,2024-12-23 18:30:00+00:00,"{'x': -0.373581, 'y': 51.46935}",SSEN-2818001160,SSEN-281800116005
281800116001,SSEN,47.0,19443.0,2024-12-23 19:00:00+00:00,"{'x': -0.373581, 'y': 51.46935}",SSEN-2818001160,SSEN-281800116001
281800116002,SSEN,19.0,7686.0,2024-12-23 19:00:00+00:00,"{'x': -0.373581, 'y': 51.46935}",SSEN-2818001160,SSEN-281800116002
281800116004,SSEN,18.0,4291.0,2024-12-23 19:00:00+00:00,"{'x': -0.373581, 'y': 51.46935}",SSEN-2818001160,SSEN-281800116004
281800116005,SSEN,43.0,15693.0,2024-12-23 19:00:00+00:00,"{'x': -0.373581, 'y': 51.46935}",SSEN-2818001160,SSEN-281800116005
281800116001,SSEN,47.0,17043.0,2024-12-23 19:30:00+00:00,"{'x': -0.373581, 'y': 51.46935}",SSEN-2818001160,SSEN-281800116001
281800116002,SSEN,19.0,6592.0,2024-12-23 19:30:00+00:00,"{'x': -0.373581, 'y': 51.46935}",SSEN-2818001160,SSEN-281800116002
281800116004,SSEN,18.0,3959.0,2024-12-23 19:30:00+00:00,"{'x': -0.373581, 'y': 51.46935}",SSEN-2818001160,SSEN-281800116004
281800116005,SSEN,43.0,18629.0,2024-12-23 19:30:00+00:00,"{'x': -0.373581, 'y': 51.46935}",SSEN-2818001160,SSEN-281800116005
281800116001,SSEN,47.0,17701.0,2024-12-23 20:00:00+00:00,"{'x': -0.373581, 'y': 51.46935}",SSEN-2818001160,SSEN-281800116001
281800116002,SSEN,19.0,9845.0,2024-12-23 20:00:00+00:00,"{'x': -0.373581, 'y': 51.46935}",SSEN-2818001160,SSEN-281800116002
281800116004,SSEN,18.0,3990.0,2024-12-23 20:00:00+00:00,"{'x': -0.373581, 'y': 51.46935}",SSEN-2818001160,SSEN-281800116004
281800116005,SSEN,43.0,17728.0,2024-12-23 20:00:00+00:00,"{'x': -0.373581, 'y': 51.46935}",SSEN-2818001160,SSEN-281800116005
281800116001,SSEN,47.0,15350.0,2024-12-23 20:30:00+00:00,"{'x': -0.373581, 'y': 51.46935}",SSEN-2818001160,SSEN-281800116001
281800116002,SSEN,19.0,11597.0,2024-12-23 20:30:00+00:00,"{'x': -0.373581, 'y': 51.46935}",SSEN-2818001160,SSEN-281800116002
281800116004,SSEN,18.0,3984.0,2024-12-23 20:30:00+00:00,"{'x': -0.373581, 'y': 51.46935}",SSEN-2818001160,SSEN-281800116004
281800116005,SSEN,43.0,20053.0,2024-12-23 20:30:00+00:00,"{'x': -0.373581, 'y': 51.46935}",SSEN-2818001160,SSEN-281800116005
281800116001,SSEN,47.0,16644.0,2024-12-23 21:00:00+00:00,"{'x': -0.373581, 'y': 51.46935}",SSEN-2818001160,SSEN-281800116001
281800116002,SSEN,19.0,12845.0,2024-12-23 21:00:00+00:00,"{'x': -0.373581, 'y': 51.46935}",SSEN-2818001160,SSEN-281800116002
281800116004,SSEN,18.0,3607.0,2024-12-23 21:00:00+00:00,"{'x': -0.373581, 'y': 51.46935}",SSEN-2818001160,SSEN-281800116004
281800116005,SSEN,43.0,19070.0,2024-12-23 21:00:00+00:00,"{'x': -0.373581, 'y': 51.46935}",SSEN-2818001160,SSEN-281800116005
281800116001,SSEN,47.0,15035.0,2024-12-23 21:30:00+00:00,"{'x': -0.373581, 'y': 51.46935}",SSEN-2818001160,SSEN-281800116001
281800116002,SSEN,19.0,11523.0,2024-12-23 21:30:00+00:00,"{'x': -0.373581, 'y': 51.46935}",SSEN-2818001160,SSEN-281800116002
281800116004,SSEN,18.0,3395.0,2024-12-23 21:30:00+00:00,"{'x': -0.373581, 'y': 51.46935}",SSEN-2818001160,SSEN-281800116004
281800116005,SSEN,43.0,18367.0,2024-12-23 21:30:00+00:00,"{'x': -0.373581, 'y': 51.46935}",SSEN-2818001160,SSEN-281800116005
281800116001,SSEN,47.0,14954.0,2024-12-23 22:00:00+00:00,"{'x': -0.373581, 'y': 51.46935}",SSEN-2818001160,SSEN-281800116001
281800116002,SSEN,19.0,11365.0,2024-12-23 22:00:00+00:00,"{'x': -0.373581, 'y': 51.46935}",SSEN-2818001160,SSEN-281800116002
281800116004,SSEN,18.0,3500.0,2024-12-23 22:00:00+00:00,"{'x': -0.373581, 'y': 51.46935}",SSEN-2818001160,SSEN-281800116004
281800116005,SSEN,43.0,17593.0,2024-12-23 22:00:00+00:00,"{'x': -0.373581, 'y': 51.46935}",SSEN-2818001160,SSEN-281800116005
281800116001,SSEN,47.0,14046.0,2024-12-23 22:30:00+00:00,"{'x': -0.373581, 'y': 51.46935}",SSEN-2818001160,SSEN-281800116001
281800116002,SSEN,19.0,11490.0,2024-12-23 22:30:00+00:00,"{'x': -0.373581, 'y': 51.46935}",SSEN-2818001160,SSEN-281800116002
281800116004,SSEN,18.0,3836.0,2024-12-23 22:30:00+00:00,"{'x': -0.373581, 'y': 51.46935}",SSEN-2818001160,SSEN-281800116004
281800116005,SSEN,43.0,19990.0,2024-12-23 22:30:00+00:00,"{'x': -0.373581, 'y': 51.46935}",SSEN-2818001160,SSEN-281800116005
281800116001,SSEN,47.0,15584.0,2024-12-23 23:00:00+00:00,"{'x': -0.373581, 'y': 51.46935}",SSEN-2818001160,SSEN-281800116001
281800116002,SSEN,19.0,11482.0,2024-12-23 23:00:00+00:00,"{'x': -0.373581, 'y': 51.46935}",SSEN-2818001160,SSEN-281800116002
281800116004,SSEN,18.0,3595.0,2024-12-23 23:00:00+00:00,"{'x': -0.373581, 'y': 51.46935}",SSEN-2818001160,SSEN-281800116004
281800116005,SSEN,43.0,20638.0,2024-12-23 23:00:00+00:00,"{'x': -0.373581, 'y': 51.46935}",SSEN-2818001160,SSEN-281800116005
281800116001,SSEN,47.0,14307.0,2024-12-23 23:30:00+00:00,"{'x': -0.373581, 'y': 51.46935}",SSEN-2818001160,SSEN-281800116001
281800116002,SSEN,19.0,13797.0,2024-12-23 23:30:00+00:00,"{'x': -0.373581, 'y': 51.46935}",SSEN-2818001160,SSEN-281800116002
281800116004,SSEN,18.0,4263.0,2024-12-23 23:30:00+00:00,"{'x': -0.373581, 'y': 51.46935}",SSEN-2818001160,SSEN-281800116004
281800116005,SSEN,43.0,19922.0,2024-12-23 23:30:00+00:00,"{'x': -0.373581, 'y': 51.46935}",SSEN-2818001160,SSEN-281800116005
281800116001,SSEN,47.0,11698.0,2024-12-24 00:00:00+00:00,"{'x': -0.373581, 'y': 51.46935}",SSEN-2818001160,SSEN-281800116001
281800116002,SSEN,19.0,12917.0,2024-12-24 00:00:00+00:00,"{'x': -0.373581, 'y': 51.46935}",SSEN-2818001160,SSEN-281800116002
281800116004,SSEN,18.0,3575.0,2024-12-24 00:00:00+00:00,"{'x': -0.373581, 'y': 51.46935}",SSEN-2818001160,SSEN-281800116004
281800116005,SSEN,43.0,17713.0,2024-12-24 00:00:00+00:00,"{'x': -0.373581, 'y': 51.46935}",SSEN-2818001160,SSEN-281800116005
281800116001,SSEN,47.0,18846.0,2024-12-24 00:30:00+00:00,"{'x': -0.373581, 'y': 51.46935}",SSEN-2818001160,SSEN-281800116001
281800116002,SSEN,19.0,13657.0,2024-12-24 00:30:00+00:00,"{'x': -0.373581, 'y': 51.46935}",SSEN-2818001160,SSEN-281800116002
281800116004,SSEN,18.0,3732.0,2024-12-24 00:30:00+00:00,"{'x': -0.373581, 'y': 51.46935}",SSEN-2818001160,SSEN-281800116004
281800116005,SSEN,43.0,15346.0,2024-12-24 00:30:00+00:00,"{'x': -0.373581, 'y': 51.46935}",SSEN-2818001160,SSEN-281800116005
281800116001,SSEN,47.0,16197.0,2024-12-24 01:00:00+00:00,"{'x': -0.373581, 'y': 51.46935}",SSEN-2818001160,SSEN-281800116001
281800116002,SSEN,19.0,11457.0,2024-12-24 01:00:00+00:00,"{'x': -0.373581, 'y': 51.46935}",SSEN-2818001160,SSEN-281800116002
281800116004,SSEN,18.0,4240.0,2024-12-24 01:00:00+00:00,"{'x': -0.373581, 'y': 51.46935}",SSEN-2818001160,SSEN-281800116004
281800116005,SSEN,43.0,13818.0,2024-12-24 01:00:00+00:00,"{'x': -0.373581, 'y': 51.46935}",SSEN-2818001160,SSEN-281800116005
281800116001,SSEN,47.0,16213.0,2024-12-24 01:30:00+00:00,"{'x': -0.373581, 'y': 51.46935}",SSEN-2818001160,SSEN-281800116001
281800116002,SSEN,19.0,7490.0,2024-12-24 01:30:00+00:00,"{'x': -0.373581, 'y': 51.46935}",SSEN-2818001160,SSEN-281800116002
281800116004,SSEN,18.0,4630.0,2024-12-24 01:30:00+00:00,"{'x': -0.373581, 'y': 51.46935}",SSEN-2818001160,SSEN-281800116004
281800116005,SSEN,43.0,14145.0,2024-12-24 01:30:00+00:00,"{'x': -0.373581, 'y': 51.46935}",SSEN-2818001160,SSEN-281800116005
281800116001,SSEN,47.0,15769.0,2024-12-24 02:00:00+00:00,"{'x': -0.373581, 'y': 51.46935}",SSEN-2818001160,SSEN-281800116001
281800116002,SSEN,19.0,7170.0,2024-12-24 02:00:00+00:00,"{'x': -0.373581, 'y': 51.46935}",SSEN-2818001160,SSEN-281800116002
281800116004,SSEN,18.0,3523.0,2024-12-24 02:00:00+00:00,"{'x': -0.373581, 'y': 51.46935}",SSEN-2818001160,SSEN-281800116004
281800116005,SSEN,43.0,15183.0,2024-12-24 02:00:00+00:00,"{'x': -0.373581, 'y': 51.46935}",SSEN-2818001160,SSEN-281800116005
281800116001,SSEN,47.0,14308.0,2024-12-24 02:30:00+00:00,"{'x': -0.373581, 'y': 51.46935}",SSEN-2818001160,SSEN-281800116001
281800116002,SSEN,19.0,5911.0,2024-12-24 02:30:00+00:00,"{'x': -0.373581, 'y': 51.46935}",SSEN-2818001160,SSEN-281800116002
281800116004,SSEN,18.0,3424.0,2024-12-24 02:30:00+00:00,"{'x': -0.373581, 'y': 51.46935}",SSEN-2818001160,SSEN-281800116004
281800116005,SSEN,43.0,14722.0,2024-12-24 02:30:00+00:00,"{'x': -0.373581, 'y': 51.46935}",SSEN-2818001160,SSEN-281800116005
281800116001,SSEN,46.0,13641.0,2024-12-24 03:00:00+00:00,"{'x': -0.373581, 'y': 51.46935}",SSEN-2818001160,SSEN-281800116001
281800116002,SSEN,19.0,5601.0,2024-12-24 03:00:00+00:00,"{'x': -0.373581, 'y': 51.46935}",SSEN-2818001160,SSEN-281800116002
281800116004,SSEN,18.0,3129.0,2024-12-24 03:00:00+00:00,"{'x': -0.373581, 'y': 51.46935}",SSEN-2818001160,SSEN-281800116004
281800116005,SSEN,43.0,12292.0,2024-12-24 03:00:00+00:00,"{'x': -0.373581, 'y': 51.46935}",SSEN-2818001160,SSEN-281800116005
281800116001,SSEN,47.0,13798.0,2024-12-24 03:30:00+00:00,"{'x': -0.373581, 'y': 51.46935}",SSEN-2818001160,SSEN-281800116001
281800116002,SSEN,19.0,3270.0,2024-12-24 03:30:00+00:00,"{'x': -0.373581, 'y': 51.46935}",SSEN-2818001160,SSEN-281800116002
281800116004,SSEN,18.0,3223.0,2024-12-24 03:30:00+00:00,"{'x': -0.373581, 'y': 51.46935}",SSEN-2818001160,SSEN-281800116004
281800116005,SSEN,43.0,10168.0,2024-12-24 03:30:00+00:00,"{'x': -0.373581, 'y': 51.46935}",SSEN-2818001160,SSEN-281800116005
281800116001,SSEN,47.0,11266.0,2024-12-24 04:00:00+00:00,"{'x': -0.373581, 'y': 51.46935}",SSEN-2818001160,SSEN-281800116001
281800116002,SSEN,19.0,2997.0,2024-12-24 04:00:00+00:00,"{'x': -0.373581, 'y': 51.46935}",SSEN-2818001160,SSEN-281800116002
281800116004,SSEN,18.0,3360.0,2024-12-24 04:00:00+00:00,"{'x': -0.373581, 'y': 51.46935}",SSEN-2818001160,SSEN-281800116004
281800116005,SSEN,43.0,10983.0,2024-12-24 04:00:00+00:00,"{'x': -0.373581, 'y': 51.46935}",SSEN-2818001160,SSEN-281800116005
281800116001,SSEN,47.0,11108.0,2024-12-24 04:30:00+00:00,"{'x': -0.373581, 'y': 51.46935}",SSEN-2818001160,SSEN-281800116001
281800116002,SSEN,19.0,3196.0,2024-12-24 04:30:00+00:00,"{'x': -0.373581, 'y': 51.46935}",SSEN-2818001160,SSEN-281800116002
281800116004,SSEN,18.0,3159.0,2024-12-24 04:30:00+00:00,"{'x': -0.373581, 'y': 51.46935}",SSEN-2818001160,SSEN-281800116004
281800116005,SSEN,43.0,8242.0,2024-12-24 04:30:00+00:00,"{'x': -0.373581, 'y': 51.46935}",SSEN-2818001160,SSEN-281800116005
281800116001,SSEN,47.0,10276.0,2024-12-24 05:00:00+00:00,"{'x': -0.373581, 'y': 51.46935}",SSEN-2818001160,SSEN-281800116001
281800116002,SSEN,19.0,2664.0,2024-12-24 05:00:00+00:00,"{'x': -0.373581, 'y': 51.46935}",SSEN-2818001160,SSEN-281800116002
281800116004,SSEN,18.0,3227.0,2024-12-24 05:00:00+00:00,"{'x': -0.373581, 'y': 51.46935}",SSEN-2818001160,SSEN-281800116004
281800116005,SSEN,43.0,9116.0,2024-12-24 05:00:00+00:00,"{'x': -0.373581, 'y': 51.46935}",SSEN-2818001160,SSEN-281800116005
281800116001,SSEN,47.0,8603.0,2024-12-24 05:30:00+00:00,"{'x': -0.373581, 'y': 51.46935}",SSEN-2818001160,SSEN-281800116001
281800116002,SSEN,19.0,2287.0,2024-12-24 05:30:00+00:00,"{'x': -0.373581, 'y': 51.46935}",SSEN-2818001160,SSEN-281800116002
281800116004,SSEN,18.0,3363.0,2024-12-24 05:30:00+00:00,"{'x': -0.373581, 'y': 51.46935}",SSEN-2818001160,SSEN-281800116004
281800116005,SSEN,43.0,10843.0,2024-12-24 05:30:00+00:00,"{'x': -0.373581, 'y': 51.46935}",SSEN-2818001160,SSEN-281800116005
281800116001,SSEN,47.0,10365.0,2024-12-24 06:00:00+00:00,"{'x': -0.373581, 'y': 51.46935}",SSEN-2818001160,SSEN-281800116001
281800116002,SSEN,19.0,2864.0,2024-12-24 06:00:00+00:00,"{'x': -0.373581, 'y': 51.46935}",SSEN-2818001160,SSEN-281800116002
281800116004,SSEN,18.0,3154.0,2024-12-24 06:00:00+00:00,"{'x': -0.373581, 'y': 51.46935}",SSEN-2818001160,SSEN-281800116004
281800116005,SSEN,43.0,9407.0,2024-12-24 06:00:00+00:00,"{'x': -0.373581, 'y': 51.46935}",SSEN-2818001160,SSEN-281800116005
281800116001,SSEN,47.0,11202.0,2024-12-24 06:30:00+00:00,"{'x': -0.373581, 'y': 51.46935}",SSEN-2818001160,SSEN-281800116001
281800116002,SSEN,19.0,3958.0,2024-12-24 06:30:00+00:00,"{'x': -0.373581, 'y': 51.46935}",SSEN-2818001160,SSEN-281800116002
281800116004,SSEN,18.0,4272.0,2024-12-24 06:30:00+00:00,"{'x': -0.373581, 'y': 51.46935}",SSEN-2818001160,SSEN-281800116004
281800116005,SSEN,43.0,9379.0,2024-12-24 06:30:00+00:00,"{'x': -0.373581, 'y': 51.46935}",SSEN-2818001160,SSEN-281800116005
281800116001,SSEN,47.0,10701.0,2024-12-24 07:00:00+00:00,"{'x': -0.373581, 'y': 51.46935}",SSEN-2818001160,SSEN-281800116001
281800116002,SSEN,19.0,5816.0,2024-12-24 07:00:00+00:00,"{'x': -0.373581, 'y': 51.46935}",SSEN-2818001160,SSEN-281800116002
281800116004,SSEN,18.0,3162.0,2024-12-24 07:00:00+00:00,"{'x': -0.373581, 'y': 51.46935}",SSEN-2818001160,SSEN-281800116004
281800116005,SSEN,43.0,13580.0,2024-12-24 07:00:00+00:00,"{'x': -0.373581, 'y': 51.46935}",SSEN-2818001160,SSEN-281800116005
281800116001,SSEN,47.0,10517.0,2024-12-24 07:30:00+00:00,"{'x': -0.373581, 'y': 51.46935}",SSEN-2818001160,SSEN-281800116001
281800116002,SSEN,19.0,2938.0,2024-12-24 07:30:00+00:00,"{'x': -0.373581, 'y': 51.46935}",SSEN-2818001160,SSEN-281800116002
281800116004,SSEN,18.0,3091.0,2024-12-24 07:30:00+00:00,"{'x': -0.373581, 'y': 51.46935}",SSEN-2818001160,SSEN-281800116004
281800116005,SSEN,43.0,14011.0,2024-12-24 07:30:00+00:00,"{'x': -0.373581, 'y': 51.46935}",SSEN-2818001160,SSEN-281800116005
281800116001,SSEN,47.0,10194.0,2024-12-24 08:00:00+00:00,"{'x': -0.373581, 'y': 51.46935}",SSEN-2818001160,SSEN-281800116001
281800116002,SSEN,19.0,3516.0,2024-12-24 08:00:00+00:00,"{'x': -0.373581, 'y': 51.46935}",SSEN-2818001160,SSEN-281800116002
281800116004,SSEN,18.0,2633.0,2024-12-24 08:00:00+00:00,"{'x': -0.373581, 'y': 51.46935}",SSEN-2818001160,SSEN-281800116004
281800116005,SSEN,43.0,9206.0,2024-12-24 08:00:00+00:00,"{'x': -0.373581, 'y': 51.46935}",SSEN-2818001160,SSEN-281800116005
281800116001,SSEN,47.0,12704.0,2024-12-24 08:30:00+00:00,"{'x': -0.373581, 'y': 51.46935}",SSEN-2818001160,SSEN-281800116001
281800116002,SSEN,19.0,5277.0,2024-12-24 08:30:00+00:00,"{'x': -0.373581, 'y': 51.46935}",SSEN-2818001160,SSEN-281800116002
281800116004,SSEN,18.0,2783.0,2024-12-24 08:30:00+00:00,"{'x': -0.373581, 'y': 51.46935}",SSEN-2818001160,SSEN-281800116004
281800116005,SSEN,43.0,9711.0,2024-12-24 08:30:00+00:00,"{'x': -0.373581, 'y': 51.46935}",SSEN-2818001160,SSEN-281800116005
281800116001,SSEN,47.0,14146.0,2024-12-24 09:00:00+00:00,"{'x': -0.373581, 'y': 51.46935}",SSEN-2818001160,SSEN-281800116001
281800116002,SSEN,19.0,5462.0,2024-12-24 09:00:00+00:00,"{'x': -0.373581, 'y': 51.46935}",SSEN-2818001160,SSEN-281800116002
281800116004,SSEN,18.0,2631.0,2024-12-24 09:00:00+00:00,"{'x': -0.373581, 'y': 51.46935}",SSEN-2818001160,SSEN-281800116004
281800116005,SSEN,43.0,10730.0,2024-12-24 09:00:00+00:00,"{'x': -0.373581, 'y': 51.46935}",SSEN-2818001160,SSEN-281800116005
281800116001,SSEN,47.0,13785.0,2024-12-24 09:30:00+00:00,"{'x': -0.373581, 'y': 51.46935}",SSEN-2818001160,SSEN-281800116001
281800116002,SSEN,19.0,4883.0,2024-12-24 09:30:00+00:00,"{'x': -0.373581, 'y': 51.46935}",SSEN-2818001160,SSEN-281800116002
281800116004,SSEN,18.0,2733.0,2024-12-24 09:30:00+00:00,"{'x': -0.373581, 'y': 51.46935}",SSEN-2818001160,SSEN-281800116004
281800116005,SSEN,43.0,14317.0,2024-12-24 09:30:00+00:00,"{'x': -0.373581, 'y': 51.46935}",SSEN-2818001160,SSEN-281800116005
281800116001,SSEN,47.0,16011.0,2024-12-24 10:00:00+00:00,"{'x': -0.373581, 'y': 51.46935}",SSEN-2818001160,SSEN-281800116001
281800116002,SSEN,19.0,5617.0,2024-12-24 10:00:00+00:00,"{'x': -0.373581, 'y': 51.46935}",SSEN-2818001160,SSEN-281800116002
281800116004,SSEN,18.0,3851.0,2024-12-24 10:00:00+00:00,"{'x': -0.373581, 'y': 51.46935}",SSEN-2818001160,SSEN-281800116004
281800116005,SSEN,43.0,18817.0,2024-12-24 10:00:00+00:00,"{'x': -0.373581, 'y': 51.46935}",SSEN-2818001160,SSEN-281800116005
281800116001,SSEN,47.0,17931.0,2024-12-24 10:30:00+00:00,"{'x': -0.373581, 'y': 51.46935}",SSEN-2818001160,SSEN-281800116001
281800116002,SSEN,19.0,7263.0,2024-12-24 10:30:00+00:00,"{'x': -0.373581, 'y': 51.46935}",SSEN-2818001160,SSEN-281800116002
281800116004,SSEN,18.0,4109.0,2024-12-24 10:30:00+00:00,"{'x': -0.373581, 'y': 51.46935}",SSEN-2818001160,SSEN-281800116004
281800116005,SSEN,43.0,18219.0,2024-12-24 10:30:00+00:00,"{'x': -0.373581, 'y': 51.46935}",SSEN-2818001160,SSEN-281800116005
281800116001,SSEN,47.0,18202.0,2024-12-24 11:00:00+00:00,"{'x': -0.373581, 'y': 51.46935}",SSEN-2818001160,SSEN-281800116001
281800116002,SSEN,19.0,7493.0,2024-12-24 11:00:00+00:00,"{'x': -0.373581, 'y': 51.46935}",SSEN-2818001160,SSEN-281800116002
281800116004,SSEN,18.0,3275.0,2024-12-24 11:00:00+00:00,"{'x': -0.373581, 'y': 51.46935}",SSEN-2818001160,SSEN-281800116004
281800116005,SSEN,43.0,22372.0,2024-12-24 11:00:00+00:00,"{'x': -0.373581, 'y': 51.46935}",SSEN-2818001160,SSEN-281800116005
281800116001,SSEN,47.0,17822.0,2024-12-24 11:30:00+00:00,"{'x': -0.373581, 'y': 51.46935}",SSEN-2818001160,SSEN-281800116001
281800116002,SSEN,19.0,6598.0,2024-12-24 11:30:00+00:00,"{'x': -0.373581, 'y': 51.46935}",SSEN-2818001160,SSEN-281800116002
281800116004,SSEN,18.0,3892.0,2024-12-24 11:30:00+00:00,"{'x': -0.373581, 'y': 51.46935}",SSEN-2818001160,SSEN-281800116004
281800116005,SSEN,43.0,23438.0,2024-12-24 11:30:00+00:00,"{'x': -0.373581, 'y': 51.46935}",SSEN-2818001160,SSEN-281800116005
281800116001,SSEN,47.0,19296.0,2024-12-24 12:00:00+00:00,"{'x': -0.373581, 'y': 51.46935}",SSEN-2818001160,SSEN-281800116001
281800116002,SSEN,19.0,4692.0,2024-12-24 12:00:00+00:00,"{'x': -0.373581, 'y': 51.46935}",SSEN-2818001160,SSEN-281800116002
281800116004,SSEN,18.0,3276.0,2024-12-24 12:00:00+00:00,"{'x': -0.373581, 'y': 51.46935}",SSEN-2818001160,SSEN-281800116004
281800116005,SSEN,43.0,20595.0,2024-12-24 12:00:00+00:00,"{'x': -0.373581, 'y': 51.46935}",SSEN-2818001160,SSEN-281800116005
281800116001,SSEN,47.0,17317.0,2024-12-24 12:30:00+00:00,"{'x': -0.373581, 'y': 51.46935}",SSEN-2818001160,SSEN-281800116001
281800116002,SSEN,19.0,4923.0,2024-12-24 12:30:00+00:00,"{'x': -0.373581, 'y': 51.46935}",SSEN-2818001160,SSEN-281800116002
281800116004,SSEN,18.0,3125.0,2024-12-24 12:30:00+00:00,"{'x': -0.373581, 'y': 51.46935}",SSEN-2818001160,SSEN-281800116004
281800116005,SSEN,43.0,21702.0,2024-12-24 12:30:00+00:00,"{'x': -0.373581, 'y': 51.46935}",SSEN-2818001160,SSEN-281800116005
281800116001,SSEN,47.0,18445.0,2024-12-24 13:00:00+00:00,"{'x': -0.373581, 'y': 51.46935}",SSEN-2818001160,SSEN-281800116001
281800116002,SSEN,19.0,5665.0,2024-12-24 13:00:00+00:00,"{'x': -0.373581, 'y': 51.46935}",SSEN-2818001160,SSEN-281800116002
281800116004,SSEN,18.0,3230.0,2024-12-24 13:00:00+00:00,"{'x': -0.373581, 'y': 51.46935}",SSEN-2818001160,SSEN-281800116004
281800116005,SSEN,43.0,20630.0,2024-12-24 13:00:00+00:00,"{'x': -0.373581, 'y': 51.46935}",SSEN-2818001160,SSEN-281800116005
281800116001,SSEN,47.0,15544.0,2024-12-24 13:30:00+00:00,"{'x': -0.373581, 'y': 51.46935}",SSEN-2818001160,SSEN-281800116001
281800116002,SSEN,19.0,8040.0,2024-12-24 13:30:00+00:00,"{'x': -0.373581, 'y': 51.46935}",SSEN-2818001160,SSEN-281800116002
281800116004,SSEN,18.0,5176.0,2024-12-24 13:30:00+00:00,"{'x': -0.373581, 'y': 51.46935}",SSEN-2818001160,SSEN-281800116004
281800116005,SSEN,43.0,19762.0,2024-12-24 13:30:00+00:00,"{'x': -0.373581, 'y': 51.46935}",SSEN-2818001160,SSEN-281800116005
281800116001,SSEN,47.0,16650.0,2024-12-24 14:00:00+00:00,"{'x': -0.373581, 'y': 51.46935}",SSEN-2818001160,SSEN-281800116001
281800116002,SSEN,19.0,7498.0,2024-12-24 14:00:00+00:00,"{'x': -0.373581, 'y': 51.46935}",SSEN-2818001160,SSEN-281800116002
281800116004,SSEN,18.0,3086.0,2024-12-24 14:00:00+00:00,"{'x': -0.373581, 'y': 51.46935}",SSEN-2818001160,SSEN-281800116004
281800116005,SSEN,43.0,20537.0,2024-12-24 14:00:00+00:00,"{'x': -0.373581, 'y': 51.46935}",SSEN-2818001160,SSEN-281800116005
281800116001,SSEN,47.0,15480.0,2024-12-24 14:30:00+00:00,"{'x': -0.373581, 'y': 51.46935}",SSEN-2818001160,SSEN-281800116001
281800116002,SSEN,19.0,6700.0,2024-12-24 14:30:00+00:00,"{'x': -0.373581, 'y': 51.46935}",SSEN-2818001160,SSEN-281800116002
281800116004,SSEN,18.0,4071.0,2024-12-24 14:30:00+00:00,"{'x': -0.373581, 'y': 51.46935}",SSEN-2818001160,SSEN-281800116004
281800116005,SSEN,43.0,21226.0,2024-12-24 14:30:00+00:00,"{'x': -0.373581, 'y': 51.46935}",SSEN-2818001160,SSEN-281800116005
281800116001,SSEN,47.0,13708.0,2024-12-24 15:00:00+00:00,"{'x': -0.373581, 'y': 51.46935}",SSEN-2818001160,SSEN-281800116001
281800116002,SSEN,19.0,6399.0,2024-12-24 15:00:00+00:00,"{'x': -0.373581, 'y': 51.46935}",SSEN-2818001160,SSEN-281800116002
281800116004,SSEN,18.0,3772.0,2024-12-24 15:00:00+00:00,"{'x': -0.373581, 'y': 51.46935}",SSEN-2818001160,SSEN-281800116004
281800116005,SSEN,43.0,23258.0,2024-12-24 15:00:00+00:00,"{'x': -0.373581, 'y': 51.46935}",SSEN-2818001160,SSEN-281800116005
281800116001,SSEN,47.0,16352.0,2024-12-24 15:30:00+00:00,"{'x': -0.373581, 'y': 51.46935}",SSEN-2818001160,SSEN-281800116001
281800116002,SSEN,19.0,7641.0,2024-12-24 15:30:00+00:00,"{'x': -0.373581, 'y': 51.46935}",SSEN-2818001160,SSEN-281800116002
281800116004,SSEN,18.0,4211.0,2024-12-24 15:30:00+00:00,"{'x': -0.373581, 'y': 51.46935}",SSEN-2818001160,SSEN-281800116004
281800116005,SSEN,43.0,22392.0,2024-12-24 15:30:00+00:00,"{'x': -0.373581, 'y': 51.46935}",SSEN-2818001160,SSEN-281800116005
281800116001,SSEN,47.0,18830.0,2024-12-24 16:00:00+00:00,"{'x': -0.373581, 'y': 51.46935}",SSEN-2818001160,SSEN-281800116001
281800116002,SSEN,19.0,6845.0,2024-12-24 16:00:00+00:00,"{'x': -0.373581, 'y': 51.46935}",SSEN-2818001160,SSEN-281800116002
281800116004,SSEN,18.0,5429.0,2024-12-24 16:00:00+00:00,"{'x': -0.373581, 'y': 51.46935}",SSEN-2818001160,SSEN-281800116004
281800116005,SSEN,43.0,23057.0,2024-12-24 16:00:00+00:00,"{'x': -0.373581, 'y': 51.46935}",SSEN-2818001160,SSEN-281800116005
281800116001,SSEN,47.0,17722.0,2024-12-24 16:30:00+00:00,"{'x': -0.373581, 'y': 51.46935}",SSEN-2818001160,SSEN-281800116001
281800116002,SSEN,19.0,6423.0,2024-12-24 16:30:00+00:00,"{'x': -0.373581, 'y': 51.46935}",SSEN-2818001160,SSEN-281800116002
281800116004,SSEN,18.0,6192.0,2024-12-24 16:30:00+00:00,"{'x': -0.373581, 'y': 51.46935}",SSEN-2818001160,SSEN-281800116004
281800116005,SSEN,43.0,22952.0,2024-12-24 16:30:00+00:00,"{'x': -0.373581, 'y': 51.46935}",SSEN-2818001160,SSEN-281800116005
281800116001,SSEN,47.0,17093.0,2024-12-24 17:00:00+00:00,"{'x': -0.373581, 'y': 51.46935}",SSEN-2818001160,SSEN-281800116001
281800116002,SSEN,19.0,9063.0,2024-12-24 17:00:00+00:00,"{'x': -0.373581, 'y': 51.46935}",SSEN-2818001160,SSEN-281800116002
281800116004,SSEN,18.0,8026.0,2024-12-24 17:00:00+00:00,"{'x': -0.373581, 'y': 51.46935}",SSEN-2818001160,SSEN-281800116004
281800116005,SSEN,43.0,23540.0,2024-12-24 17:00:00+00:00,"{'x': -0.373581, 'y': 51.46935}",SSEN-2818001160,SSEN-281800116005
281800116001,SSEN,47.0,19351.0,2024-12-24 17:30:00+00:00,"{'x': -0.373581, 'y': 51.46935}",SSEN-2818001160,SSEN-281800116001
281800116002,SSEN,19.0,8347.0,2024-12-24 17:30:00+00:00,"{'x': -0.373581, 'y': 51.46935}",SSEN-2818001160,SSEN-281800116002
281800116004,SSEN,18.0,7984.0,2024-12-24 17:30:00+00:00,"{'x': -0.373581, 'y': 51.46935}",SSEN-2818001160,SSEN-281800116004
281800116005,SSEN,43.0,20554.0,2024-12-24 17:30:00+00:00,"{'x': -0.373581, 'y': 51.46935}",SSEN-2818001160,SSEN-281800116005
281800116001,SSEN,47.0,20918.0,2024-12-24 18:00:00+00:00,"{'x': -0.373581, 'y': 51.46935}",SSEN-2818001160,SSEN-281800116001
281800116002,SSEN,19.0,9368.0,2024-12-24 18:00:00+00:00,"{'x': -0.373581, 'y': 51.46935}",SSEN-2818001160,SSEN-281800116002
281800116004,SSEN,18.0,6862.0,2024-12-24 18:00:00+00:00,"{'x': -0.373581, 'y': 51.46935}",SSEN-2818001160,SSEN-281800116004
281800116005,SSEN,43.0,22067.0,2024-12-24 18:00:00+00:00,"{'x': -0.373581, 'y': 51.46935}",SSEN-2818001160,SSEN-281800116005
281800116001,SSEN,47.0,19491.0,2024-12-24 18:30:00+00:00,"{'x': -0.373581, 'y': 51.46935}",SSEN-2818001160,SSEN-281800116001
281800116002,SSEN,19.0,8609.0,2024-12-24 18:30:00+00:00,"{'x': -0.373581, 'y': 51.46935}",SSEN-2818001160,SSEN-281800116002
281800116004,SSEN,18.0,6571.0,2024-12-24 18:30:00+00:00,"{'x': -0.373581, 'y': 51.46935}",SSEN-2818001160,SSEN-281800116004
281800116005,SSEN,43.0,20811.0,2024-12-24 18:30:00+00:00,"{'x': -0.373581, 'y': 51.46935}",SSEN-2818001160,SSEN-281800116005
281800116001,SSEN,47.0,19629.0,2024-12-24 19:00:00+00:00,"{'x': -0.373581, 'y': 51.46935}",SSEN-2818001160,SSEN-281800116001
281800116002,SSEN,19.0,7660.0,2024-12-24 19:00:00+00:00,"{'x': -0.373581, 'y': 51.46935}",SSEN-2818001160,SSEN-281800116002
281800116004,SSEN,18.0,6251.0,2024-12-24 19:00:00+00:00,"{'x': -0.373581, 'y': 51.46935}",SSEN-2818001160,SSEN-281800116004
281800116005,SSEN,43.0,19531.0,2024-12-24 19:00:00+00:00,"{'x': -0.373581, 'y': 51.46935}",SSEN-2818001160,SSEN-281800116005
281800116001,SSEN,47.0,20415.0,2024-12-24 19:30:00+00:00,"{'x': -0.373581, 'y': 51.46935}",SSEN-2818001160,SSEN-281800116001
281800116002,SSEN,19.0,8339.0,2024-12-24 19:30:00+00:00,"{'x': -0.373581, 'y': 51.46935}",SSEN-2818001160,SSEN-281800116002
281800116004,SSEN,18.0,5029.0,2024-12-24 19:30:00+00:00,"{'x': -0.373581, 'y': 51.46935}",SSEN-2818001160,SSEN-281800116004
281800116005,SSEN,43.0,18631.0,2024-12-24 19:30:00+00:00,"{'x': -0.373581, 'y': 51.46935}",SSEN-2818001160,SSEN-281800116005
281800116001,SSEN,47.0,19883.0,2024-12-24 20:00:00+00:00,"{'x': -0.373581, 'y': 51.46935}",SSEN-2818001160,SSEN-281800116001
281800116002,SSEN,19.0,6696.0,2024-12-24 20:00:00+00:00,"{'x': -0.373581, 'y': 51.46935}",SSEN-2818001160,SSEN-281800116002
281800116004,SSEN,18.0,5492.0,2024-12-24 20:00:00+00:00,"{'x': -0.373581, 'y': 51.46935}",SSEN-2818001160,SSEN-281800116004
281800116005,SSEN,43.0,18156.0,2024-12-24 20:00:00+00:00,"{'x': -0.373581, 'y': 51.46935}",SSEN-2818001160,SSEN-281800116005
281800116001,SSEN,47.0,19362.0,2024-12-24 20:30:00+00:00,"{'x': -0.373581, 'y': 51.46935}",SSEN-2818001160,SSEN-281800116001
281800116002,SSEN,19.0,7870.0,2024-12-24 20:30:00+00:00,"{'x': -0.373581, 'y': 51.46935}",SSEN-2818001160,SSEN-281800116002
281800116004,SSEN,18.0,4888.0,2024-12-24 20:30:00+00:00,"{'x': -0.373581, 'y': 51.46935}",SSEN-2818001160,SSEN-281800116004
281800116005,SSEN,43.0,16901.0,2024-12-24 20:30:00+00:00,"{'x': -0.373581, 'y': 51.46935}",SSEN-2818001160,SSEN-281800116005
281800116001,SSEN,47.0,18993.0,2024-12-24 21:00:00+00:00,"{'x': -0.373581, 'y': 51.46935}",SSEN-2818001160,SSEN-281800116001
281800116002,SSEN,19.0,9379.0,2024-12-24 21:00:00+00:00,"{'x': -0.373581, 'y': 51.46935}",SSEN-2818001160,SSEN-281800116002
281800116004,SSEN,18.0,5445.0,2024-12-24 21:00:00+00:00,"{'x': -0.373581, 'y': 51.46935}",SSEN-2818001160,SSEN-281800116004
281800116005,SSEN,43.0,15989.0,2024-12-24 21:00:00+00:00,"{'x': -0.373581, 'y': 51.46935}",SSEN-2818001160,SSEN-281800116005
281800116001,SSEN,47.0,21883.0,2024-12-24 21:30:00+00:00,"{'x': -0.373581, 'y': 51.46935}",SSEN-2818001160,SSEN-281800116001
281800116002,SSEN,19.0,7134.0,2024-12-24 21:30:00+00:00,"{'x': -0.373581, 'y': 51.46935}",SSEN-2818001160,SSEN-281800116002
281800116004,SSEN,18.0,5460.0,2024-12-24 21:30:00+00:00,"{'x': -0.373581, 'y': 51.46935}",SSEN-2818001160,SSEN-281800116004
281800116005,SSEN,43.0,16459.0,2024-12-24 21:30:00+00:00,"{'x': -0.373581, 'y': 51.46935}",SSEN-2818001160,SSEN-281800116005
281800116001,SSEN,47.0,19576.0,2024-12-24 22:00:00+00:00,"{'x': -0.373581, 'y': 51.46935}",SSEN-2818001160,SSEN-281800116001
281800116002,SSEN,19.0,5763.0,2024-12-24 22:00:00+00:00,"{'x': -0.373581, 'y': 51.46935}",SSEN-2818001160,SSEN-281800116002
281800116004,SSEN,18.0,5833.0,2024-12-24 22:00:00+00:00,"{'x': -0.373581, 'y': 51.46935}",SSEN-2818001160,SSEN-281800116004
281800116005,SSEN,43.0,13723.0,2024-12-24 22:00:00+00:00,"{'x': -0.373581, 'y': 51.46935}",SSEN-2818001160,SSEN-281800116005
281800116001,SSEN,47.0,21571.0,2024-12-24 22:30:00+00:00,"{'x': -0.373581, 'y': 51.46935}",SSEN-2818001160,SSEN-281800116001
281800116002,SSEN,19.0,6466.0,2024-12-24 22:30:00+00:00,"{'x': -0.373581, 'y': 51.46935}",SSEN-2818001160,SSEN-281800116002
281800116004,SSEN,18.0,5461.0,2024-12-24 22:30:00+00:00,"{'x': -0.373581, 'y': 51.46935}",SSEN-2818001160,SSEN-281800116004
281800116005,SSEN,43.0,12262.0,2024-12-24 22:30:00+00:00,"{'x': -0.373581, 'y': 51.46935}",SSEN-2818001160,SSEN-281800116005
281800116001,SSEN,47.0,20179.0,2024-12-24 23:00:00+00:00,"{'x': -0.373581, 'y': 51.46935}",SSEN-2818001160,SSEN-281800116001
281800116002,SSEN,19.0,6269.0,2024-12-24 23:00:00+00:00,"{'x': -0.373581, 'y': 51.46935}",SSEN-2818001160,SSEN-281800116002
281800116004,SSEN,18.0,5972.0,2024-12-24 23:00:00+00:00,"{'x': -0.373581, 'y': 51.46935}",SSEN-2818001160,SSEN-281800116004
281800116005,SSEN,43.0,16311.0,2024-12-24 23:00:00+00:00,"{'x': -0.373581, 'y': 51.46935}",SSEN-2818001160,SSEN-281800116005
281800116001,SSEN,47.0,19908.0,2024-12-24 23:30:00+00:00,"{'x': -0.373581, 'y': 51.46935}",SSEN-2818001160,SSEN-281800116001
281800116002,SSEN,19.0,8158.0,2024-12-24 23:30:00+00:00,"{'x': -0.373581, 'y': 51.46935}",SSEN-2818001160,SSEN-281800116002
281800116004,SSEN,18.0,4456.0,2024-12-24 23:30:00+00:00,"{'x': -0.373581, 'y': 51.46935}",SSEN-2818001160,SSEN-281800116004
281800116005,SSEN,43.0,17321.0,2024-12-24 23:30:00+00:00,"{'x': -0.373581, 'y': 51.46935}",SSEN-2818001160,SSEN-281800116005
281800116001,SSEN,47.0,18459.0,2024-12-25 00:00:00+00:00,"{'x': -0.373581, 'y': 51.46935}",SSEN-2818001160,SSEN-281800116001
281800116002,SSEN,19.0,8972.0,2024-12-25 00:00:00+00:00,"{'x': -0.373581, 'y': 51.46935}",SSEN-2818001160,SSEN-281800116002
281800116004,SSEN,18.0,4264.0,2024-12-25 00:00:00+00:00,"{'x': -0.373581, 'y': 51.46935}",SSEN-2818001160,SSEN-281800116004
281800116005,SSEN,43.0,16340.0,2024-12-25 00:00:00+00:00,"{'x': -0.373581, 'y': 51.46935}",SSEN-2818001160,SSEN-281800116005
281800116001,SSEN,47.0,19013.0,2024-12-25 00:30:00+00:00,"{'x': -0.373581, 'y': 51.46935}",SSEN-2818001160,SSEN-281800116001
281800116002,SSEN,19.0,11380.0,2024-12-25 00:30:00+00:00,"{'x': -0.373581, 'y': 51.46935}",SSEN-2818001160,SSEN-281800116002
281800116004,SSEN,18.0,3356.0,2024-12-25 00:30:00+00:00,"{'x': -0.373581, 'y': 51.46935}",SSEN-2818001160,SSEN-281800116004
281800116005,SSEN,43.0,14285.0,2024-12-25 00:30:00+00:00,"{'x': -0.373581, 'y': 51.46935}",SSEN-2818001160,SSEN-281800116005
281800116001,SSEN,47.0,18656.0,2024-12-25 01:00:00+00:00,"{'x': -0.373581, 'y': 51.46935}",SSEN-2818001160,SSEN-281800116001
281800116002,SSEN,19.0,9600.0,2024-12-25 01:00:00+00:00,"{'x': -0.373581, 'y': 51.46935}",SSEN-2818001160,SSEN-281800116002
281800116004,SSEN,18.0,3414.0,2024-12-25 01:00:00+00:00,"{'x': -0.373581, 'y': 51.46935}",SSEN-2818001160,SSEN-281800116004
281800116005,SSEN,43.0,15400.0,2024-12-25 01:00:00+00:00,"{'x': -0.373581, 'y': 51.46935}",SSEN-2818001160,SSEN-281800116005
281800116001,SSEN,47.0,17939.0,2024-12-25 01:30:00+00:00,"{'x': -0.373581, 'y': 51.46935}",SSEN-2818001160,SSEN-281800116001
281800116002,SSEN,19.0,6860.0,2024-12-25 01:30:00+00:00,"{'x': -0.373581, 'y': 51.46935}",SSEN-2818001160,SSEN-281800116002
281800116004,SSEN,18.0,3091.0,2024-12-25 01:30:00+00:00,"{'x': -0.373581, 'y': 51.46935}",SSEN-2818001160,SSEN-281800116004
281800116005,SSEN,43.0,16764.0,2024-12-25 01:30:00+00:00,"{'x': -0.373581, 'y': 51.46935}",SSEN-2818001160,SSEN-281800116005
281800116001,SSEN,47.0,17105.0,2024-12-25 02:00:00+00:00,"{'x': -0.373581, 'y': 51.46935}",SSEN-2818001160,SSEN-281800116001
281800116002,SSEN,19.0,5985.0,2024-12-25 02:00:00+00:00,"{'x': -0.373581, 'y': 51.46935}",SSEN-2818001160,SSEN-281800116002
281800116004,SSEN,18.0,3286.0,2024-12-25 02:00:00+00:00,"{'x': -0.373581, 'y': 51.46935}",SSEN-2818001160,SSEN-281800116004
281800116005,SSEN,43.0,12960.0,2024-12-25 02:00:00+00:00,"{'x': -0.373581, 'y': 51.46935}",SSEN-2818001160,SSEN-281800116005
281800116001,SSEN,47.0,14809.0,2024-12-25 02:30:00+00:00,"{'x': -0.373581, 'y': 51.46935}",SSEN-2818001160,SSEN-281800116001
281800116002,SSEN,19.0,5472.0,2024-12-25 02:30:00+00:00,"{'x': -0.373581, 'y': 51.46935}",SSEN-2818001160,SSEN-281800116002
281800116004,SSEN,18.0,2818.0,2024-12-25 02:30:00+00:00,"{'x': -0.373581, 'y': 51.46935}",SSEN-2818001160,SSEN-281800116004
281800116005,SSEN,43.0,12665.0,2024-12-25 02:30:00+00:00,"{'x': -0.373581, 'y': 51.46935}",SSEN-2818001160,SSEN-281800116005
281800116001,SSEN,47.0,12618.0,2024-12-25 03:00:00+00:00,"{'x': -0.373581, 'y': 51.46935}",SSEN-2818001160,SSEN-281800116001
281800116002,SSEN,19.0,5403.0,2024-12-25 03:00:00+00:00,"{'x': -0.373581, 'y': 51.46935}",SSEN-2818001160,SSEN-281800116002
281800116004,SSEN,18.0,2718.0,2024-12-25 03:00:00+00:00,"{'x': -0.373581, 'y': 51.46935}",SSEN-2818001160,SSEN-281800116004
281800116005,SSEN,43.0,12428.0,2024-12-25 03:00:00+00:00,"{'x': -0.373581, 'y': 51.46935}",SSEN-2818001160,SSEN-281800116005
281800116001,SSEN,47.0,11887.0,2024-12-25 03:30:00+00:00,"{'x': -0.373581, 'y': 51.46935}",SSEN-2818001160,SSEN-281800116001
281800116002,SSEN,19.0,4694.0,2024-12-25 03:30:00+00:00,"{'x': -0.373581, 'y': 51.46935}",SSEN-2818001160,SSEN-281800116002
281800116004,SSEN,18.0,2767.0,2024-12-25 03:30:00+00:00,"{'x': -0.373581, 'y': 51.46935}",SSEN-2818001160,SSEN-281800116004
281800116005,SSEN,43.0,9916.0,2024-12-25 03:30:00+00:00,"{'x': -0.373581, 'y': 51.46935}",SSEN-2818001160,SSEN-281800116005
281800116001,SSEN,47.0,11925.0,2024-12-25 04:00:00+00:00,"{'x': -0.373581, 'y': 51.46935}",SSEN-2818001160,SSEN-281800116001
281800116002,SSEN,19.0,3494.0,2024-12-25 04:00:00+00:00,"{'x': -0.373581, 'y': 51.46935}",SSEN-2818001160,SSEN-281800116002
281800116004,SSEN,18.0,2724.0,2024-12-25 04:00:00+00:00,"{'x': -0.373581, 'y': 51.46935}",SSEN-2818001160,SSEN-281800116004
281800116005,SSEN,43.0,9117.0,2024-12-25 04:00:00+00:00,"{'x': -0.373581, 'y': 51.46935}",SSEN-2818001160,SSEN-281800116005
281800116001,SSEN,47.0,12420.0,2024-12-25 04:30:00+00:00,"{'x': -0.373581, 'y': 51.46935}",SSEN-2818001160,SSEN-281800116001
281800116002,SSEN,19.0,2430.0,2024-12-25 04:30:00+00:00,"{'x': -0.373581, 'y': 51.46935}",SSEN-2818001160,SSEN-281800116002
281800116004,SSEN,18.0,2784.0,2024-12-25 04:30:00+00:00,"{'x': -0.373581, 'y': 51.46935}",SSEN-2818001160,SSEN-281800116004
281800116005,SSEN,43.0,8029.0,2024-12-25 04:30:00+00:00,"{'x': -0.373581, 'y': 51.46935}",SSEN-2818001160,SSEN-281800116005
281800116001,SSEN,47.0,12869.0,2024-12-25 05:00:00+00:00,"{'x': -0.373581, 'y': 51.46935}",SSEN-2818001160,SSEN-281800116001
281800116002,SSEN,19.0,2518.0,2024-12-25 05:00:00+00:00,"{'x': -0.373581, 'y': 51.46935}",SSEN-2818001160,SSEN-281800116002
281800116004,SSEN,18.0,2944.0,2024-12-25 05:00:00+00:00,"{'x': -0.373581, 'y': 51.46935}",SSEN-2818001160,SSEN-281800116004
281800116005,SSEN,43.0,6682.0,2024-12-25 05:00:00+00:00,"{'x': -0.373581, 'y': 51.46935}",SSEN-2818001160,SSEN-281800116005
281800116001,SSEN,47.0,12499.0,2024-12-25 05:30:00+00:00,"{'x': -0.373581, 'y': 51.46935}",SSEN-2818001160,SSEN-281800116001
281800116002,SSEN,19.0,2472.0,2024-12-25 05:30:00+00:00,"{'x': -0.373581, 'y': 51.46935}",SSEN-2818001160,SSEN-281800116002
281800116004,SSEN,18.0,3145.0,2024-12-25 05:30:00+00:00,"{'x': -0.373581, 'y': 51.46935}",SSEN-2818001160,SSEN-281800116004
281800116005,SSEN,43.0,9072.0,2024-12-25 05:30:00+00:00,"{'x': -0.373581, 'y': 51.46935}",SSEN-2818001160,SSEN-281800116005
281800116001,SSEN,47.0,12286.0,2024-12-25 06:00:00+00:00,"{'x': -0.373581, 'y': 51.46935}",SSEN-2818001160,SSEN-281800116001
281800116002,SSEN,19.0,3508.0,2024-12-25 06:00:00+00:00,"{'x': -0.373581, 'y': 51.46935}",SSEN-2818001160,SSEN-281800116002
281800116004,SSEN,18.0,4939.0,2024-12-25 06:00:00+00:00,"{'x': -0.373581, 'y': 51.46935}",SSEN-2818001160,SSEN-281800116004
281800116005,SSEN,43.0,7072.0,2024-12-25 06:00:00+00:00,"{'x': -0.373581, 'y': 51.46935}",SSEN-2818001160,SSEN-281800116005
281800116001,SSEN,47.0,12214.0,2024-12-25 06:30:00+00:00,"{'x': -0.373581, 'y': 51.46935}",SSEN-2818001160,SSEN-281800116001
281800116002,SSEN,19.0,2702.0,2024-12-25 06:30:00+00:00,"{'x': -0.373581, 'y': 51.46935}",SSEN-2818001160,SSEN-281800116002
281800116004,SSEN,18.0,4359.0,2024-12-25 06:30:00+00:00,"{'x': -0.373581, 'y': 51.46935}",SSEN-2818001160,SSEN-281800116004
281800116005,SSEN,43.0,7360.0,2024-12-25 06:30:00+00:00,"{'x': -0.373581, 'y': 51.46935}",SSEN-2818001160,SSEN-281800116005
281800116001,SSEN,47.0,8743.0,2024-12-25 07:00:00+00:00,"{'x': -0.373581, 'y': 51.46935}",SSEN-2818001160,SSEN-281800116001
281800116002,SSEN,19.0,4222.0,2024-12-25 07:00:00+00:00,"{'x': -0.373581, 'y': 51.46935}",SSEN-2818001160,SSEN-281800116002
281800116004,SSEN,18.0,4260.0,2024-12-25 07:00:00+00:00,"{'x': -0.373581, 'y': 51.46935}",SSEN-2818001160,SSEN-281800116004
281800116005,SSEN,43.0,5836.0,2024-12-25 07:00:00+00:00,"{'x': -0.373581, 'y': 51.46935}",SSEN-2818001160,SSEN-281800116005
281800116001,SSEN,47.0,9463.0,2024-12-25 07:30:00+00:00,"{'x': -0.373581, 'y': 51.46935}",SSEN-2818001160,SSEN-281800116001
281800116002,SSEN,19.0,3506.0,2024-12-25 07:30:00+00:00,"{'x': -0.373581, 'y': 51.46935}",SSEN-2818001160,SSEN-281800116002
281800116004,SSEN,18.0,3754.0,2024-12-25 07:30:00+00:00,"{'x': -0.373581, 'y': 51.46935}",SSEN-2818001160,SSEN-281800116004
281800116005,SSEN,43.0,8032.0,2024-12-25 07:30:00+00:00,"{'x': -0.373581, 'y': 51.46935}",SSEN-2818001160,SSEN-281800116005
281800116001,SSEN,47.0,11049.0,2024-12-25 08:00:00+00:00,"{'x': -0.373581, 'y': 51.46935}",SSEN-2818001160,SSEN-281800116001
281800116002,SSEN,19.0,3289.0,2024-12-25 08:00:00+00:00,"{'x': -0.373581, 'y': 51.46935}",SSEN-2818001160,SSEN-281800116002
281800116004,SSEN,18.0,3324.0,2024-12-25 08:00:00+00:00,"{'x': -0.373581, 'y': 51.46935}",SSEN-2818001160,SSEN-281800116004
281800116005,SSEN,43.0,10056.0,2024-12-25 08:00:00+00:00,"{'x': -0.373581, 'y': 51.46935}",SSEN-2818001160,SSEN-281800116005
281800116001,SSEN,47.0,12406.0,2024-12-25 08:30:00+00:00,"{'x': -0.373581, 'y': 51.46935}",SSEN-2818001160,SSEN-281800116001
281800116002,SSEN,19.0,3734.0,2024-12-25 08:30:00+00:00,"{'x': -0.373581, 'y': 51.46935}",SSEN-2818001160,SSEN-281800116002
281800116004,SSEN,18.0,3158.0,2024-12-25 08:30:00+00:00,"{'x': -0.373581, 'y': 51.46935}",SSEN-2818001160,SSEN-281800116004
281800116005,SSEN,43.0,10445.0,2024-12-25 08:30:00+00:00,"{'x': -0.373581, 'y': 51.46935}",SSEN-2818001160,SSEN-281800116005
281800116001,SSEN,47.0,14766.0,2024-12-25 09:00:00+00:00,"{'x': -0.373581, 'y': 51.46935}",SSEN-2818001160,SSEN-281800116001
281800116002,SSEN,19.0,3293.0,2024-12-25 09:00:00+00:00,"{'x': -0.373581, 'y': 51.46935}",SSEN-2818001160,SSEN-281800116002
281800116004,SSEN,18.0,3889.0,2024-12-25 09:00:00+00:00,"{'x': -0.373581, 'y': 51.46935}",SSEN-2818001160,SSEN-281800116004
281800116005,SSEN,43.0,13499.0,2024-12-25 09:00:00+00:00,"{'x': -0.373581, 'y': 51.46935}",SSEN-2818001160,SSEN-281800116005
281800116001,SSEN,47.0,16709.0,2024-12-25 09:30:00+00:00,"{'x': -0.373581, 'y': 51.46935}",SSEN-2818001160,SSEN-281800116001
281800116002,SSEN,19.0,4390.0,2024-12-25 09:30:00+00:00,"{'x': -0.373581, 'y': 51.46935}",SSEN-2818001160,SSEN-281800116002
281800116004,SSEN,18.0,4372.0,2024-12-25 09:30:00+00:00,"{'x': -0.373581, 'y': 51.46935}",SSEN-2818001160,SSEN-281800116004
281800116005,SSEN,43.0,16855.0,2024-12-25 09:30:00+00:00,"{'x': -0.373581, 'y': 51.46935}",SSEN-2818001160,SSEN-281800116005
281800116001,SSEN,47.0,15692.0,2024-12-25 10:00:00+00:00,"{'x': -0.373581, 'y': 51.46935}",SSEN-2818001160,SSEN-281800116001
281800116002,SSEN,19.0,4471.0,2024-12-25 10:00:00+00:00,"{'x': -0.373581, 'y': 51.46935}",SSEN-2818001160,SSEN-281800116002
281800116004,SSEN,18.0,4329.0,2024-12-25 10:00:00+00:00,"{'x': -0.373581, 'y': 51.46935}",SSEN-2818001160,SSEN-281800116004
281800116005,SSEN,43.0,14249.0,2024-12-25 10:00:00+00:00,"{'x': -0.373581, 'y': 51.46935}",SSEN-2818001160,SSEN-281800116005
281800116001,SSEN,47.0,20020.0,2024-12-25 10:30:00+00:00,"{'x': -0.373581, 'y': 51.46935}",SSEN-2818001160,SSEN-281800116001
281800116002,SSEN,19.0,6233.0,2024-12-25 10:30:00+00:00,"{'x': -0.373581, 'y': 51.46935}",SSEN-2818001160,SSEN-281800116002
281800116004,SSEN,18.0,4185.0,2024-12-25 10:30:00+00:00,"{'x': -0.373581, 'y': 51.46935}",SSEN-2818001160,SSEN-281800116004
281800116005,SSEN,43.0,15160.0,2024-12-25 10:30:00+00:00,"{'x': -0.373581, 'y': 51.46935}",SSEN-2818001160,SSEN-281800116005
281800116001,SSEN,47.0,22891.0,2024-12-25 11:00:00+00:00,"{'x': -0.373581, 'y': 51.46935}",SSEN-2818001160,SSEN-281800116001
281800116002,SSEN,19.0,6719.0,2024-12-25 11:00:00+00:00,"{'x': -0.373581, 'y': 51.46935}",SSEN-2818001160,SSEN-281800116002
281800116004,SSEN,18.0,5918.0,2024-12-25 11:00:00+00:00,"{'x': -0.373581, 'y': 51.46935}",SSEN-2818001160,SSEN-281800116004
281800116005,SSEN,43.0,17735.0,2024-12-25 11:00:00+00:00,"{'x': -0.373581, 'y': 51.46935}",SSEN-2818001160,SSEN-281800116005
281800116001,SSEN,47.0,23679.0,2024-12-25 11:30:00+00:00,"{'x': -0.373581, 'y': 51.46935}",SSEN-2818001160,SSEN-281800116001
281800116002,SSEN,19.0,10427.0,2024-12-25 11:30:00+00:00,"{'x': -0.373581, 'y': 51.46935}",SSEN-2818001160,SSEN-281800116002
281800116004,SSEN,18.0,5011.0,2024-12-25 11:30:00+00:00,"{'x': -0.373581, 'y': 51.46935}",SSEN-2818001160,SSEN-281800116004
281800116005,SSEN,43.0,15663.0,2024-12-25 11:30:00+00:00,"{'x': -0.373581, 'y': 51.46935}",SSEN-2818001160,SSEN-281800116005
281800116001,SSEN,47.0,22770.0,2024-12-25 12:00:00+00:00,"{'x': -0.373581, 'y': 51.46935}",SSEN-2818001160,SSEN-281800116001
281800116002,SSEN,19.0,9138.0,2024-12-25 12:00:00+00:00,"{'x': -0.373581, 'y': 51.46935}",SSEN-2818001160,SSEN-281800116002
281800116004,SSEN,18.0,4718.0,2024-12-25 12:00:00+00:00,"{'x': -0.373581, 'y': 51.46935}",SSEN-2818001160,SSEN-281800116004
281800116005,SSEN,43.0,18591.0,2024-12-25 12:00:00+00:00,"{'x': -0.373581, 'y': 51.46935}",SSEN-2818001160,SSEN-281800116005
281800116001,SSEN,47.0,23309.0,2024-12-25 12:30:00+00:00,"{'x': -0.373581, 'y': 51.46935}",SSEN-2818001160,SSEN-281800116001
281800116002,SSEN,19.0,8743.0,2024-12-25 12:30:00+00:00,"{'x': -0.373581, 'y': 51.46935}",SSEN-2818001160,SSEN-281800116002
281800116004,SSEN,18.0,5417.0,2024-12-25 12:30:00+00:00,"{'x': -0.373581, 'y': 51.46935}",SSEN-2818001160,SSEN-281800116004
281800116005,SSEN,43.0,16409.0,2024-12-25 12:30:00+00:00,"{'x': -0.373581, 'y': 51.46935}",SSEN-2818001160,SSEN-281800116005
281800116001,SSEN,47.0,22605.0,2024-12-25 13:00:00+00:00,"{'x': -0.373581, 'y': 51.46935}",SSEN-2818001160,SSEN-281800116001
281800116002,SSEN,19.0,9387.0,2024-12-25 13:00:00+00:00,"{'x': -0.373581, 'y': 51.46935}",SSEN-2818001160,SSEN-281800116002
281800116004,SSEN,18.0,5569.0,2024-12-25 13:00:00+00:00,"{'x': -0.373581, 'y': 51.46935}",SSEN-2818001160,SSEN-281800116004
281800116005,SSEN,43.0,17260.0,2024-12-25 13:00:00+00:00,"{'x': -0.373581, 'y': 51.46935}",SSEN-2818001160,SSEN-281800116005
281800116001,SSEN,47.0,21338.0,2024-12-25 13:30:00+00:00,"{'x': -0.373581, 'y': 51.46935}",SSEN-2818001160,SSEN-281800116001
281800116002,SSEN,19.0,9505.0,2024-12-25 13:30:00+00:00,"{'x': -0.373581, 'y': 51.46935}",SSEN-2818001160,SSEN-281800116002
281800116004,SSEN,18.0,4938.0,2024-12-25 13:30:00+00:00,"{'x': -0.373581, 'y': 51.46935}",SSEN-2818001160,SSEN-281800116004
281800116005,SSEN,43.0,17416.0,2024-12-25 13:30:00+00:00,"{'x': -0.373581, 'y': 51.46935}",SSEN-2818001160,SSEN-281800116005
281800116001,SSEN,47.0,18674.0,2024-12-25 14:00:00+00:00,"{'x': -0.373581, 'y': 51.46935}",SSEN-2818001160,SSEN-281800116001
281800116002,SSEN,19.0,10392.0,2024-12-25 14:00:00+00:00,"{'x': -0.373581, 'y': 51.46935}",SSEN-2818001160,SSEN-281800116002
281800116004,SSEN,18.0,4669.0,2024-12-25 14:00:00+00:00,"{'x': -0.373581, 'y': 51.46935}",SSEN-2818001160,SSEN-281800116004
281800116005,SSEN,43.0,15312.0,2024-12-25 14:00:00+00:00,"{'x': -0.373581, 'y': 51.46935}",SSEN-2818001160,SSEN-281800116005
281800116001,SSEN,47.0,17887.0,2024-12-25 14:30:00+00:00,"{'x': -0.373581, 'y': 51.46935}",SSEN-2818001160,SSEN-281800116001
281800116002,SSEN,19.0,10157.0,2024-12-25 14:30:00+00:00,"{'x': -0.373581, 'y': 51.46935}",SSEN-2818001160,SSEN-281800116002
281800116004,SSEN,18.0,4774.0,2024-12-25 14:30:00+00:00,"{'x': -0.373581, 'y': 51.46935}",SSEN-2818001160,SSEN-281800116004
281800116005,SSEN,43.0,16635.0,2024-12-25 14:30:00+00:00,"{'x': -0.373581, 'y': 51.46935}",SSEN-2818001160,SSEN-281800116005
281800116001,SSEN,47.0,18147.0,2024-12-25 15:00:00+00:00,"{'x': -0.373581, 'y': 51.46935}",SSEN-2818001160,SSEN-281800116001
281800116002,SSEN,19.0,10373.0,2024-12-25 15:00:00+00:00,"{'x': -0.373581, 'y': 51.46935}",SSEN-2818001160,SSEN-281800116002
281800116004,SSEN,18.0,4422.0,2024-12-25 15:00:00+00:00,"{'x': -0.373581, 'y': 51.46935}",SSEN-2818001160,SSEN-281800116004
281800116005,SSEN,43.0,18900.0,2024-12-25 15:00:00+00:00,"{'x': -0.373581, 'y': 51.46935}",SSEN-2818001160,SSEN-281800116005
281800116001,SSEN,47.0,19958.0,2024-12-25 15:30:00+00:00,"{'x': -0.373581, 'y': 51.46935}",SSEN-2818001160,SSEN-281800116001
281800116002,SSEN,19.0,9662.0,2024-12-25 15:30:00+00:00,"{'x': -0.373581, 'y': 51.46935}",SSEN-2818001160,SSEN-281800116002
281800116004,SSEN,18.0,4620.0,2024-12-25 15:30:00+00:00,"{'x': -0.373581, 'y': 51.46935}",SSEN-2818001160,SSEN-281800116004
281800116005,SSEN,43.0,18492.0,2024-12-25 15:30:00+00:00,"{'x': -0.373581, 'y': 51.46935}",SSEN-2818001160,SSEN-281800116005
281800116001,SSEN,47.0,17287.0,2024-12-25 16:00:00+00:00,"{'x': -0.373581, 'y': 51.46935}",SSEN-2818001160,SSEN-281800116001
281800116002,SSEN,19.0,8759.0,2024-12-25 16:00:00+00:00,"{'x': -0.373581, 'y': 51.46935}",SSEN-2818001160,SSEN-281800116002
281800116004,SSEN,18.0,6314.0,2024-12-25 16:00:00+00:00,"{'x': -0.373581, 'y': 51.46935}",SSEN-2818001160,SSEN-281800116004
281800116005,SSEN,43.0,18832.0,2024-12-25 16:00:00+00:00,"{'x': -0.373581, 'y': 51.46935}",SSEN-2818001160,SSEN-281800116005
281800116001,SSEN,47.0,17298.0,2024-12-25 16:30:00+00:00,"{'x': -0.373581, 'y': 51.46935}",SSEN-2818001160,SSEN-281800116001
281800116002,SSEN,19.0,7490.0,2024-12-25 16:30:00+00:00,"{'x': -0.373581, 'y': 51.46935}",SSEN-2818001160,SSEN-281800116002
281800116004,SSEN,18.0,9794.0,2024-12-25 16:30:00+00:00,"{'x': -0.373581, 'y': 51.46935}",SSEN-2818001160,SSEN-281800116004
281800116005,SSEN,43.0,21286.0,2024-12-25 16:30:00+00:00,"{'x': -0.373581, 'y': 51.46935}",SSEN-2818001160,SSEN-281800116005
281800116001,SSEN,47.0,21979.0,2024-12-25 17:00:00+00:00,"{'x': -0.373581, 'y': 51.46935}",SSEN-2818001160,SSEN-281800116001
281800116002,SSEN,19.0,10316.0,2024-12-25 17:00:00+00:00,"{'x': -0.373581, 'y': 51.46935}",SSEN-2818001160,SSEN-281800116002
281800116004,SSEN,18.0,7460.0,2024-12-25 17:00:00+00:00,"{'x': -0.373581, 'y': 51.46935}",SSEN-2818001160,SSEN-281800116004
281800116005,SSEN,43.0,18464.0,2024-12-25 17:00:00+00:00,"{'x': -0.373581, 'y': 51.46935}",SSEN-2818001160,SSEN-281800116005
281800116001,SSEN,47.0,19326.0,2024-12-25 17:30:00+00:00,"{'x': -0.373581, 'y': 51.46935}",SSEN-2818001160,SSEN-281800116001
281800116002,SSEN,19.0,8981.0,2024-12-25 17:30:00+00:00,"{'x': -0.373581, 'y': 51.46935}",SSEN-2818001160,SSEN-281800116002
281800116004,SSEN,18.0,5586.0,2024-12-25 17:30:00+00:00,"{'x': -0.373581, 'y': 51.46935}",SSEN-2818001160,SSEN-281800116004
281800116005,SSEN,43.0,18187.0,2024-12-25 17:30:00+00:00,"{'x': -0.373581, 'y': 51.46935}",SSEN-2818001160,SSEN-281800116005
281800116001,SSEN,47.0,18403.0,2024-12-25 18:00:00+00:00,"{'x': -0.373581, 'y': 51.46935}",SSEN-2818001160,SSEN-281800116001
281800116002,SSEN,19.0,7895.0,2024-12-25 18:00:00+00:00,"{'x': -0.373581, 'y': 51.46935}",SSEN-2818001160,SSEN-281800116002
281800116004,SSEN,18.0,4716.0,2024-12-25 18:00:00+00:00,"{'x': -0.373581, 'y': 51.46935}",SSEN-2818001160,SSEN-281800116004
281800116005,SSEN,43.0,18864.0,2024-12-25 18:00:00+00:00,"{'x': -0.373581, 'y': 51.46935}",SSEN-2818001160,SSEN-281800116005
281800116001,SSEN,47.0,18749.0,2024-12-25 18:30:00+00:00,"{'x': -0.373581, 'y': 51.46935}",SSEN-2818001160,SSEN-281800116001
281800116002,SSEN,19.0,6301.0,2024-12-25 18:30:00+00:00,"{'x': -0.373581, 'y': 51.46935}",SSEN-2818001160,SSEN-281800116002
281800116004,SSEN,18.0,4404.0,2024-12-25 18:30:00+00:00,"{'x': -0.373581, 'y': 51.46935}",SSEN-2818001160,SSEN-281800116004
281800116005,SSEN,43.0,21320.0,2024-12-25 18:30:00+00:00,"{'x': -0.373581, 'y': 51.46935}",SSEN-2818001160,SSEN-281800116005
281800116001,SSEN,47.0,18639.0,2024-12-25 19:00:00+00:00,"{'x': -0.373581, 'y': 51.46935}",SSEN-2818001160,SSEN-281800116001
281800116002,SSEN,19.0,5636.0,2024-12-25 19:00:00+00:00,"{'x': -0.373581, 'y': 51.46935}",SSEN-2818001160,SSEN-281800116002
281800116004,SSEN,18.0,5189.0,2024-12-25 19:00:00+00:00,"{'x': -0.373581, 'y': 51.46935}",SSEN-2818001160,SSEN-281800116004
281800116005,SSEN,43.0,23891.0,2024-12-25 19:00:00+00:00,"{'x': -0.373581, 'y': 51.46935}",SSEN-2818001160,SSEN-281800116005
281800116001,SSEN,47.0,15655.0,2024-12-25 19:30:00+00:00,"{'x': -0.373581, 'y': 51.46935}",SSEN-2818001160,SSEN-281800116001
281800116002,SSEN,19.0,9333.0,2024-12-25 19:30:00+00:00,"{'x': -0.373581, 'y': 51.46935}",SSEN-2818001160,SSEN-281800116002
281800116004,SSEN,18.0,5045.0,2024-12-25 19:30:00+00:00,"{'x': -0.373581, 'y': 51.46935}",SSEN-2818001160,SSEN-281800116004
281800116005,SSEN,43.0,19734.0,2024-12-25 19:30:00+00:00,"{'x': -0.373581, 'y': 51.46935}",SSEN-2818001160,SSEN-281800116005
281800116001,SSEN,47.0,17419.0,2024-12-25 20:00:00+00:00,"{'x': -0.373581, 'y': 51.46935}",SSEN-2818001160,SSEN-281800116001
281800116002,SSEN,19.0,6136.0,2024-12-25 20:00:00+00:00,"{'x': -0.373581, 'y': 51.46935}",SSEN-2818001160,SSEN-281800116002
281800116004,SSEN,18.0,7227.0,2024-12-25 20:00:00+00:00,"{'x': -0.373581, 'y': 51.46935}",SSEN-2818001160,SSEN-281800116004
281800116005,SSEN,43.0,16409.0,2024-12-25 20:00:00+00:00,"{'x': -0.373581, 'y': 51.46935}",SSEN-2818001160,SSEN-281800116005
281800116001,SSEN,47.0,17000.0,2024-12-25 20:30:00+00:00,"{'x': -0.373581, 'y': 51.46935}",SSEN-2818001160,SSEN-281800116001
281800116002,SSEN,19.0,5693.0,2024-12-25 20:30:00+00:00,"{'x': -0.373581, 'y': 51.46935}",SSEN-2818001160,SSEN-281800116002
281800116004,SSEN,18.0,6683.0,2024-12-25 20:30:00+00:00,"{'x': -0.373581, 'y': 51.46935}",SSEN-2818001160,SSEN-281800116004
281800116005,SSEN,43.0,16417.0,2024-12-25 20:30:00+00:00,"{'x': -0.373581, 'y': 51.46935}",SSEN-2818001160,SSEN-281800116005
281800116001,SSEN,47.0,18494.0,2024-12-25 21:00:00+00:00,"{'x': -0.373581, 'y': 51.46935}",SSEN-2818001160,SSEN-281800116001
281800116002,SSEN,19.0,4242.0,2024-12-25 21:00:00+00:00,"{'x': -0.373581, 'y': 51.46935}",SSEN-2818001160,SSEN-281800116002
281800116004,SSEN,18.0,5013.0,2024-12-25 21:00:00+00:00,"{'x': -0.373581, 'y': 51.46935}",SSEN-2818001160,SSEN-281800116004
281800116005,SSEN,43.0,14107.0,2024-12-25 21:00:00+00:00,"{'x': -0.373581, 'y': 51.46935}",SSEN-2818001160,SSEN-281800116005
281800116001,SSEN,47.0,17413.0,2024-12-25 21:30:00+00:00,"{'x': -0.373581, 'y': 51.46935}",SSEN-2818001160,SSEN-281800116001
281800116002,SSEN,19.0,5743.0,2024-12-25 21:30:00+00:00,"{'x': -0.373581, 'y': 51.46935}",SSEN-2818001160,SSEN-281800116002
281800116004,SSEN,18.0,4407.0,2024-12-25 21:30:00+00:00,"{'x': -0.373581, 'y': 51.46935}",SSEN-2818001160,SSEN-281800116004
281800116005,SSEN,43.0,14475.0,2024-12-25 21:30:00+00:00,"{'x': -0.373581, 'y': 51.46935}",SSEN-2818001160,SSEN-281800116005
281800116001,SSEN,47.0,17883.0,2024-12-25 22:00:00+00:00,"{'x': -0.373581, 'y': 51.46935}",SSEN-2818001160,SSEN-281800116001
281800116002,SSEN,19.0,5388.0,2024-12-25 22:00:00+00:00,"{'x': -0.373581, 'y': 51.46935}",SSEN-2818001160,SSEN-281800116002
281800116004,SSEN,18.0,4816.0,2024-12-25 22:00:00+00:00,"{'x': -0.373581, 'y': 51.46935}",SSEN-2818001160,SSEN-281800116004
281800116005,SSEN,43.0,14641.0,2024-12-25 22:00:00+00:00,"{'x': -0.373581, 'y': 51.46935}",SSEN-2818001160,SSEN-281800116005
281800116001,SSEN,47.0,16035.0,2024-12-25 22:30:00+00:00,"{'x': -0.373581, 'y': 51.46935}",SSEN-2818001160,SSEN-281800116001
281800116002,SSEN,19.0,5947.0,2024-12-25 22:30:00+00:00,"{'x': -0.373581, 'y': 51.46935}",SSEN-2818001160,SSEN-281800116002
281800116004,SSEN,18.0,6909.0,2024-12-25 22:30:00+00:00,"{'x': -0.373581, 'y': 51.46935}",SSEN-2818001160,SSEN-281800116004
281800116005,SSEN,43.0,13771.0,2024-12-25 22:30:00+00:00,"{'x': -0.373581, 'y': 51.46935}",SSEN-2818001160,SSEN-281800116005
281800116001,SSEN,47.0,18026.0,2024-12-25 23:00:00+00:00,"{'x': -0.373581, 'y': 51.46935}",SSEN-2818001160,SSEN-281800116001
281800116002,SSEN,19.0,5784.0,2024-12-25 23:00:00+00:00,"{'x': -0.373581, 'y': 51.46935}",SSEN-2818001160,SSEN-281800116002
281800116004,SSEN,18.0,5095.0,2024-12-25 23:00:00+00:00,"{'x': -0.373581, 'y': 51.46935}",SSEN-2818001160,SSEN-281800116004
281800116005,SSEN,43.0,13940.0,2024-12-25 23:00:00+00:00,"{'x': -0.373581, 'y': 51.46935}",SSEN-2818001160,SSEN-281800116005
281800116001,SSEN,47.0,17792.0,2024-12-25 23:30:00+00:00,"{'x': -0.373581, 'y': 51.46935}",SSEN-2818001160,SSEN-281800116001
281800116002,SSEN,19.0,4964.0,2024-12-25 23:30:00+00:00,"{'x': -0.373581, 'y': 51.46935}",SSEN-2818001160,SSEN-281800116002
281800116004,SSEN,18.0,6906.0,2024-12-25 23:30:00+00:00,"{'x': -0.373581, 'y': 51.46935}",SSEN-2818001160,SSEN-281800116004
281800116005,SSEN,43.0,12878.0,2024-12-25 23:30:00+00:00,"{'x': -0.373581, 'y': 51.46935}",SSEN-2818001160,SSEN-281800116005
281800116001,SSEN,47.0,14514.0,2024-12-26 00:00:00+00:00,"{'x': -0.373581, 'y': 51.46935}",SSEN-2818001160,SSEN-281800116001
281800116002,SSEN,19.0,6885.0,2024-12-26 00:00:00+00:00,"{'x': -0.373581, 'y': 51.46935}",SSEN-2818001160,SSEN-281800116002
281800116004,SSEN,18.0,4895.0,2024-12-26 00:00:00+00:00,"{'x': -0.373581, 'y': 51.46935}",SSEN-2818001160,SSEN-281800116004
281800116005,SSEN,43.0,11904.0,2024-12-26 00:00:00+00:00,"{'x': -0.373581, 'y': 51.46935}",SSEN-2818001160,SSEN-281800116005
281800116001,SSEN,46.0,16846.0,2024-12-26 00:30:00+00:00,"{'x': -0.373581, 'y': 51.46935}",SSEN-2818001160,SSEN-281800116001
281800116002,SSEN,19.0,9005.0,2024-12-26 00:30:00+00:00,"{'x': -0.373581, 'y': 51.46935}",SSEN-2818001160,SSEN-281800116002
281800116004,SSEN,18.0,4846.0,2024-12-26 00:30:00+00:00,"{'x': -0.373581, 'y': 51.46935}",SSEN-2818001160,SSEN-281800116004
281800116005,SSEN,43.0,12109.0,2024-12-26 00:30:00+00:00,"{'x': -0.373581, 'y': 51.46935}",SSEN-2818001160,SSEN-281800116005
281800116001,SSEN,46.0,15541.0,2024-12-26 01:00:00+00:00,"{'x': -0.373581, 'y': 51.46935}",SSEN-2818001160,SSEN-281800116001
281800116002,SSEN,19.0,7151.0,2024-12-26 01:00:00+00:00,"{'x': -0.373581, 'y': 51.46935}",SSEN-2818001160,SSEN-281800116002
281800116004,SSEN,18.0,4499.0,2024-12-26 01:00:00+00:00,"{'x': -0.373581, 'y': 51.46935}",SSEN-2818001160,SSEN-281800116004
281800116005,SSEN,43.0,10325.0,2024-12-26 01:00:00+00:00,"{'x': -0.373581, 'y': 51.46935}",SSEN-2818001160,SSEN-281800116005
281800116001,SSEN,46.0,14137.0,2024-12-26 01:30:00+00:00,"{'x': -0.373581, 'y': 51.46935}",SSEN-2818001160,SSEN-281800116001
281800116002,SSEN,19.0,4414.0,2024-12-26 01:30:00+00:00,"{'x': -0.373581, 'y': 51.46935}",SSEN-2818001160,SSEN-281800116002
281800116004,SSEN,18.0,4427.0,2024-12-26 01:30:00+00:00,"{'x': -0.373581, 'y': 51.46935}",SSEN-2818001160,SSEN-281800116004
281800116005,SSEN,43.0,11567.0,2024-12-26 01:30:00+00:00,"{'x': -0.373581, 'y': 51.46935}",SSEN-2818001160,SSEN-281800116005
281800116001,SSEN,46.0,14442.0,2024-12-26 02:00:00+00:00,"{'x': -0.373581, 'y': 51.46935}",SSEN-2818001160,SSEN-281800116001
281800116002,SSEN,19.0,3354.0,2024-12-26 02:00:00+00:00,"{'x': -0.373581, 'y': 51.46935}",SSEN-2818001160,SSEN-281800116002
281800116004,SSEN,18.0,3717.0,2024-12-26 02:00:00+00:00,"{'x': -0.373581, 'y': 51.46935}",SSEN-2818001160,SSEN-281800116004
281800116005,SSEN,43.0,11407.0,2024-12-26 02:00:00+00:00,"{'x': -0.373581, 'y': 51.46935}",SSEN-2818001160,SSEN-281800116005
281800116001,SSEN,46.0,12742.0,2024-12-26 02:30:00+00:00,"{'x': -0.373581, 'y': 51.46935}",SSEN-2818001160,SSEN-281800116001
281800116002,SSEN,19.0,3549.0,2024-12-26 02:30:00+00:00,"{'x': -0.373581, 'y': 51.46935}",SSEN-2818001160,SSEN-281800116002
281800116004,SSEN,18.0,4006.0,2024-12-26 02:30:00+00:00,"{'x': -0.373581, 'y': 51.46935}",SSEN-2818001160,SSEN-281800116004
281800116005,SSEN,43.0,11098.0,2024-12-26 02:30:00+00:00,"{'x': -0.373581, 'y': 51.46935}",SSEN-2818001160,SSEN-281800116005
281800116001,SSEN,46.0,11046.0,2024-12-26 03:00:00+00:00,"{'x': -0.373581, 'y': 51.46935}",SSEN-2818001160,SSEN-281800116001
281800116002,SSEN,19.0,4641.0,2024-12-26 03:00:00+00:00,"{'x': -0.373581, 'y': 51.46935}",SSEN-2818001160,SSEN-281800116002
281800116004,SSEN,18.0,4041.0,2024-12-26 03:00:00+00:00,"{'x': -0.373581, 'y': 51.46935}",SSEN-2818001160,SSEN-281800116004
281800116005,SSEN,43.0,11669.0,2024-12-26 03:00:00+00:00,"{'x': -0.373581, 'y': 51.46935}",SSEN-2818001160,SSEN-281800116005
281800116001,SSEN,46.0,10025.0,2024-12-26 03:30:00+00:00,"{'x': -0.373581, 'y': 51.46935}",SSEN-2818001160,SSEN-281800116001
281800116002,SSEN,19.0,3732.0,2024-12-26 03:30:00+00:00,"{'x': -0.373581, 'y': 51.46935}",SSEN-2818001160,SSEN-281800116002
281800116004,SSEN,18.0,3799.0,2024-12-26 03:30:00+00:00,"{'x': -0.373581, 'y': 51.46935}",SSEN-2818001160,SSEN-281800116004
281800116005,SSEN,43.0,7599.0,2024-12-26 03:30:00+00:00,"{'x': -0.373581, 'y': 51.46935}",SSEN-2818001160,SSEN-281800116005
281800116001,SSEN,46.0,10048.0,2024-12-26 04:00:00+00:00,"{'x': -0.373581, 'y': 51.46935}",SSEN-2818001160,SSEN-281800116001
281800116002,SSEN,19.0,2958.0,2024-12-26 04:00:00+00:00,"{'x': -0.373581, 'y': 51.46935}",SSEN-2818001160,SSEN-281800116002
281800116004,SSEN,18.0,3327.0,2024-12-26 04:00:00+00:00,"{'x': -0.373581, 'y': 51.46935}",SSEN-2818001160,SSEN-281800116004
281800116005,SSEN,43.0,8814.0,2024-12-26 04:00:00+00:00,"{'x': -0.373581, 'y': 51.46935}",SSEN-2818001160,SSEN-281800116005
281800116001,SSEN,46.0,10773.0,2024-12-26 04:30:00+00:00,"{'x': -0.373581, 'y': 51.46935}",SSEN-2818001160,SSEN-281800116001
281800116002,SSEN,19.0,3309.0,2024-12-26 04:30:00+00:00,"{'x': -0.373581, 'y': 51.46935}",SSEN-2818001160,SSEN-281800116002
281800116004,SSEN,18.0,3409.0,2024-12-26 04:30:00+00:00,"{'x': -0.373581, 'y': 51.46935}",SSEN-2818001160,SSEN-281800116004
281800116005,SSEN,43.0,8477.0,2024-12-26 04:30:00+00:00,"{'x': -0.373581, 'y': 51.46935}",SSEN-2818001160,SSEN-281800116005
281800116001,SSEN,46.0,9702.0,2024-12-26 05:00:00+00:00,"{'x': -0.373581, 'y': 51.46935}",SSEN-2818001160,SSEN-281800116001
281800116002,SSEN,19.0,3081.0,2024-12-26 05:00:00+00:00,"{'x': -0.373581, 'y': 51.46935}",SSEN-2818001160,SSEN-281800116002
281800116004,SSEN,18.0,3262.0,2024-12-26 05:00:00+00:00,"{'x': -0.373581, 'y': 51.46935}",SSEN-2818001160,SSEN-281800116004
281800116005,SSEN,43.0,7250.0,2024-12-26 05:00:00+00:00,"{'x': -0.373581, 'y': 51.46935}",SSEN-2818001160,SSEN-281800116005
281800116001,SSEN,46.0,9163.0,2024-12-26 05:30:00+00:00,"{'x': -0.373581, 'y': 51.46935}",SSEN-2818001160,SSEN-281800116001
281800116002,SSEN,19.0,3938.0,2024-12-26 05:30:00+00:00,"{'x': -0.373581, 'y': 51.46935}",SSEN-2818001160,SSEN-281800116002
281800116004,SSEN,18.0,3581.0,2024-12-26 05:30:00+00:00,"{'x': -0.373581, 'y': 51.46935}",SSEN-2818001160,SSEN-281800116004
281800116005,SSEN,43.0,6529.0,2024-12-26 05:30:00+00:00,"{'x': -0.373581, 'y': 51.46935}",SSEN-2818001160,SSEN-281800116005
281800116001,SSEN,46.0,9229.0,2024-12-26 06:00:00+00:00,"{'x': -0.373581, 'y': 51.46935}",SSEN-2818001160,SSEN-281800116001
281800116002,SSEN,19.0,2697.0,2024-12-26 06:00:00+00:00,"{'x': -0.373581, 'y': 51.46935}",SSEN-2818001160,SSEN-281800116002
281800116004,SSEN,18.0,3480.0,2024-12-26 06:00:00+00:00,"{'x': -0.373581, 'y': 51.46935}",SSEN-2818001160,SSEN-281800116004
281800116005,SSEN,43.0,5019.0,2024-12-26 06:00:00+00:00,"{'x': -0.373581, 'y': 51.46935}",SSEN-2818001160,SSEN-281800116005
281800116001,SSEN,46.0,8654.0,2024-12-26 06:30:00+00:00,"{'x': -0.373581, 'y': 51.46935}",SSEN-2818001160,SSEN-281800116001
281800116002,SSEN,19.0,2882.0,2024-12-26 06:30:00+00:00,"{'x': -0.373581, 'y': 51.46935}",SSEN-2818001160,SSEN-281800116002
281800116004,SSEN,18.0,4117.0,2024-12-26 06:30:00+00:00,"{'x': -0.373581, 'y': 51.46935}",SSEN-2818001160,SSEN-281800116004
281800116005,SSEN,43.0,5537.0,2024-12-26 06:30:00+00:00,"{'x': -0.373581, 'y': 51.46935}",SSEN-2818001160,SSEN-281800116005
281800116001,SSEN,46.0,9089.0,2024-12-26 07:00:00+00:00,"{'x': -0.373581, 'y': 51.46935}",SSEN-2818001160,SSEN-281800116001
281800116002,SSEN,19.0,2193.0,2024-12-26 07:00:00+00:00,"{'x': -0.373581, 'y': 51.46935}",SSEN-2818001160,SSEN-281800116002
281800116004,SSEN,18.0,3479.0,2024-12-26 07:00:00+00:00,"{'x': -0.373581, 'y': 51.46935}",SSEN-2818001160,SSEN-281800116004
281800116005,SSEN,43.0,6614.0,2024-12-26 07:00:00+00:00,"{'x': -0.373581, 'y': 51.46935}",SSEN-2818001160,SSEN-281800116005
281800116001,SSEN,46.0,9330.0,2024-12-26 07:30:00+00:00,"{'x': -0.373581, 'y': 51.46935}",SSEN-2818001160,SSEN-281800116001
281800116002,SSEN,19.0,4159.0,2024-12-26 07:30:00+00:00,"{'x': -0.373581, 'y': 51.46935}",SSEN-2818001160,SSEN-281800116002
281800116004,SSEN,18.0,3324.0,2024-12-26 07:30:00+00:00,"{'x': -0.373581, 'y': 51.46935}",SSEN-2818001160,SSEN-281800116004
281800116005,SSEN,43.0,10865.0,2024-12-26 07:30:00+00:00,"{'x': -0.373581, 'y': 51.46935}",SSEN-2818001160,SSEN-281800116005
281800116001,SSEN,46.0,9673.0,2024-12-26 08:00:00+00:00,"{'x': -0.373581, 'y': 51.46935}",SSEN-2818001160,SSEN-281800116001
281800116002,SSEN,19.0,3939.0,2024-12-26 08:00:00+00:00,"{'x': -0.373581, 'y': 51.46935}",SSEN-2818001160,SSEN-281800116002
281800116004,SSEN,18.0,3635.0,2024-12-26 08:00:00+00:00,"{'x': -0.373581, 'y': 51.46935}",SSEN-2818001160,SSEN-281800116004
281800116005,SSEN,43.0,11840.0,2024-12-26 08:00:00+00:00,"{'x': -0.373581, 'y': 51.46935}",SSEN-2818001160,SSEN-281800116005
281800116001,SSEN,46.0,11277.0,2024-12-26 08:30:00+00:00,"{'x': -0.373581, 'y': 51.46935}",SSEN-2818001160,SSEN-281800116001
281800116002,SSEN,19.0,3004.0,2024-12-26 08:30:00+00:00,"{'x': -0.373581, 'y': 51.46935}",SSEN-2818001160,SSEN-281800116002
281800116004,SSEN,18.0,3074.0,2024-12-26 08:30:00+00:00,"{'x': -0.373581, 'y': 51.46935}",SSEN-2818001160,SSEN-281800116004
281800116005,SSEN,43.0,11660.0,2024-12-26 08:30:00+00:00,"{'x': -0.373581, 'y': 51.46935}",SSEN-2818001160,SSEN-281800116005
281800116001,SSEN,46.0,10213.0,2024-12-26 09:00:00+00:00,"{'x': -0.373581, 'y': 51.46935}",SSEN-2818001160,SSEN-281800116001
281800116002,SSEN,19.0,2954.0,2024-12-26 09:00:00+00:00,"{'x': -0.373581, 'y': 51.46935}",SSEN-2818001160,SSEN-281800116002
281800116004,SSEN,18.0,2955.0,2024-12-26 09:00:00+00:00,"{'x': -0.373581, 'y': 51.46935}",SSEN-2818001160,SSEN-281800116004
281800116005,SSEN,43.0,12251.0,2024-12-26 09:00:00+00:00,"{'x': -0.373581, 'y': 51.46935}",SSEN-2818001160,SSEN-281800116005
281800116001,SSEN,46.0,12030.0,2024-12-26 09:30:00+00:00,"{'x': -0.373581, 'y': 51.46935}",SSEN-2818001160,SSEN-281800116001
281800116002,SSEN,19.0,3311.0,2024-12-26 09:30:00+00:00,"{'x': -0.373581, 'y': 51.46935}",SSEN-2818001160,SSEN-281800116002
281800116004,SSEN,18.0,3713.0,2024-12-26 09:30:00+00:00,"{'x': -0.373581, 'y': 51.46935}",SSEN-2818001160,SSEN-281800116004
281800116005,SSEN,43.0,13028.0,2024-12-26 09:30:00+00:00,"{'x': -0.373581, 'y': 51.46935}",SSEN-2818001160,SSEN-281800116005
281800116001,SSEN,46.0,13332.0,2024-12-26 10:00:00+00:00,"{'x': -0.373581, 'y': 51.46935}",SSEN-2818001160,SSEN-281800116001
281800116002,SSEN,19.0,5109.0,2024-12-26 10:00:00+00:00,"{'x': -0.373581, 'y': 51.46935}",SSEN-2818001160,SSEN-281800116002
281800116004,SSEN,18.0,4452.0,2024-12-26 10:00:00+00:00,"{'x': -0.373581, 'y': 51.46935}",SSEN-2818001160,SSEN-281800116004
281800116005,SSEN,43.0,12393.0,2024-12-26 10:00:00+00:00,"{'x': -0.373581, 'y': 51.46935}",SSEN-2818001160,SSEN-281800116005
281800116001,SSEN,46.0,13288.0,2024-12-26 10:30:00+00:00,"{'x': -0.373581, 'y': 51.46935}",SSEN-2818001160,SSEN-281800116001
281800116002,SSEN,19.0,4447.0,2024-12-26 10:30:00+00:00,"{'x': -0.373581, 'y': 51.46935}",SSEN-2818001160,SSEN-281800116002
281800116004,SSEN,18.0,4402.0,2024-12-26 10:30:00+00:00,"{'x': -0.373581, 'y': 51.46935}",SSEN-2818001160,SSEN-281800116004
281800116005,SSEN,43.0,14447.0,2024-12-26 10:30:00+00:00,"{'x': -0.373581, 'y': 51.46935}",SSEN-2818001160,SSEN-281800116005
281800116001,SSEN,46.0,13799.0,2024-12-26 11:00:00+00:00,"{'x': -0.373581, 'y': 51.46935}",SSEN-2818001160,SSEN-281800116001
281800116002,SSEN,19.0,6221.0,2024-12-26 11:00:00+00:00,"{'x': -0.373581, 'y': 51.46935}",SSEN-2818001160,SSEN-281800116002
281800116004,SSEN,18.0,5308.0,2024-12-26 11:00:00+00:00,"{'x': -0.373581, 'y': 51.46935}",SSEN-2818001160,SSEN-281800116004
281800116005,SSEN,43.0,13935.0,2024-12-26 11:00:00+00:00,"{'x': -0.373581, 'y': 51.46935}",SSEN-2818001160,SSEN-281800116005
281800116001,SSEN,46.0,11984.0,2024-12-26 11:30:00+00:00,"{'x': -0.373581, 'y': 51.46935}",SSEN-2818001160,SSEN-281800116001
281800116002,SSEN,19.0,6194.0,2024-12-26 11:30:00+00:00,"{'x': -0.373581, 'y': 51.46935}",SSEN-2818001160,SSEN-281800116002
281800116004,SSEN,18.0,4742.0,2024-12-26 11:30:00+00:00,"{'x': -0.373581, 'y': 51.46935}",SSEN-2818001160,SSEN-281800116004
281800116005,SSEN,43.0,14202.0,2024-12-26 11:30:00+00:00,"{'x': -0.373581, 'y': 51.46935}",SSEN-2818001160,SSEN-281800116005
281800116001,SSEN,46.0,12041.0,2024-12-26 12:00:00+00:00,"{'x': -0.373581, 'y': 51.46935}",SSEN-2818001160,SSEN-281800116001
281800116002,SSEN,19.0,6678.0,2024-12-26 12:00:00+00:00,"{'x': -0.373581, 'y': 51.46935}",SSEN-2818001160,SSEN-281800116002
281800116004,SSEN,18.0,4226.0,2024-12-26 12:00:00+00:00,"{'x': -0.373581, 'y': 51.46935}",SSEN-2818001160,SSEN-281800116004
281800116005,SSEN,43.0,18390.0,2024-12-26 12:00:00+00:00,"{'x': -0.373581, 'y': 51.46935}",SSEN-2818001160,SSEN-281800116005
281800116001,SSEN,46.0,13613.0,2024-12-26 12:30:00+00:00,"{'x': -0.373581, 'y': 51.46935}",SSEN-2818001160,SSEN-281800116001
281800116002,SSEN,19.0,7896.0,2024-12-26 12:30:00+00:00,"{'x': -0.373581, 'y': 51.46935}",SSEN-2818001160,SSEN-281800116002
281800116004,SSEN,18.0,5338.0,2024-12-26 12:30:00+00:00,"{'x': -0.373581, 'y': 51.46935}",SSEN-2818001160,SSEN-281800116004
281800116005,SSEN,43.0,15876.0,2024-12-26 12:30:00+00:00,"{'x': -0.373581, 'y': 51.46935}",SSEN-2818001160,SSEN-281800116005
281800116001,SSEN,46.0,12581.0,2024-12-26 13:00:00+00:00,"{'x': -0.373581, 'y': 51.46935}",SSEN-2818001160,SSEN-281800116001
281800116002,SSEN,19.0,5549.0,2024-12-26 13:00:00+00:00,"{'x': -0.373581, 'y': 51.46935}",SSEN-2818001160,SSEN-281800116002
281800116004,SSEN,18.0,3754.0,2024-12-26 13:00:00+00:00,"{'x': -0.373581, 'y': 51.46935}",SSEN-2818001160,SSEN-281800116004
281800116005,SSEN,43.0,14056.0,2024-12-26 13:00:00+00:00,"{'x': -0.373581, 'y': 51.46935}",SSEN-2818001160,SSEN-281800116005
281800116001,SSEN,46.0,13233.0,2024-12-26 13:30:00+00:00,"{'x': -0.373581, 'y': 51.46935}",SSEN-2818001160,SSEN-281800116001
281800116002,SSEN,19.0,6372.0,2024-12-26 13:30:00+00:00,"{'x': -0.373581, 'y': 51.46935}",SSEN-2818001160,SSEN-281800116002
281800116004,SSEN,18.0,4117.0,2024-12-26 13:30:00+00:00,"{'x': -0.373581, 'y': 51.46935}",SSEN-2818001160,SSEN-281800116004
281800116005,SSEN,43.0,14484.0,2024-12-26 13:30:00+00:00,"{'x': -0.373581, 'y': 51.46935}",SSEN-2818001160,SSEN-281800116005
281800116001,SSEN,46.0,13037.0,2024-12-26 14:00:00+00:00,"{'x': -0.373581, 'y': 51.46935}",SSEN-2818001160,SSEN-281800116001
281800116002,SSEN,19.0,5996.0,2024-12-26 14:00:00+00:00,"{'x': -0.373581, 'y': 51.46935}",SSEN-2818001160,SSEN-281800116002
281800116004,SSEN,18.0,4503.0,2024-12-26 14:00:00+00:00,"{'x': -0.373581, 'y': 51.46935}",SSEN-2818001160,SSEN-281800116004
281800116005,SSEN,43.0,14269.0,2024-12-26 14:00:00+00:00,"{'x': -0.373581, 'y': 51.46935}",SSEN-2818001160,SSEN-281800116005
281800116001,SSEN,46.0,15170.0,2024-12-26 14:30:00+00:00,"{'x': -0.373581, 'y': 51.46935}",SSEN-2818001160,SSEN-281800116001
281800116002,SSEN,19.0,6883.0,2024-12-26 14:30:00+00:00,"{'x': -0.373581, 'y': 51.46935}",SSEN-2818001160,SSEN-281800116002
281800116004,SSEN,18.0,4339.0,2024-12-26 14:30:00+00:00,"{'x': -0.373581, 'y': 51.46935}",SSEN-2818001160,SSEN-281800116004
281800116005,SSEN,43.0,15434.0,2024-12-26 14:30:00+00:00,"{'x': -0.373581, 'y': 51.46935}",SSEN-2818001160,SSEN-281800116005
281800116001,SSEN,46.0,12796.0,2024-12-26 15:00:00+00:00,"{'x': -0.373581, 'y': 51.46935}",SSEN-2818001160,SSEN-281800116001
281800116002,SSEN,19.0,5781.0,2024-12-26 15:00:00+00:00,"{'x': -0.373581, 'y': 51.46935}",SSEN-2818001160,SSEN-281800116002
281800116004,SSEN,18.0,4557.0,2024-12-26 15:00:00+00:00,"{'x': -0.373581, 'y': 51.46935}",SSEN-2818001160,SSEN-281800116004
281800116005,SSEN,43.0,16552.0,2024-12-26 15:00:00+00:00,"{'x': -0.373581, 'y': 51.46935}",SSEN-2818001160,SSEN-281800116005
281800116001,SSEN,46.0,13864.0,2024-12-26 15:30:00+00:00,"{'x': -0.373581, 'y': 51.46935}",SSEN-2818001160,SSEN-281800116001
281800116002,SSEN,19.0,4954.0,2024-12-26 15:30:00+00:00,"{'x': -0.373581, 'y': 51.46935}",SSEN-2818001160,SSEN-281800116002
281800116004,SSEN,18.0,4795.0,2024-12-26 15:30:00+00:00,"{'x': -0.373581, 'y': 51.46935}",SSEN-2818001160,SSEN-281800116004
281800116005,SSEN,43.0,18221.0,2024-12-26 15:30:00+00:00,"{'x': -0.373581, 'y': 51.46935}",SSEN-2818001160,SSEN-281800116005
281800116001,SSEN,46.0,13396.0,2024-12-26 16:00:00+00:00,"{'x': -0.373581, 'y': 51.46935}",SSEN-2818001160,SSEN-281800116001
281800116002,SSEN,19.0,6526.0,2024-12-26 16:00:00+00:00,"{'x': -0.373581, 'y': 51.46935}",SSEN-2818001160,SSEN-281800116002
281800116004,SSEN,18.0,3463.0,2024-12-26 16:00:00+00:00,"{'x': -0.373581, 'y': 51.46935}",SSEN-2818001160,SSEN-281800116004
281800116005,SSEN,43.0,17396.0,2024-12-26 16:00:00+00:00,"{'x': -0.373581, 'y': 51.46935}",SSEN-2818001160,SSEN-281800116005
281800116001,SSEN,46.0,15319.0,2024-12-26 16:30:00+00:00,"{'x': -0.373581, 'y': 51.46935}",SSEN-2818001160,SSEN-281800116001
281800116002,SSEN,19.0,6459.0,2024-12-26 16:30:00+00:00,"{'x': -0.373581, 'y': 51.46935}",SSEN-2818001160,SSEN-281800116002
281800116004,SSEN,18.0,3922.0,2024-12-26 16:30:00+00:00,"{'x': -0.373581, 'y': 51.46935}",SSEN-2818001160,SSEN-281800116004
281800116005,SSEN,43.0,15058.0,2024-12-26 16:30:00+00:00,"{'x': -0.373581, 'y': 51.46935}",SSEN-2818001160,SSEN-281800116005
281800116001,SSEN,46.0,13942.0,2024-12-26 17:00:00+00:00,"{'x': -0.373581, 'y': 51.46935}",SSEN-2818001160,SSEN-281800116001
281800116002,SSEN,19.0,8674.0,2024-12-26 17:00:00+00:00,"{'x': -0.373581, 'y': 51.46935}",SSEN-2818001160,SSEN-281800116002
281800116004,SSEN,18.0,5293.0,2024-12-26 17:00:00+00:00,"{'x': -0.373581, 'y': 51.46935}",SSEN-2818001160,SSEN-281800116004
281800116005,SSEN,43.0,16680.0,2024-12-26 17:00:00+00:00,"{'x': -0.373581, 'y': 51.46935}",SSEN-2818001160,SSEN-281800116005
281800116001,SSEN,46.0,15884.0,2024-12-26 17:30:00+00:00,"{'x': -0.373581, 'y': 51.46935}",SSEN-2818001160,SSEN-281800116001
281800116002,SSEN,19.0,10595.0,2024-12-26 17:30:00+00:00,"{'x': -0.373581, 'y': 51.46935}",SSEN-2818001160,SSEN-281800116002
281800116004,SSEN,18.0,5375.0,2024-12-26 17:30:00+00:00,"{'x': -0.373581, 'y': 51.46935}",SSEN-2818001160,SSEN-281800116004
281800116005,SSEN,43.0,14088.0,2024-12-26 17:30:00+00:00,"{'x': -0.373581, 'y': 51.46935}",SSEN-2818001160,SSEN-281800116005
281800116001,SSEN,46.0,15248.0,2024-12-26 18:00:00+00:00,"{'x': -0.373581, 'y': 51.46935}",SSEN-2818001160,SSEN-281800116001
281800116002,SSEN,19.0,8474.0,2024-12-26 18:00:00+00:00,"{'x': -0.373581, 'y': 51.46935}",SSEN-2818001160,SSEN-281800116002
281800116004,SSEN,18.0,5728.0,2024-12-26 18:00:00+00:00,"{'x': -0.373581, 'y': 51.46935}",SSEN-2818001160,SSEN-281800116004
281800116005,SSEN,43.0,15090.0,2024-12-26 18:00:00+00:00,"{'x': -0.373581, 'y': 51.46935}",SSEN-2818001160,SSEN-281800116005
281800116001,SSEN,46.0,15909.0,2024-12-26 18:30:00+00:00,"{'x': -0.373581, 'y': 51.46935}",SSEN-2818001160,SSEN-281800116001
281800116002,SSEN,19.0,9651.0,2024-12-26 18:30:00+00:00,"{'x': -0.373581, 'y': 51.46935}",SSEN-2818001160,SSEN-281800116002
281800116004,SSEN,18.0,6159.0,2024-12-26 18:30:00+00:00,"{'x': -0.373581, 'y': 51.46935}",SSEN-2818001160,SSEN-281800116004
281800116005,SSEN,43.0,17464.0,2024-12-26 18:30:00+00:00,"{'x': -0.373581, 'y': 51.46935}",SSEN-2818001160,SSEN-281800116005
281800116001,SSEN,46.0,17188.0,2024-12-26 19:00:00+00:00,"{'x': -0.373581, 'y': 51.46935}",SSEN-2818001160,SSEN-281800116001
281800116002,SSEN,19.0,12478.0,2024-12-26 19:00:00+00:00,"{'x': -0.373581, 'y': 51.46935}",SSEN-2818001160,SSEN-281800116002
281800116004,SSEN,18.0,5801.0,2024-12-26 19:00:00+00:00,"{'x': -0.373581, 'y': 51.46935}",SSEN-2818001160,SSEN-281800116004
281800116005,SSEN,43.0,15177.0,2024-12-26 19:00:00+00:00,"{'x': -0.373581, 'y': 51.46935}",SSEN-2818001160,SSEN-281800116005
281800116001,SSEN,46.0,18817.0,2024-12-26 19:30:00+00:00,"{'x': -0.373581, 'y': 51.46935}",SSEN-2818001160,SSEN-281800116001
281800116002,SSEN,19.0,11376.0,2024-12-26 19:30:00+00:00,"{'x': -0.373581, 'y': 51.46935}",SSEN-2818001160,SSEN-281800116002
281800116004,SSEN,18.0,5197.0,2024-12-26 19:30:00+00:00,"{'x': -0.373581, 'y': 51.46935}",SSEN-2818001160,SSEN-281800116004
281800116005,SSEN,43.0,18425.0,2024-12-26 19:30:00+00:00,"{'x': -0.373581, 'y': 51.46935}",SSEN-2818001160,SSEN-281800116005
281800116001,SSEN,46.0,14687.0,2024-12-26 20:00:00+00:00,"{'x': -0.373581, 'y': 51.46935}",SSEN-2818001160,SSEN-281800116001
281800116002,SSEN,19.0,12133.0,2024-12-26 20:00:00+00:00,"{'x': -0.373581, 'y': 51.46935}",SSEN-2818001160,SSEN-281800116002
281800116004,SSEN,18.0,7198.0,2024-12-26 20:00:00+00:00,"{'x': -0.373581, 'y': 51.46935}",SSEN-2818001160,SSEN-281800116004
281800116005,SSEN,43.0,17441.0,2024-12-26 20:00:00+00:00,"{'x': -0.373581, 'y': 51.46935}",SSEN-2818001160,SSEN-281800116005
281800116001,SSEN,46.0,15356.0,2024-12-26 20:30:00+00:00,"{'x': -0.373581, 'y': 51.46935}",SSEN-2818001160,SSEN-281800116001
281800116002,SSEN,19.0,11716.0,2024-12-26 20:30:00+00:00,"{'x': -0.373581, 'y': 51.46935}",SSEN-2818001160,SSEN-281800116002
281800116004,SSEN,18.0,5991.0,2024-12-26 20:30:00+00:00,"{'x': -0.373581, 'y': 51.46935}",SSEN-2818001160,SSEN-281800116004
281800116005,SSEN,43.0,14121.0,2024-12-26 20:30:00+00:00,"{'x': -0.373581, 'y': 51.46935}",SSEN-2818001160,SSEN-281800116005
281800116001,SSEN,46.0,14671.0,2024-12-26 21:00:00+00:00,"{'x': -0.373581, 'y': 51.46935}",SSEN-2818001160,SSEN-281800116001
281800116002,SSEN,19.0,11017.0,2024-12-26 21:00:00+00:00,"{'x': -0.373581, 'y': 51.46935}",SSEN-2818001160,SSEN-281800116002
281800116004,SSEN,18.0,5695.0,2024-12-26 21:00:00+00:00,"{'x': -0.373581, 'y': 51.46935}",SSEN-2818001160,SSEN-281800116004
281800116005,SSEN,43.0,13041.0,2024-12-26 21:00:00+00:00,"{'x': -0.373581, 'y': 51.46935}",SSEN-2818001160,SSEN-281800116005
281800116001,SSEN,46.0,15815.0,2024-12-26 21:30:00+00:00,"{'x': -0.373581, 'y': 51.46935}",SSEN-2818001160,SSEN-281800116001
281800116002,SSEN,19.0,10494.0,2024-12-26 21:30:00+00:00,"{'x': -0.373581, 'y': 51.46935}",SSEN-2818001160,SSEN-281800116002
281800116004,SSEN,18.0,5555.0,2024-12-26 21:30:00+00:00,"{'x': -0.373581, 'y': 51.46935}",SSEN-2818001160,SSEN-281800116004
281800116005,SSEN,43.0,11311.0,2024-12-26 21:30:00+00:00,"{'x': -0.373581, 'y': 51.46935}",SSEN-2818001160,SSEN-281800116005
281800116001,SSEN,46.0,13649.0,2024-12-26 22:00:00+00:00,"{'x': -0.373581, 'y': 51.46935}",SSEN-2818001160,SSEN-281800116001
281800116002,SSEN,19.0,9918.0,2024-12-26 22:00:00+00:00,"{'x': -0.373581, 'y': 51.46935}",SSEN-2818001160,SSEN-281800116002
281800116004,SSEN,18.0,5379.0,2024-12-26 22:00:00+00:00,"{'x': -0.373581, 'y': 51.46935}",SSEN-2818001160,SSEN-281800116004
281800116005,SSEN,43.0,13565.0,2024-12-26 22:00:00+00:00,"{'x': -0.373581, 'y': 51.46935}",SSEN-2818001160,SSEN-281800116005
281800116001,SSEN,46.0,12859.0,2024-12-26 22:30:00+00:00,"{'x': -0.373581, 'y': 51.46935}",SSEN-2818001160,SSEN-281800116001
281800116002,SSEN,19.0,9131.0,2024-12-26 22:30:00+00:00,"{'x': -0.373581, 'y': 51.46935}",SSEN-2818001160,SSEN-281800116002
281800116004,SSEN,18.0,5814.0,2024-12-26 22:30:00+00:00,"{'x': -0.373581, 'y': 51.46935}",SSEN-2818001160,SSEN-281800116004
281800116005,SSEN,43.0,17846.0,2024-12-26 22:30:00+00:00,"{'x': -0.373581, 'y': 51.46935}",SSEN-2818001160,SSEN-281800116005
281800116001,SSEN,46.0,10572.0,2024-12-26 23:00:00+00:00,"{'x': -0.373581, 'y': 51.46935}",SSEN-2818001160,SSEN-281800116001
281800116002,SSEN,19.0,5788.0,2024-12-26 23:00:00+00:00,"{'x': -0.373581, 'y': 51.46935}",SSEN-2818001160,SSEN-281800116002
281800116004,SSEN,18.0,5480.0,2024-12-26 23:00:00+00:00,"{'x': -0.373581, 'y': 51.46935}",SSEN-2818001160,SSEN-281800116004
281800116005,SSEN,43.0,17968.0,2024-12-26 23:00:00+00:00,"{'x': -0.373581, 'y': 51.46935}",SSEN-2818001160,SSEN-281800116005
281800116001,SSEN,46.0,9841.0,2024-12-26 23:30:00+00:00,"{'x': -0.373581, 'y': 51.46935}",SSEN-2818001160,SSEN-281800116001
281800116002,SSEN,19.0,8524.0,2024-12-26 23:30:00+00:00,"{'x': -0.373581, 'y': 51.46935}",SSEN-2818001160,SSEN-281800116002
281800116004,SSEN,18.0,5608.0,2024-12-26 23:30:00+00:00,"{'x': -0.373581, 'y': 51.46935}",SSEN-2818001160,SSEN-281800116004
281800116005,SSEN,43.0,14863.0,2024-12-26 23:30:00+00:00,"{'x': -0.373581, 'y': 51.46935}",SSEN-2818001160,SSEN-281800116005
281800116001,SSEN,46.0,8665.0,2024-12-27 00:00:00+00:00,"{'x': -0.373581, 'y': 51.46935}",SSEN-2818001160,SSEN-281800116001
281800116002,SSEN,19.0,9301.0,2024-12-27 00:00:00+00:00,"{'x': -0.373581, 'y': 51.46935}",SSEN-2818001160,SSEN-281800116002
281800116004,SSEN,18.0,4763.0,2024-12-27 00:00:00+00:00,"{'x': -0.373581, 'y': 51.46935}",SSEN-2818001160,SSEN-281800116004
281800116005,SSEN,43.0,16164.0,2024-12-27 00:00:00+00:00,"{'x': -0.373581, 'y': 51.46935}",SSEN-2818001160,SSEN-281800116005
281800116001,SSEN,46.0,9886.0,2024-12-27 00:30:00+00:00,"{'x': -0.373581, 'y': 51.46935}",SSEN-2818001160,SSEN-281800116001
281800116002,SSEN,19.0,9040.0,2024-12-27 00:30:00+00:00,"{'x': -0.373581, 'y': 51.46935}",SSEN-2818001160,SSEN-281800116002
281800116004,SSEN,18.0,4383.0,2024-12-27 00:30:00+00:00,"{'x': -0.373581, 'y': 51.46935}",SSEN-2818001160,SSEN-281800116004
281800116005,SSEN,43.0,15086.0,2024-12-27 00:30:00+00:00,"{'x': -0.373581, 'y': 51.46935}",SSEN-2818001160,SSEN-281800116005
281800116001,SSEN,46.0,10109.0,2024-12-27 01:00:00+00:00,"{'x': -0.373581, 'y': 51.46935}",SSEN-2818001160,SSEN-281800116001
281800116002,SSEN,19.0,8283.0,2024-12-27 01:00:00+00:00,"{'x': -0.373581, 'y': 51.46935}",SSEN-2818001160,SSEN-281800116002
281800116004,SSEN,18.0,4232.0,2024-12-27 01:00:00+00:00,"{'x': -0.373581, 'y': 51.46935}",SSEN-2818001160,SSEN-281800116004
281800116005,SSEN,43.0,13700.0,2024-12-27 01:00:00+00:00,"{'x': -0.373581, 'y': 51.46935}",SSEN-2818001160,SSEN-281800116005
281800116001,SSEN,46.0,9777.0,2024-12-27 01:30:00+00:00,"{'x': -0.373581, 'y': 51.46935}",SSEN-2818001160,SSEN-281800116001
281800116002,SSEN,19.0,7232.0,2024-12-27 01:30:00+00:00,"{'x': -0.373581, 'y': 51.46935}",SSEN-2818001160,SSEN-281800116002
281800116004,SSEN,18.0,4118.0,2024-12-27 01:30:00+00:00,"{'x': -0.373581, 'y': 51.46935}",SSEN-2818001160,SSEN-281800116004
281800116005,SSEN,43.0,13912.0,2024-12-27 01:30:00+00:00,"{'x': -0.373581, 'y': 51.46935}",SSEN-2818001160,SSEN-281800116005
281800116001,SSEN,46.0,9472.0,2024-12-27 02:00:00+00:00,"{'x': -0.373581, 'y': 51.46935}",SSEN-2818001160,SSEN-281800116001
281800116002,SSEN,19.0,8164.0,2024-12-27 02:00:00+00:00,"{'x': -0.373581, 'y': 51.46935}",SSEN-2818001160,SSEN-281800116002
281800116004,SSEN,18.0,3965.0,2024-12-27 02:00:00+00:00,"{'x': -0.373581, 'y': 51.46935}",SSEN-2818001160,SSEN-281800116004
281800116005,SSEN,43.0,11993.0,2024-12-27 02:00:00+00:00,"{'x': -0.373581, 'y': 51.46935}",SSEN-2818001160,SSEN-281800116005
281800116001,SSEN,46.0,7628.0,2024-12-27 02:30:00+00:00,"{'x': -0.373581, 'y': 51.46935}",SSEN-2818001160,SSEN-281800116001
281800116002,SSEN,19.0,6765.0,2024-12-27 02:30:00+00:00,"{'x': -0.373581, 'y': 51.46935}",SSEN-2818001160,SSEN-281800116002
281800116004,SSEN,18.0,4070.0,2024-12-27 02:30:00+00:00,"{'x': -0.373581, 'y': 51.46935}",SSEN-2818001160,SSEN-281800116004
281800116005,SSEN,43.0,9941.0,2024-12-27 02:30:00+00:00,"{'x': -0.373581, 'y': 51.46935}",SSEN-2818001160,SSEN-281800116005
281800116001,SSEN,46.0,6834.0,2024-12-27 03:00:00+00:00,"{'x': -0.373581, 'y': 51.46935}",SSEN-2818001160,SSEN-281800116001
281800116002,SSEN,19.0,6925.0,2024-12-27 03:00:00+00:00,"{'x': -0.373581, 'y': 51.46935}",SSEN-2818001160,SSEN-281800116002
281800116004,SSEN,18.0,4326.0,2024-12-27 03:00:00+00:00,"{'x': -0.373581, 'y': 51.46935}",SSEN-2818001160,SSEN-281800116004
281800116005,SSEN,43.0,9304.0,2024-12-27 03:00:00+00:00,"{'x': -0.373581, 'y': 51.46935}",SSEN-2818001160,SSEN-281800116005
281800116001,SSEN,46.0,6434.0,2024-12-27 03:30:00+00:00,"{'x': -0.373581, 'y': 51.46935}",SSEN-2818001160,SSEN-281800116001
281800116002,SSEN,19.0,5033.0,2024-12-27 03:30:00+00:00,"{'x': -0.373581, 'y': 51.46935}",SSEN-2818001160,SSEN-281800116002
281800116004,SSEN,18.0,3905.0,2024-12-27 03:30:00+00:00,"{'x': -0.373581, 'y': 51.46935}",SSEN-2818001160,SSEN-281800116004
281800116005,SSEN,43.0,7147.0,2024-12-27 03:30:00+00:00,"{'x': -0.373581, 'y': 51.46935}",SSEN-2818001160,SSEN-281800116005
281800116001,SSEN,46.0,6795.0,2024-12-27 04:00:00+00:00,"{'x': -0.373581, 'y': 51.46935}",SSEN-2818001160,SSEN-281800116001
281800116002,SSEN,19.0,3969.0,2024-12-27 04:00:00+00:00,"{'x': -0.373581, 'y': 51.46935}",SSEN-2818001160,SSEN-281800116002
281800116004,SSEN,18.0,3980.0,2024-12-27 04:00:00+00:00,"{'x': -0.373581, 'y': 51.46935}",SSEN-2818001160,SSEN-281800116004
281800116005,SSEN,43.0,8180.0,2024-12-27 04:00:00+00:00,"{'x': -0.373581, 'y': 51.46935}",SSEN-2818001160,SSEN-281800116005
281800116001,SSEN,46.0,7449.0,2024-12-27 04:30:00+00:00,"{'x': -0.373581, 'y': 51.46935}",SSEN-2818001160,SSEN-281800116001
281800116002,SSEN,19.0,3052.0,2024-12-27 04:30:00+00:00,"{'x': -0.373581, 'y': 51.46935}",SSEN-2818001160,SSEN-281800116002
281800116004,SSEN,18.0,3662.0,2024-12-27 04:30:00+00:00,"{'x': -0.373581, 'y': 51.46935}",SSEN-2818001160,SSEN-281800116004
281800116005,SSEN,43.0,8464.0,2024-12-27 04:30:00+00:00,"{'x': -0.373581, 'y': 51.46935}",SSEN-2818001160,SSEN-281800116005
281800116001,SSEN,46.0,8614.0,2024-12-27 05:00:00+00:00,"{'x': -0.373581, 'y': 51.46935}",SSEN-2818001160,SSEN-281800116001
281800116002,SSEN,19.0,2485.0,2024-12-27 05:00:00+00:00,"{'x': -0.373581, 'y': 51.46935}",SSEN-2818001160,SSEN-281800116002
281800116004,SSEN,18.0,3658.0,2024-12-27 05:00:00+00:00,"{'x': -0.373581, 'y': 51.46935}",SSEN-2818001160,SSEN-281800116004
281800116005,SSEN,43.0,6432.0,2024-12-27 05:00:00+00:00,"{'x': -0.373581, 'y': 51.46935}",SSEN-2818001160,SSEN-281800116005
281800116001,SSEN,46.0,8040.0,2024-12-27 05:30:00+00:00,"{'x': -0.373581, 'y': 51.46935}",SSEN-2818001160,SSEN-281800116001
281800116002,SSEN,19.0,3122.0,2024-12-27 05:30:00+00:00,"{'x': -0.373581, 'y': 51.46935}",SSEN-2818001160,SSEN-281800116002
281800116004,SSEN,18.0,4093.0,2024-12-27 05:30:00+00:00,"{'x': -0.373581, 'y': 51.46935}",SSEN-2818001160,SSEN-281800116004
281800116005,SSEN,43.0,7523.0,2024-12-27 05:30:00+00:00,"{'x': -0.373581, 'y': 51.46935}",SSEN-2818001160,SSEN-281800116005
281800116001,SSEN,46.0,6930.0,2024-12-27 06:00:00+00:00,"{'x': -0.373581, 'y': 51.46935}",SSEN-2818001160,SSEN-281800116001
281800116002,SSEN,19.0,4049.0,2024-12-27 06:00:00+00:00,"{'x': -0.373581, 'y': 51.46935}",SSEN-2818001160,SSEN-281800116002
281800116004,SSEN,18.0,3820.0,2024-12-27 06:00:00+00:00,"{'x': -0.373581, 'y': 51.46935}",SSEN-2818001160,SSEN-281800116004
281800116005,SSEN,43.0,7264.0,2024-12-27 06:00:00+00:00,"{'x': -0.373581, 'y': 51.46935}",SSEN-2818001160,SSEN-281800116005
281800116001,SSEN,46.0,10251.0,2024-12-27 06:30:00+00:00,"{'x': -0.373581, 'y': 51.46935}",SSEN-2818001160,SSEN-281800116001
281800116002,SSEN,19.0,5158.0,2024-12-27 06:30:00+00:00,"{'x': -0.373581, 'y': 51.46935}",SSEN-2818001160,SSEN-281800116002
281800116004,SSEN,18.0,5001.0,2024-12-27 06:30:00+00:00,"{'x': -0.373581, 'y': 51.46935}",SSEN-2818001160,SSEN-281800116004
281800116005,SSEN,43.0,11724.0,2024-12-27 06:30:00+00:00,"{'x': -0.373581, 'y': 51.46935}",SSEN-2818001160,SSEN-281800116005
281800116001,SSEN,46.0,10835.0,2024-12-27 07:00:00+00:00,"{'x': -0.373581, 'y': 51.46935}",SSEN-2818001160,SSEN-281800116001
281800116002,SSEN,19.0,6479.0,2024-12-27 07:00:00+00:00,"{'x': -0.373581, 'y': 51.46935}",SSEN-2818001160,SSEN-281800116002
281800116004,SSEN,18.0,4519.0,2024-12-27 07:00:00+00:00,"{'x': -0.373581, 'y': 51.46935}",SSEN-2818001160,SSEN-281800116004
281800116005,SSEN,43.0,10334.0,2024-12-27 07:00:00+00:00,"{'x': -0.373581, 'y': 51.46935}",SSEN-2818001160,SSEN-281800116005
281800116001,SSEN,46.0,9393.0,2024-12-27 07:30:00+00:00,"{'x': -0.373581, 'y': 51.46935}",SSEN-2818001160,SSEN-281800116001
281800116002,SSEN,19.0,4342.0,2024-12-27 07:30:00+00:00,"{'x': -0.373581, 'y': 51.46935}",SSEN-2818001160,SSEN-281800116002
281800116004,SSEN,18.0,4022.0,2024-12-27 07:30:00+00:00,"{'x': -0.373581, 'y': 51.46935}",SSEN-2818001160,SSEN-281800116004
281800116005,SSEN,43.0,9979.0,2024-12-27 07:30:00+00:00,"{'x': -0.373581, 'y': 51.46935}",SSEN-2818001160,SSEN-281800116005
281800116001,SSEN,46.0,8740.0,2024-12-27 08:00:00+00:00,"{'x': -0.373581, 'y': 51.46935}",SSEN-2818001160,SSEN-281800116001
281800116002,SSEN,19.0,3936.0,2024-12-27 08:00:00+00:00,"{'x': -0.373581, 'y': 51.46935}",SSEN-2818001160,SSEN-281800116002
281800116004,SSEN,18.0,3805.0,2024-12-27 08:00:00+00:00,"{'x': -0.373581, 'y': 51.46935}",SSEN-2818001160,SSEN-281800116004
281800116005,SSEN,43.0,10747.0,2024-12-27 08:00:00+00:00,"{'x': -0.373581, 'y': 51.46935}",SSEN-2818001160,SSEN-281800116005
281800116001,SSEN,46.0,11048.0,2024-12-27 08:30:00+00:00,"{'x': -0.373581, 'y': 51.46935}",SSEN-2818001160,SSEN-281800116001
281800116002,SSEN,19.0,4503.0,2024-12-27 08:30:00+00:00,"{'x': -0.373581, 'y': 51.46935}",SSEN-2818001160,SSEN-281800116002
281800116004,SSEN,18.0,4148.0,2024-12-27 08:30:00+00:00,"{'x': -0.373581, 'y': 51.46935}",SSEN-2818001160,SSEN-281800116004
281800116005,SSEN,43.0,13064.0,2024-12-27 08:30:00+00:00,"{'x': -0.373581, 'y': 51.46935}",SSEN-2818001160,SSEN-281800116005
281800116001,SSEN,46.0,11268.0,2024-12-27 09:00:00+00:00,"{'x': -0.373581, 'y': 51.46935}",SSEN-2818001160,SSEN-281800116001
281800116002,SSEN,19.0,4309.0,2024-12-27 09:00:00+00:00,"{'x': -0.373581, 'y': 51.46935}",SSEN-2818001160,SSEN-281800116002
281800116004,SSEN,18.0,4942.0,2024-12-27 09:00:00+00:00,"{'x': -0.373581, 'y': 51.46935}",SSEN-2818001160,SSEN-281800116004
281800116005,SSEN,43.0,13000.0,2024-12-27 09:00:00+00:00,"{'x': -0.373581, 'y': 51.46935}",SSEN-2818001160,SSEN-281800116005
281800116001,SSEN,46.0,13432.0,2024-12-27 09:30:00+00:00,"{'x': -0.373581, 'y': 51.46935}",SSEN-2818001160,SSEN-281800116001
281800116002,SSEN,19.0,4099.0,2024-12-27 09:30:00+00:00,"{'x': -0.373581, 'y': 51.46935}",SSEN-2818001160,SSEN-281800116002
281800116004,SSEN,18.0,5108.0,2024-12-27 09:30:00+00:00,"{'x': -0.373581, 'y': 51.46935}",SSEN-2818001160,SSEN-281800116004
281800116005,SSEN,43.0,12746.0,2024-12-27 09:30:00+00:00,"{'x': -0.373581, 'y': 51.46935}",SSEN-2818001160,SSEN-281800116005
281800116001,SSEN,46.0,12424.0,2024-12-27 10:00:00+00:00,"{'x': -0.373581, 'y': 51.46935}",SSEN-2818001160,SSEN-281800116001
281800116002,SSEN,19.0,8414.0,2024-12-27 10:00:00+00:00,"{'x': -0.373581, 'y': 51.46935}",SSEN-2818001160,SSEN-281800116002
281800116004,SSEN,18.0,4675.0,2024-12-27 10:00:00+00:00,"{'x': -0.373581, 'y': 51.46935}",SSEN-2818001160,SSEN-281800116004
281800116005,SSEN,43.0,12408.0,2024-12-27 10:00:00+00:00,"{'x': -0.373581, 'y': 51.46935}",SSEN-2818001160,SSEN-281800116005
281800116001,SSEN,46.0,14596.0,2024-12-27 10:30:00+00:00,"{'x': -0.373581, 'y': 51.46935}",SSEN-2818001160,SSEN-281800116001
281800116002,SSEN,19.0,7644.0,2024-12-27 10:30:00+00:00,"{'x': -0.373581, 'y': 51.46935}",SSEN-2818001160,SSEN-281800116002
281800116004,SSEN,18.0,6782.0,2024-12-27 10:30:00+00:00,"{'x': -0.373581, 'y': 51.46935}",SSEN-2818001160,SSEN-281800116004
281800116005,SSEN,43.0,15143.0,2024-12-27 10:30:00+00:00,"{'x': -0.373581, 'y': 51.46935}",SSEN-2818001160,SSEN-281800116005
281800116001,SSEN,46.0,18889.0,2024-12-27 11:00:00+00:00,"{'x': -0.373581, 'y': 51.46935}",SSEN-2818001160,SSEN-281800116001
281800116002,SSEN,19.0,8610.0,2024-12-27 11:00:00+00:00,"{'x': -0.373581, 'y': 51.46935}",SSEN-2818001160,SSEN-281800116002
281800116004,SSEN,18.0,4865.0,2024-12-27 11:00:00+00:00,"{'x': -0.373581, 'y': 51.46935}",SSEN-2818001160,SSEN-281800116004
281800116005,SSEN,43.0,16913.0,2024-12-27 11:00:00+00:00,"{'x': -0.373581, 'y': 51.46935}",SSEN-2818001160,SSEN-281800116005
281800116001,SSEN,46.0,14730.0,2024-12-27 11:30:00+00:00,"{'x': -0.373581, 'y': 51.46935}",SSEN-2818001160,SSEN-281800116001
281800116002,SSEN,19.0,7407.0,2024-12-27 11:30:00+00:00,"{'x': -0.373581, 'y': 51.46935}",SSEN-2818001160,SSEN-281800116002
281800116004,SSEN,18.0,4779.0,2024-12-27 11:30:00+00:00,"{'x': -0.373581, 'y': 51.46935}",SSEN-2818001160,SSEN-281800116004
281800116005,SSEN,43.0,16088.0,2024-12-27 11:30:00+00:00,"{'x': -0.373581, 'y': 51.46935}",SSEN-2818001160,SSEN-281800116005
281800116001,SSEN,46.0,15700.0,2024-12-27 12:00:00+00:00,"{'x': -0.373581, 'y': 51.46935}",SSEN-2818001160,SSEN-281800116001
281800116002,SSEN,19.0,4651.0,2024-12-27 12:00:00+00:00,"{'x': -0.373581, 'y': 51.46935}",SSEN-2818001160,SSEN-281800116002
281800116004,SSEN,18.0,4511.0,2024-12-27 12:00:00+00:00,"{'x': -0.373581, 'y': 51.46935}",SSEN-2818001160,SSEN-281800116004
281800116005,SSEN,43.0,13563.0,2024-12-27 12:00:00+00:00,"{'x': -0.373581, 'y': 51.46935}",SSEN-2818001160,SSEN-281800116005
281800116001,SSEN,46.0,16113.0,2024-12-27 12:30:00+00:00,"{'x': -0.373581, 'y': 51.46935}",SSEN-2818001160,SSEN-281800116001
281800116002,SSEN,19.0,6532.0,2024-12-27 12:30:00+00:00,"{'x': -0.373581, 'y': 51.46935}",SSEN-2818001160,SSEN-281800116002
281800116004,SSEN,18.0,4426.0,2024-12-27 12:30:00+00:00,"{'x': -0.373581, 'y': 51.46935}",SSEN-2818001160,SSEN-281800116004
281800116005,SSEN,43.0,14005.0,2024-12-27 12:30:00+00:00,"{'x': -0.373581, 'y': 51.46935}",SSEN-2818001160,SSEN-281800116005
281800116001,SSEN,46.0,16862.0,2024-12-27 13:00:00+00:00,"{'x': -0.373581, 'y': 51.46935}",SSEN-2818001160,SSEN-281800116001
281800116002,SSEN,19.0,6979.0,2024-12-27 13:00:00+00:00,"{'x': -0.373581, 'y': 51.46935}",SSEN-2818001160,SSEN-281800116002
281800116004,SSEN,18.0,5987.0,2024-12-27 13:00:00+00:00,"{'x': -0.373581, 'y': 51.46935}",SSEN-2818001160,SSEN-281800116004
281800116005,SSEN,43.0,14167.0,2024-12-27 13:00:00+00:00,"{'x': -0.373581, 'y': 51.46935}",SSEN-2818001160,SSEN-281800116005
281800116001,SSEN,46.0,15876.0,2024-12-27 13:30:00+00:00,"{'x': -0.373581, 'y': 51.46935}",SSEN-2818001160,SSEN-281800116001
281800116002,SSEN,19.0,5491.0,2024-12-27 13:30:00+00:00,"{'x': -0.373581, 'y': 51.46935}",SSEN-2818001160,SSEN-281800116002
281800116004,SSEN,18.0,5516.0,2024-12-27 13:30:00+00:00,"{'x': -0.373581, 'y': 51.46935}",SSEN-2818001160,SSEN-281800116004
281800116005,SSEN,43.0,13777.0,2024-12-27 13:30:00+00:00,"{'x': -0.373581, 'y': 51.46935}",SSEN-2818001160,SSEN-281800116005
281800116001,SSEN,46.0,14721.0,2024-12-27 14:00:00+00:00,"{'x': -0.373581, 'y': 51.46935}",SSEN-2818001160,SSEN-281800116001
281800116002,SSEN,19.0,6337.0,2024-12-27 14:00:00+00:00,"{'x': -0.373581, 'y': 51.46935}",SSEN-2818001160,SSEN-281800116002
281800116004,SSEN,18.0,5839.0,2024-12-27 14:00:00+00:00,"{'x': -0.373581, 'y': 51.46935}",SSEN-2818001160,SSEN-281800116004
281800116005,SSEN,43.0,15326.0,2024-12-27 14:00:00+00:00,"{'x': -0.373581, 'y': 51.46935}",SSEN-2818001160,SSEN-281800116005
281800116001,SSEN,46.0,15578.0,2024-12-27 14:30:00+00:00,"{'x': -0.373581, 'y': 51.46935}",SSEN-2818001160,SSEN-281800116001
281800116002,SSEN,19.0,6324.0,2024-12-27 14:30:00+00:00,"{'x': -0.373581, 'y': 51.46935}",SSEN-2818001160,SSEN-281800116002
281800116004,SSEN,18.0,5474.0,2024-12-27 14:30:00+00:00,"{'x': -0.373581, 'y': 51.46935}",SSEN-2818001160,SSEN-281800116004
281800116005,SSEN,43.0,18022.0,2024-12-27 14:30:00+00:00,"{'x': -0.373581, 'y': 51.46935}",SSEN-2818001160,SSEN-281800116005
281800116001,SSEN,46.0,17398.0,2024-12-27 15:00:00+00:00,"{'x': -0.373581, 'y': 51.46935}",SSEN-2818001160,SSEN-281800116001
281800116002,SSEN,19.0,8806.0,2024-12-27 15:00:00+00:00,"{'x': -0.373581, 'y': 51.46935}",SSEN-2818001160,SSEN-281800116002
281800116004,SSEN,18.0,4938.0,2024-12-27 15:00:00+00:00,"{'x': -0.373581, 'y': 51.46935}",SSEN-2818001160,SSEN-281800116004
281800116005,SSEN,43.0,15556.0,2024-12-27 15:00:00+00:00,"{'x': -0.373581, 'y': 51.46935}",SSEN-2818001160,SSEN-281800116005
281800116001,SSEN,46.0,17525.0,2024-12-27 15:30:00+00:00,"{'x': -0.373581, 'y': 51.46935}",SSEN-2818001160,SSEN-281800116001
281800116002,SSEN,19.0,9079.0,2024-12-27 15:30:00+00:00,"{'x': -0.373581, 'y': 51.46935}",SSEN-2818001160,SSEN-281800116002
281800116004,SSEN,18.0,4867.0,2024-12-27 15:30:00+00:00,"{'x': -0.373581, 'y': 51.46935}",SSEN-2818001160,SSEN-281800116004
281800116005,SSEN,43.0,13941.0,2024-12-27 15:30:00+00:00,"{'x': -0.373581, 'y': 51.46935}",SSEN-2818001160,SSEN-281800116005
281800116001,SSEN,46.0,15165.0,2024-12-27 16:00:00+00:00,"{'x': -0.373581, 'y': 51.46935}",SSEN-2818001160,SSEN-281800116001
281800116002,SSEN,19.0,6449.0,2024-12-27 16:00:00+00:00,"{'x': -0.373581, 'y': 51.46935}",SSEN-2818001160,SSEN-281800116002
281800116004,SSEN,18.0,4530.0,2024-12-27 16:00:00+00:00,"{'x': -0.373581, 'y': 51.46935}",SSEN-2818001160,SSEN-281800116004
281800116005,SSEN,43.0,13196.0,2024-12-27 16:00:00+00:00,"{'x': -0.373581, 'y': 51.46935}",SSEN-2818001160,SSEN-281800116005
281800116001,SSEN,46.0,18584.0,2024-12-27 16:30:00+00:00,"{'x': -0.373581, 'y': 51.46935}",SSEN-2818001160,SSEN-281800116001
281800116002,SSEN,19.0,6548.0,2024-12-27 16:30:00+00:00,"{'x': -0.373581, 'y': 51.46935}",SSEN-2818001160,SSEN-281800116002
281800116004,SSEN,18.0,3813.0,2024-12-27 16:30:00+00:00,"{'x': -0.373581, 'y': 51.46935}",SSEN-2818001160,SSEN-281800116004
281800116005,SSEN,43.0,12642.0,2024-12-27 16:30:00+00:00,"{'x': -0.373581, 'y': 51.46935}",SSEN-2818001160,SSEN-281800116005
281800116001,SSEN,46.0,18571.0,2024-12-27 17:00:00+00:00,"{'x': -0.373581, 'y': 51.46935}",SSEN-2818001160,SSEN-281800116001
281800116002,SSEN,19.0,8070.0,2024-12-27 17:00:00+00:00,"{'x': -0.373581, 'y': 51.46935}",SSEN-2818001160,SSEN-281800116002
281800116004,SSEN,18.0,3604.0,2024-12-27 17:00:00+00:00,"{'x': -0.373581, 'y': 51.46935}",SSEN-2818001160,SSEN-281800116004
281800116005,SSEN,43.0,14255.0,2024-12-27 17:00:00+00:00,"{'x': -0.373581, 'y': 51.46935}",SSEN-2818001160,SSEN-281800116005
281800116001,SSEN,46.0,17359.0,2024-12-27 17:30:00+00:00,"{'x': -0.373581, 'y': 51.46935}",SSEN-2818001160,SSEN-281800116001
281800116002,SSEN,19.0,9143.0,2024-12-27 17:30:00+00:00,"{'x': -0.373581, 'y': 51.46935}",SSEN-2818001160,SSEN-281800116002
281800116004,SSEN,18.0,4526.0,2024-12-27 17:30:00+00:00,"{'x': -0.373581, 'y': 51.46935}",SSEN-2818001160,SSEN-281800116004
281800116005,SSEN,43.0,15257.0,2024-12-27 17:30:00+00:00,"{'x': -0.373581, 'y': 51.46935}",SSEN-2818001160,SSEN-281800116005
281800116001,SSEN,46.0,18198.0,2024-12-27 18:00:00+00:00,"{'x': -0.373581, 'y': 51.46935}",SSEN-2818001160,SSEN-281800116001
281800116002,SSEN,19.0,6922.0,2024-12-27 18:00:00+00:00,"{'x': -0.373581, 'y': 51.46935}",SSEN-2818001160,SSEN-281800116002
281800116004,SSEN,18.0,4720.0,2024-12-27 18:00:00+00:00,"{'x': -0.373581, 'y': 51.46935}",SSEN-2818001160,SSEN-281800116004
281800116005,SSEN,43.0,15031.0,2024-12-27 18:00:00+00:00,"{'x': -0.373581, 'y': 51.46935}",SSEN-2818001160,SSEN-281800116005
281800116001,SSEN,46.0,20141.0,2024-12-27 18:30:00+00:00,"{'x': -0.373581, 'y': 51.46935}",SSEN-2818001160,SSEN-281800116001
281800116002,SSEN,19.0,7316.0,2024-12-27 18:30:00+00:00,"{'x': -0.373581, 'y': 51.46935}",SSEN-2818001160,SSEN-281800116002
281800116004,SSEN,18.0,5662.0,2024-12-27 18:30:00+00:00,"{'x': -0.373581, 'y': 51.46935}",SSEN-2818001160,SSEN-281800116004
281800116005,SSEN,43.0,14929.0,2024-12-27 18:30:00+00:00,"{'x': -0.373581, 'y': 51.46935}",SSEN-2818001160,SSEN-281800116005
281800116001,SSEN,46.0,21103.0,2024-12-27 19:00:00+00:00,"{'x': -0.373581, 'y': 51.46935}",SSEN-2818001160,SSEN-281800116001
281800116002,SSEN,19.0,6188.0,2024-12-27 19:00:00+00:00,"{'x': -0.373581, 'y': 51.46935}",SSEN-2818001160,SSEN-281800116002
281800116004,SSEN,18.0,4780.0,2024-12-27 19:00:00+00:00,"{'x': -0.373581, 'y': 51.46935}",SSEN-2818001160,SSEN-281800116004
281800116005,SSEN,43.0,16989.0,2024-12-27 19:00:00+00:00,"{'x': -0.373581, 'y': 51.46935}",SSEN-2818001160,SSEN-281800116005
281800116001,SSEN,46.0,21109.0,2024-12-27 19:30:00+00:00,"{'x': -0.373581, 'y': 51.46935}",SSEN-2818001160,SSEN-281800116001
281800116002,SSEN,19.0,8664.0,2024-12-27 19:30:00+00:00,"{'x': -0.373581, 'y': 51.46935}",SSEN-2818001160,SSEN-281800116002
281800116004,SSEN,18.0,4529.0,2024-12-27 19:30:00+00:00,"{'x': -0.373581, 'y': 51.46935}",SSEN-2818001160,SSEN-281800116004
281800116005,SSEN,43.0,17057.0,2024-12-27 19:30:00+00:00,"{'x': -0.373581, 'y': 51.46935}",SSEN-2818001160,SSEN-281800116005
281800116001,SSEN,46.0,19878.0,2024-12-27 20:00:00+00:00,"{'x': -0.373581, 'y': 51.46935}",SSEN-2818001160,SSEN-281800116001
281800116002,SSEN,19.0,8473.0,2024-12-27 20:00:00+00:00,"{'x': -0.373581, 'y': 51.46935}",SSEN-2818001160,SSEN-281800116002
281800116004,SSEN,18.0,5775.0,2024-12-27 20:00:00+00:00,"{'x': -0.373581, 'y': 51.46935}",SSEN-2818001160,SSEN-281800116004
281800116005,SSEN,43.0,17131.0,2024-12-27 20:00:00+00:00,"{'x': -0.373581, 'y': 51.46935}",SSEN-2818001160,SSEN-281800116005
281800116001,SSEN,46.0,17900.0,2024-12-27 20:30:00+00:00,"{'x': -0.373581, 'y': 51.46935}",SSEN-2818001160,SSEN-281800116001
281800116002,SSEN,19.0,10171.0,2024-12-27 20:30:00+00:00,"{'x': -0.373581, 'y': 51.46935}",SSEN-2818001160,SSEN-281800116002
281800116004,SSEN,18.0,6101.0,2024-12-27 20:30:00+00:00,"{'x': -0.373581, 'y': 51.46935}",SSEN-2818001160,SSEN-281800116004
281800116005,SSEN,43.0,16595.0,2024-12-27 20:30:00+00:00,"{'x': -0.373581, 'y': 51.46935}",SSEN-2818001160,SSEN-281800116005
281800116001,SSEN,46.0,17044.0,2024-12-27 21:00:00+00:00,"{'x': -0.373581, 'y': 51.46935}",SSEN-2818001160,SSEN-281800116001
281800116002,SSEN,19.0,9685.0,2024-12-27 21:00:00+00:00,"{'x': -0.373581, 'y': 51.46935}",SSEN-2818001160,SSEN-281800116002
281800116004,SSEN,18.0,5199.0,2024-12-27 21:00:00+00:00,"{'x': -0.373581, 'y': 51.46935}",SSEN-2818001160,SSEN-281800116004
281800116005,SSEN,43.0,16977.0,2024-12-27 21:00:00+00:00,"{'x': -0.373581, 'y': 51.46935}",SSEN-2818001160,SSEN-281800116005
281800116001,SSEN,46.0,16841.0,2024-12-27 21:30:00+00:00,"{'x': -0.373581, 'y': 51.46935}",SSEN-2818001160,SSEN-281800116001
281800116002,SSEN,19.0,10589.0,2024-12-27 21:30:00+00:00,"{'x': -0.373581, 'y': 51.46935}",SSEN-2818001160,SSEN-281800116002
281800116004,SSEN,18.0,4032.0,2024-12-27 21:30:00+00:00,"{'x': -0.373581, 'y': 51.46935}",SSEN-2818001160,SSEN-281800116004
281800116005,SSEN,43.0,17088.0,2024-12-27 21:30:00+00:00,"{'x': -0.373581, 'y': 51.46935}",SSEN-2818001160,SSEN-281800116005
281800116001,SSEN,46.0,14502.0,2024-12-27 22:00:00+00:00,"{'x': -0.373581, 'y': 51.46935}",SSEN-2818001160,SSEN-281800116001
281800116002,SSEN,19.0,11014.0,2024-12-27 22:00:00+00:00,"{'x': -0.373581, 'y': 51.46935}",SSEN-2818001160,SSEN-281800116002
281800116004,SSEN,18.0,3736.0,2024-12-27 22:00:00+00:00,"{'x': -0.373581, 'y': 51.46935}",SSEN-2818001160,SSEN-281800116004
281800116005,SSEN,43.0,16289.0,2024-12-27 22:00:00+00:00,"{'x': -0.373581, 'y': 51.46935}",SSEN-2818001160,SSEN-281800116005
281800116001,SSEN,46.0,14179.0,2024-12-27 22:30:00+00:00,"{'x': -0.373581, 'y': 51.46935}",SSEN-2818001160,SSEN-281800116001
281800116002,SSEN,19.0,9885.0,2024-12-27 22:30:00+00:00,"{'x': -0.373581, 'y': 51.46935}",SSEN-2818001160,SSEN-281800116002
281800116004,SSEN,18.0,4320.0,2024-12-27 22:30:00+00:00,"{'x': -0.373581, 'y': 51.46935}",SSEN-2818001160,SSEN-281800116004
281800116005,SSEN,43.0,13125.0,2024-12-27 22:30:00+00:00,"{'x': -0.373581, 'y': 51.46935}",SSEN-2818001160,SSEN-281800116005
281800116001,SSEN,46.0,13205.0,2024-12-27 23:00:00+00:00,"{'x': -0.373581, 'y': 51.46935}",SSEN-2818001160,SSEN-281800116001
281800116002,SSEN,19.0,9778.0,2024-12-27 23:00:00+00:00,"{'x': -0.373581, 'y': 51.46935}",SSEN-2818001160,SSEN-281800116002
281800116004,SSEN,18.0,4055.0,2024-12-27 23:00:00+00:00,"{'x': -0.373581, 'y': 51.46935}",SSEN-2818001160,SSEN-281800116004
281800116005,SSEN,43.0,16910.0,2024-12-27 23:00:00+00:00,"{'x': -0.373581, 'y': 51.46935}",SSEN-2818001160,SSEN-281800116005
281800116001,SSEN,46.0,11643.0,2024-12-27 23:30:00+00:00,"{'x': -0.373581, 'y': 51.46935}",SSEN-2818001160,SSEN-281800116001
281800116002,SSEN,19.0,11216.0,2024-12-27 23:30:00+00:00,"{'x': -0.373581, 'y': 51.46935}",SSEN-2818001160,SSEN-281800116002
281800116004,SSEN,18.0,4168.0,2024-12-27 23:30:00+00:00,"{'x': -0.373581, 'y': 51.46935}",SSEN-2818001160,SSEN-281800116004
281800116005,SSEN,43.0,16741.0,2024-12-27 23:30:00+00:00,"{'x': -0.373581, 'y': 51.46935}",SSEN-2818001160,SSEN-281800116005
281800116001,SSEN,46.0,10375.0,2024-12-28 00:00:00+00:00,"{'x': -0.373581, 'y': 51.46935}",SSEN-2818001160,SSEN-281800116001
281800116002,SSEN,19.0,15043.0,2024-12-28 00:00:00+00:00,"{'x': -0.373581, 'y': 51.46935}",SSEN-2818001160,SSEN-281800116002
281800116004,SSEN,18.0,4564.0,2024-12-28 00:00:00+00:00,"{'x': -0.373581, 'y': 51.46935}",SSEN-2818001160,SSEN-281800116004
281800116005,SSEN,43.0,18320.0,2024-12-28 00:00:00+00:00,"{'x': -0.373581, 'y': 51.46935}",SSEN-2818001160,SSEN-281800116005
281800116001,SSEN,45.0,12230.0,2024-12-28 00:30:00+00:00,"{'x': -0.373581, 'y': 51.46935}",SSEN-2818001160,SSEN-281800116001
281800116002,SSEN,19.0,14184.0,2024-12-28 00:30:00+00:00,"{'x': -0.373581, 'y': 51.46935}",SSEN-2818001160,SSEN-281800116002
281800116004,SSEN,18.0,4660.0,2024-12-28 00:30:00+00:00,"{'x': -0.373581, 'y': 51.46935}",SSEN-2818001160,SSEN-281800116004
281800116005,SSEN,43.0,18021.0,2024-12-28 00:30:00+00:00,"{'x': -0.373581, 'y': 51.46935}",SSEN-2818001160,SSEN-281800116005
281800116001,SSEN,45.0,11833.0,2024-12-28 01:00:00+00:00,"{'x': -0.373581, 'y': 51.46935}",SSEN-2818001160,SSEN-281800116001
281800116002,SSEN,19.0,10627.0,2024-12-28 01:00:00+00:00,"{'x': -0.373581, 'y': 51.46935}",SSEN-2818001160,SSEN-281800116002
281800116004,SSEN,18.0,4603.0,2024-12-28 01:00:00+00:00,"{'x': -0.373581, 'y': 51.46935}",SSEN-2818001160,SSEN-281800116004
281800116005,SSEN,43.0,14674.0,2024-12-28 01:00:00+00:00,"{'x': -0.373581, 'y': 51.46935}",SSEN-2818001160,SSEN-281800116005
281800116001,SSEN,45.0,11490.0,2024-12-28 01:30:00+00:00,"{'x': -0.373581, 'y': 51.46935}",SSEN-2818001160,SSEN-281800116001
281800116002,SSEN,19.0,11169.0,2024-12-28 01:30:00+00:00,"{'x': -0.373581, 'y': 51.46935}",SSEN-2818001160,SSEN-281800116002
281800116004,SSEN,18.0,3979.0,2024-12-28 01:30:00+00:00,"{'x': -0.373581, 'y': 51.46935}",SSEN-2818001160,SSEN-281800116004
281800116005,SSEN,43.0,17966.0,2024-12-28 01:30:00+00:00,"{'x': -0.373581, 'y': 51.46935}",SSEN-2818001160,SSEN-281800116005
281800116001,SSEN,45.0,11400.0,2024-12-28 02:00:00+00:00,"{'x': -0.373581, 'y': 51.46935}",SSEN-2818001160,SSEN-281800116001
281800116002,SSEN,19.0,10591.0,2024-12-28 02:00:00+00:00,"{'x': -0.373581, 'y': 51.46935}",SSEN-2818001160,SSEN-281800116002
281800116004,SSEN,18.0,3891.0,2024-12-28 02:00:00+00:00,"{'x': -0.373581, 'y': 51.46935}",SSEN-2818001160,SSEN-281800116004
281800116005,SSEN,43.0,16074.0,2024-12-28 02:00:00+00:00,"{'x': -0.373581, 'y': 51.46935}",SSEN-2818001160,SSEN-281800116005
281800116001,SSEN,45.0,10896.0,2024-12-28 02:30:00+00:00,"{'x': -0.373581, 'y': 51.46935}",SSEN-2818001160,SSEN-281800116001
281800116002,SSEN,19.0,10854.0,2024-12-28 02:30:00+00:00,"{'x': -0.373581, 'y': 51.46935}",SSEN-2818001160,SSEN-281800116002
281800116004,SSEN,18.0,3323.0,2024-12-28 02:30:00+00:00,"{'x': -0.373581, 'y': 51.46935}",SSEN-2818001160,SSEN-281800116004
281800116005,SSEN,43.0,14185.0,2024-12-28 02:30:00+00:00,"{'x': -0.373581, 'y': 51.46935}",SSEN-2818001160,SSEN-281800116005
281800116001,SSEN,45.0,9876.0,2024-12-28 03:00:00+00:00,"{'x': -0.373581, 'y': 51.46935}",SSEN-2818001160,SSEN-281800116001
281800116002,SSEN,19.0,10366.0,2024-12-28 03:00:00+00:00,"{'x': -0.373581, 'y': 51.46935}",SSEN-2818001160,SSEN-281800116002
281800116004,SSEN,18.0,3436.0,2024-12-28 03:00:00+00:00,"{'x': -0.373581, 'y': 51.46935}",SSEN-2818001160,SSEN-281800116004
281800116005,SSEN,43.0,14549.0,2024-12-28 03:00:00+00:00,"{'x': -0.373581, 'y': 51.46935}",SSEN-2818001160,SSEN-281800116005
281800116001,SSEN,45.0,10307.0,2024-12-28 03:30:00+00:00,"{'x': -0.373581, 'y': 51.46935}",SSEN-2818001160,SSEN-281800116001
281800116002,SSEN,19.0,6739.0,2024-12-28 03:30:00+00:00,"{'x': -0.373581, 'y': 51.46935}",SSEN-2818001160,SSEN-281800116002
281800116004,SSEN,18.0,3290.0,2024-12-28 03:30:00+00:00,"{'x': -0.373581, 'y': 51.46935}",SSEN-2818001160,SSEN-281800116004
281800116005,SSEN,43.0,13032.0,2024-12-28 03:30:00+00:00,"{'x': -0.373581, 'y': 51.46935}",SSEN-2818001160,SSEN-281800116005
281800116001,SSEN,45.0,10373.0,2024-12-28 04:00:00+00:00,"{'x': -0.373581, 'y': 51.46935}",SSEN-2818001160,SSEN-281800116001
281800116002,SSEN,19.0,3792.0,2024-12-28 04:00:00+00:00,"{'x': -0.373581, 'y': 51.46935}",SSEN-2818001160,SSEN-281800116002
281800116004,SSEN,18.0,3910.0,2024-12-28 04:00:00+00:00,"{'x': -0.373581, 'y': 51.46935}",SSEN-2818001160,SSEN-281800116004
281800116005,SSEN,43.0,12600.0,2024-12-28 04:00:00+00:00,"{'x': -0.373581, 'y': 51.46935}",SSEN-2818001160,SSEN-281800116005
281800116001,SSEN,45.0,11027.0,2024-12-28 04:30:00+00:00,"{'x': -0.373581, 'y': 51.46935}",SSEN-2818001160,SSEN-281800116001
281800116002,SSEN,19.0,3792.0,2024-12-28 04:30:00+00:00,"{'x': -0.373581, 'y': 51.46935}",SSEN-2818001160,SSEN-281800116002
281800116004,SSEN,18.0,3491.0,2024-12-28 04:30:00+00:00,"{'x': -0.373581, 'y': 51.46935}",SSEN-2818001160,SSEN-281800116004
281800116005,SSEN,43.0,10238.0,2024-12-28 04:30:00+00:00,"{'x': -0.373581, 'y': 51.46935}",SSEN-2818001160,SSEN-281800116005
281800116001,SSEN,45.0,9668.0,2024-12-28 05:00:00+00:00,"{'x': -0.373581, 'y': 51.46935}",SSEN-2818001160,SSEN-281800116001
281800116002,SSEN,19.0,3378.0,2024-12-28 05:00:00+00:00,"{'x': -0.373581, 'y': 51.46935}",SSEN-2818001160,SSEN-281800116002
281800116004,SSEN,18.0,4147.0,2024-12-28 05:00:00+00:00,"{'x': -0.373581, 'y': 51.46935}",SSEN-2818001160,SSEN-281800116004
281800116005,SSEN,43.0,9160.0,2024-12-28 05:00:00+00:00,"{'x': -0.373581, 'y': 51.46935}",SSEN-2818001160,SSEN-281800116005
281800116001,SSEN,45.0,6239.0,2024-12-28 05:30:00+00:00,"{'x': -0.373581, 'y': 51.46935}",SSEN-2818001160,SSEN-281800116001
281800116002,SSEN,19.0,3878.0,2024-12-28 05:30:00+00:00,"{'x': -0.373581, 'y': 51.46935}",SSEN-2818001160,SSEN-281800116002
281800116004,SSEN,18.0,3894.0,2024-12-28 05:30:00+00:00,"{'x': -0.373581, 'y': 51.46935}",SSEN-2818001160,SSEN-281800116004
281800116005,SSEN,43.0,9771.0,2024-12-28 05:30:00+00:00,"{'x': -0.373581, 'y': 51.46935}",SSEN-2818001160,SSEN-281800116005
281800116001,SSEN,45.0,6281.0,2024-12-28 06:00:00+00:00,"{'x': -0.373581, 'y': 51.46935}",SSEN-2818001160,SSEN-281800116001
281800116002,SSEN,19.0,3601.0,2024-12-28 06:00:00+00:00,"{'x': -0.373581, 'y': 51.46935}",SSEN-2818001160,SSEN-281800116002
281800116004,SSEN,18.0,3624.0,2024-12-28 06:00:00+00:00,"{'x': -0.373581, 'y': 51.46935}",SSEN-2818001160,SSEN-281800116004
281800116005,SSEN,43.0,8891.0,2024-12-28 06:00:00+00:00,"{'x': -0.373581, 'y': 51.46935}",SSEN-2818001160,SSEN-281800116005
281800116001,SSEN,45.0,7502.0,2024-12-28 06:30:00+00:00,"{'x': -0.373581, 'y': 51.46935}",SSEN-2818001160,SSEN-281800116001
281800116002,SSEN,19.0,3875.0,2024-12-28 06:30:00+00:00,"{'x': -0.373581, 'y': 51.46935}",SSEN-2818001160,SSEN-281800116002
281800116004,SSEN,18.0,3780.0,2024-12-28 06:30:00+00:00,"{'x': -0.373581, 'y': 51.46935}",SSEN-2818001160,SSEN-281800116004
281800116005,SSEN,43.0,12042.0,2024-12-28 06:30:00+00:00,"{'x': -0.373581, 'y': 51.46935}",SSEN-2818001160,SSEN-281800116005
281800116001,SSEN,45.0,8670.0,2024-12-28 07:00:00+00:00,"{'x': -0.373581, 'y': 51.46935}",SSEN-2818001160,SSEN-281800116001
281800116002,SSEN,19.0,6162.0,2024-12-28 07:00:00+00:00,"{'x': -0.373581, 'y': 51.46935}",SSEN-2818001160,SSEN-281800116002
281800116004,SSEN,18.0,3037.0,2024-12-28 07:00:00+00:00,"{'x': -0.373581, 'y': 51.46935}",SSEN-2818001160,SSEN-281800116004
281800116005,SSEN,43.0,11486.0,2024-12-28 07:00:00+00:00,"{'x': -0.373581, 'y': 51.46935}",SSEN-2818001160,SSEN-281800116005
281800116001,SSEN,45.0,9997.0,2024-12-28 07:30:00+00:00,"{'x': -0.373581, 'y': 51.46935}",SSEN-2818001160,SSEN-281800116001
281800116002,SSEN,19.0,3445.0,2024-12-28 07:30:00+00:00,"{'x': -0.373581, 'y': 51.46935}",SSEN-2818001160,SSEN-281800116002
281800116004,SSEN,18.0,2998.0,2024-12-28 07:30:00+00:00,"{'x': -0.373581, 'y': 51.46935}",SSEN-2818001160,SSEN-281800116004
281800116005,SSEN,43.0,13057.0,2024-12-28 07:30:00+00:00,"{'x': -0.373581, 'y': 51.46935}",SSEN-2818001160,SSEN-281800116005
281800116001,SSEN,45.0,7792.0,2024-12-28 08:00:00+00:00,"{'x': -0.373581, 'y': 51.46935}",SSEN-2818001160,SSEN-281800116001
281800116002,SSEN,19.0,4561.0,2024-12-28 08:00:00+00:00,"{'x': -0.373581, 'y': 51.46935}",SSEN-2818001160,SSEN-281800116002
281800116004,SSEN,18.0,3277.0,2024-12-28 08:00:00+00:00,"{'x': -0.373581, 'y': 51.46935}",SSEN-2818001160,SSEN-281800116004
281800116005,SSEN,43.0,12731.0,2024-12-28 08:00:00+00:00,"{'x': -0.373581, 'y': 51.46935}",SSEN-2818001160,SSEN-281800116005
281800116001,SSEN,45.0,9901.0,2024-12-28 08:30:00+00:00,"{'x': -0.373581, 'y': 51.46935}",SSEN-2818001160,SSEN-281800116001
281800116002,SSEN,19.0,3863.0,2024-12-28 08:30:00+00:00,"{'x': -0.373581, 'y': 51.46935}",SSEN-2818001160,SSEN-281800116002
281800116004,SSEN,18.0,2950.0,2024-12-28 08:30:00+00:00,"{'x': -0.373581, 'y': 51.46935}",SSEN-2818001160,SSEN-281800116004
281800116005,SSEN,43.0,12521.0,2024-12-28 08:30:00+00:00,"{'x': -0.373581, 'y': 51.46935}",SSEN-2818001160,SSEN-281800116005
281800116001,SSEN,45.0,13653.0,2024-12-28 09:00:00+00:00,"{'x': -0.373581, 'y': 51.46935}",SSEN-2818001160,SSEN-281800116001
281800116002,SSEN,19.0,4593.0,2024-12-28 09:00:00+00:00,"{'x': -0.373581, 'y': 51.46935}",SSEN-2818001160,SSEN-281800116002
281800116004,SSEN,18.0,3791.0,2024-12-28 09:00:00+00:00,"{'x': -0.373581, 'y': 51.46935}",SSEN-2818001160,SSEN-281800116004
281800116005,SSEN,43.0,14413.0,2024-12-28 09:00:00+00:00,"{'x': -0.373581, 'y': 51.46935}",SSEN-2818001160,SSEN-281800116005
281800116001,SSEN,45.0,11904.0,2024-12-28 09:30:00+00:00,"{'x': -0.373581, 'y': 51.46935}",SSEN-2818001160,SSEN-281800116001
281800116002,SSEN,19.0,3877.0,2024-12-28 09:30:00+00:00,"{'x': -0.373581, 'y': 51.46935}",SSEN-2818001160,SSEN-281800116002
281800116004,SSEN,18.0,3550.0,2024-12-28 09:30:00+00:00,"{'x': -0.373581, 'y': 51.46935}",SSEN-2818001160,SSEN-281800116004
281800116005,SSEN,43.0,16476.0,2024-12-28 09:30:00+00:00,"{'x': -0.373581, 'y': 51.46935}",SSEN-2818001160,SSEN-281800116005
281800116001,SSEN,45.0,13366.0,2024-12-28 10:00:00+00:00,"{'x': -0.373581, 'y': 51.46935}",SSEN-2818001160,SSEN-281800116001
281800116002,SSEN,19.0,7196.0,2024-12-28 10:00:00+00:00,"{'x': -0.373581, 'y': 51.46935}",SSEN-2818001160,SSEN-281800116002
281800116004,SSEN,18.0,3597.0,2024-12-28 10:00:00+00:00,"{'x': -0.373581, 'y': 51.46935}",SSEN-2818001160,SSEN-281800116004
281800116005,SSEN,43.0,18231.0,2024-12-28 10:00:00+00:00,"{'x': -0.373581, 'y': 51.46935}",SSEN-2818001160,SSEN-281800116005
281800116001,SSEN,45.0,13810.0,2024-12-28 10:30:00+00:00,"{'x': -0.373581, 'y': 51.46935}",SSEN-2818001160,SSEN-281800116001
281800116002,SSEN,19.0,8014.0,2024-12-28 10:30:00+00:00,"{'x': -0.373581, 'y': 51.46935}",SSEN-2818001160,SSEN-281800116002
281800116004,SSEN,18.0,3640.0,2024-12-28 10:30:00+00:00,"{'x': -0.373581, 'y': 51.46935}",SSEN-2818001160,SSEN-281800116004
281800116005,SSEN,43.0,18482.0,2024-12-28 10:30:00+00:00,"{'x': -0.373581, 'y': 51.46935}",SSEN-2818001160,SSEN-281800116005
281800116001,SSEN,45.0,13401.0,2024-12-28 11:00:00+00:00,"{'x': -0.373581, 'y': 51.46935}",SSEN-2818001160,SSEN-281800116001
281800116002,SSEN,19.0,8381.0,2024-12-28 11:00:00+00:00,"{'x': -0.373581, 'y': 51.46935}",SSEN-2818001160,SSEN-281800116002
281800116004,SSEN,18.0,4069.0,2024-12-28 11:00:00+00:00,"{'x': -0.373581, 'y': 51.46935}",SSEN-2818001160,SSEN-281800116004
281800116005,SSEN,43.0,15823.0,2024-12-28 11:00:00+00:00,"{'x': -0.373581, 'y': 51.46935}",SSEN-2818001160,SSEN-281800116005
281800116001,SSEN,45.0,14924.0,2024-12-28 11:30:00+00:00,"{'x': -0.373581, 'y': 51.46935}",SSEN-2818001160,SSEN-281800116001
281800116002,SSEN,19.0,6334.0,2024-12-28 11:30:00+00:00,"{'x': -0.373581, 'y': 51.46935}",SSEN-2818001160,SSEN-281800116002
281800116004,SSEN,18.0,5157.0,2024-12-28 11:30:00+00:00,"{'x': -0.373581, 'y': 51.46935}",SSEN-2818001160,SSEN-281800116004
281800116005,SSEN,43.0,15848.0,2024-12-28 11:30:00+00:00,"{'x': -0.373581, 'y': 51.46935}",SSEN-2818001160,SSEN-281800116005
281800116001,SSEN,45.0,14162.0,2024-12-28 12:00:00+00:00,"{'x': -0.373581, 'y': 51.46935}",SSEN-2818001160,SSEN-281800116001
281800116002,SSEN,19.0,6238.0,2024-12-28 12:00:00+00:00,"{'x': -0.373581, 'y': 51.46935}",SSEN-2818001160,SSEN-281800116002
281800116004,SSEN,18.0,5486.0,2024-12-28 12:00:00+00:00,"{'x': -0.373581, 'y': 51.46935}",SSEN-2818001160,SSEN-281800116004
281800116005,SSEN,43.0,13838.0,2024-12-28 12:00:00+00:00,"{'x': -0.373581, 'y': 51.46935}",SSEN-2818001160,SSEN-281800116005
281800116001,SSEN,45.0,16458.0,2024-12-28 12:30:00+00:00,"{'x': -0.373581, 'y': 51.46935}",SSEN-2818001160,SSEN-281800116001
281800116002,SSEN,19.0,6443.0,2024-12-28 12:30:00+00:00,"{'x': -0.373581, 'y': 51.46935}",SSEN-2818001160,SSEN-281800116002
281800116004,SSEN,18.0,5342.0,2024-12-28 12:30:00+00:00,"{'x': -0.373581, 'y': 51.46935}",SSEN-2818001160,SSEN-281800116004
281800116005,SSEN,43.0,13674.0,2024-12-28 12:30:00+00:00,"{'x': -0.373581, 'y': 51.46935}",SSEN-2818001160,SSEN-281800116005
281800116001,SSEN,45.0,15478.0,2024-12-28 13:00:00+00:00,"{'x': -0.373581, 'y': 51.46935}",SSEN-2818001160,SSEN-281800116001
281800116002,SSEN,19.0,8583.0,2024-12-28 13:00:00+00:00,"{'x': -0.373581, 'y': 51.46935}",SSEN-2818001160,SSEN-281800116002
281800116004,SSEN,18.0,5992.0,2024-12-28 13:00:00+00:00,"{'x': -0.373581, 'y': 51.46935}",SSEN-2818001160,SSEN-281800116004
281800116005,SSEN,43.0,16954.0,2024-12-28 13:00:00+00:00,"{'x': -0.373581, 'y': 51.46935}",SSEN-2818001160,SSEN-281800116005
281800116001,SSEN,45.0,15503.0,2024-12-28 13:30:00+00:00,"{'x': -0.373581, 'y': 51.46935}",SSEN-2818001160,SSEN-281800116001
281800116002,SSEN,19.0,9163.0,2024-12-28 13:30:00+00:00,"{'x': -0.373581, 'y': 51.46935}",SSEN-2818001160,SSEN-281800116002
281800116004,SSEN,18.0,5125.0,2024-12-28 13:30:00+00:00,"{'x': -0.373581, 'y': 51.46935}",SSEN-2818001160,SSEN-281800116004
281800116005,SSEN,43.0,13410.0,2024-12-28 13:30:00+00:00,"{'x': -0.373581, 'y': 51.46935}",SSEN-2818001160,SSEN-281800116005
281800116001,SSEN,45.0,16702.0,2024-12-28 14:00:00+00:00,"{'x': -0.373581, 'y': 51.46935}",SSEN-2818001160,SSEN-281800116001
281800116002,SSEN,19.0,9444.0,2024-12-28 14:00:00+00:00,"{'x': -0.373581, 'y': 51.46935}",SSEN-2818001160,SSEN-281800116002
281800116004,SSEN,18.0,5844.0,2024-12-28 14:00:00+00:00,"{'x': -0.373581, 'y': 51.46935}",SSEN-2818001160,SSEN-281800116004
281800116005,SSEN,43.0,15331.0,2024-12-28 14:00:00+00:00,"{'x': -0.373581, 'y': 51.46935}",SSEN-2818001160,SSEN-281800116005
281800116001,SSEN,45.0,16606.0,2024-12-28 14:30:00+00:00,"{'x': -0.373581, 'y': 51.46935}",SSEN-2818001160,SSEN-281800116001
281800116002,SSEN,19.0,8984.0,2024-12-28 14:30:00+00:00,"{'x': -0.373581, 'y': 51.46935}",SSEN-2818001160,SSEN-281800116002
281800116004,SSEN,18.0,4988.0,2024-12-28 14:30:00+00:00,"{'x': -0.373581, 'y': 51.46935}",SSEN-2818001160,SSEN-281800116004
281800116005,SSEN,43.0,13303.0,2024-12-28 14:30:00+00:00,"{'x': -0.373581, 'y': 51.46935}",SSEN-2818001160,SSEN-281800116005
281800116001,SSEN,45.0,15151.0,2024-12-28 15:00:00+00:00,"{'x': -0.373581, 'y': 51.46935}",SSEN-2818001160,SSEN-281800116001
281800116002,SSEN,19.0,9415.0,2024-12-28 15:00:00+00:00,"{'x': -0.373581, 'y': 51.46935}",SSEN-2818001160,SSEN-281800116002
281800116004,SSEN,18.0,5648.0,2024-12-28 15:00:00+00:00,"{'x': -0.373581, 'y': 51.46935}",SSEN-2818001160,SSEN-281800116004
281800116005,SSEN,43.0,14075.0,2024-12-28 15:00:00+00:00,"{'x': -0.373581, 'y': 51.46935}",SSEN-2818001160,SSEN-281800116005
281800116001,SSEN,45.0,16257.0,2024-12-28 15:30:00+00:00,"{'x': -0.373581, 'y': 51.46935}",SSEN-2818001160,SSEN-281800116001
281800116002,SSEN,19.0,8652.0,2024-12-28 15:30:00+00:00,"{'x': -0.373581, 'y': 51.46935}",SSEN-2818001160,SSEN-281800116002
281800116004,SSEN,18.0,5961.0,2024-12-28 15:30:00+00:00,"{'x': -0.373581, 'y': 51.46935}",SSEN-2818001160,SSEN-281800116004
281800116005,SSEN,43.0,17057.0,2024-12-28 15:30:00+00:00,"{'x': -0.373581, 'y': 51.46935}",SSEN-2818001160,SSEN-281800116005
281800116001,SSEN,45.0,14867.0,2024-12-28 16:00:00+00:00,"{'x': -0.373581, 'y': 51.46935}",SSEN-2818001160,SSEN-281800116001
281800116002,SSEN,19.0,7559.0,2024-12-28 16:00:00+00:00,"{'x': -0.373581, 'y': 51.46935}",SSEN-2818001160,SSEN-281800116002
281800116004,SSEN,18.0,4313.0,2024-12-28 16:00:00+00:00,"{'x': -0.373581, 'y': 51.46935}",SSEN-2818001160,SSEN-281800116004
281800116005,SSEN,43.0,17675.0,2024-12-28 16:00:00+00:00,"{'x': -0.373581, 'y': 51.46935}",SSEN-2818001160,SSEN-281800116005
281800116001,SSEN,45.0,14956.0,2024-12-28 16:30:00+00:00,"{'x': -0.373581, 'y': 51.46935}",SSEN-2818001160,SSEN-281800116001
281800116002,SSEN,19.0,8333.0,2024-12-28 16:30:00+00:00,"{'x': -0.373581, 'y': 51.46935}",SSEN-2818001160,SSEN-281800116002
281800116004,SSEN,18.0,4300.0,2024-12-28 16:30:00+00:00,"{'x': -0.373581, 'y': 51.46935}",SSEN-2818001160,SSEN-281800116004
281800116005,SSEN,43.0,16519.0,2024-12-28 16:30:00+00:00,"{'x': -0.373581, 'y': 51.46935}",SSEN-2818001160,SSEN-281800116005
281800116001,SSEN,45.0,16851.0,2024-12-28 17:00:00+00:00,"{'x': -0.373581, 'y': 51.46935}",SSEN-2818001160,SSEN-281800116001
281800116002,SSEN,19.0,9128.0,2024-12-28 17:00:00+00:00,"{'x': -0.373581, 'y': 51.46935}",SSEN-2818001160,SSEN-281800116002
281800116004,SSEN,18.0,3752.0,2024-12-28 17:00:00+00:00,"{'x': -0.373581, 'y': 51.46935}",SSEN-2818001160,SSEN-281800116004
281800116005,SSEN,43.0,15717.0,2024-12-28 17:00:00+00:00,"{'x': -0.373581, 'y': 51.46935}",SSEN-2818001160,SSEN-281800116005
281800116001,SSEN,45.0,17256.0,2024-12-28 17:30:00+00:00,"{'x': -0.373581, 'y': 51.46935}",SSEN-2818001160,SSEN-281800116001
281800116002,SSEN,19.0,8640.0,2024-12-28 17:30:00+00:00,"{'x': -0.373581, 'y': 51.46935}",SSEN-2818001160,SSEN-281800116002
281800116004,SSEN,18.0,3902.0,2024-12-28 17:30:00+00:00,"{'x': -0.373581, 'y': 51.46935}",SSEN-2818001160,SSEN-281800116004
281800116005,SSEN,43.0,16164.0,2024-12-28 17:30:00+00:00,"{'x': -0.373581, 'y': 51.46935}",SSEN-2818001160,SSEN-281800116005
281800116001,SSEN,45.0,17595.0,2024-12-28 18:00:00+00:00,"{'x': -0.373581, 'y': 51.46935}",SSEN-2818001160,SSEN-281800116001
281800116002,SSEN,19.0,8642.0,2024-12-28 18:00:00+00:00,"{'x': -0.373581, 'y': 51.46935}",SSEN-2818001160,SSEN-281800116002
281800116004,SSEN,18.0,3919.0,2024-12-28 18:00:00+00:00,"{'x': -0.373581, 'y': 51.46935}",SSEN-2818001160,SSEN-281800116004
281800116005,SSEN,43.0,17870.0,2024-12-28 18:00:00+00:00,"{'x': -0.373581, 'y': 51.46935}",SSEN-2818001160,SSEN-281800116005
281800116001,SSEN,45.0,17624.0,2024-12-28 18:30:00+00:00,"{'x': -0.373581, 'y': 51.46935}",SSEN-2818001160,SSEN-281800116001
281800116002,SSEN,19.0,9109.0,2024-12-28 18:30:00+00:00,"{'x': -0.373581, 'y': 51.46935}",SSEN-2818001160,SSEN-281800116002
281800116004,SSEN,18.0,4350.0,2024-12-28 18:30:00+00:00,"{'x': -0.373581, 'y': 51.46935}",SSEN-2818001160,SSEN-281800116004
281800116005,SSEN,43.0,16559.0,2024-12-28 18:30:00+00:00,"{'x': -0.373581, 'y': 51.46935}",SSEN-2818001160,SSEN-281800116005
281800116001,SSEN,45.0,21087.0,2024-12-28 19:00:00+00:00,"{'x': -0.373581, 'y': 51.46935}",SSEN-2818001160,SSEN-281800116001
281800116002,SSEN,19.0,8033.0,2024-12-28 19:00:00+00:00,"{'x': -0.373581, 'y': 51.46935}",SSEN-2818001160,SSEN-281800116002
281800116004,SSEN,18.0,4686.0,2024-12-28 19:00:00+00:00,"{'x': -0.373581, 'y': 51.46935}",SSEN-2818001160,SSEN-281800116004
281800116005,SSEN,43.0,15853.0,2024-12-28 19:00:00+00:00,"{'x': -0.373581, 'y': 51.46935}",SSEN-2818001160,SSEN-281800116005
281800116001,SSEN,45.0,20804.0,2024-12-28 19:30:00+00:00,"{'x': -0.373581, 'y': 51.46935}",SSEN-2818001160,SSEN-281800116001
281800116002,SSEN,19.0,9769.0,2024-12-28 19:30:00+00:00,"{'x': -0.373581, 'y': 51.46935}",SSEN-2818001160,SSEN-281800116002
281800116004,SSEN,18.0,5223.0,2024-12-28 19:30:00+00:00,"{'x': -0.373581, 'y': 51.46935}",SSEN-2818001160,SSEN-281800116004
281800116005,SSEN,43.0,13716.0,2024-12-28 19:30:00+00:00,"{'x': -0.373581, 'y': 51.46935}",SSEN-2818001160,SSEN-281800116005
281800116001,SSEN,45.0,18721.0,2024-12-28 20:00:00+00:00,"{'x': -0.373581, 'y': 51.46935}",SSEN-2818001160,SSEN-281800116001
281800116002,SSEN,19.0,10440.0,2024-12-28 20:00:00+00:00,"{'x': -0.373581, 'y': 51.46935}",SSEN-2818001160,SSEN-281800116002
281800116004,SSEN,18.0,4775.0,2024-12-28 20:00:00+00:00,"{'x': -0.373581, 'y': 51.46935}",SSEN-2818001160,SSEN-281800116004
281800116005,SSEN,43.0,14980.0,2024-12-28 20:00:00+00:00,"{'x': -0.373581, 'y': 51.46935}",SSEN-2818001160,SSEN-281800116005
281800116001,SSEN,45.0,17425.0,2024-12-28 20:30:00+00:00,"{'x': -0.373581, 'y': 51.46935}",SSEN-2818001160,SSEN-281800116001
281800116002,SSEN,19.0,8852.0,2024-12-28 20:30:00+00:00,"{'x': -0.373581, 'y': 51.46935}",SSEN-2818001160,SSEN-281800116002
281800116004,SSEN,18.0,5142.0,2024-12-28 20:30:00+00:00,"{'x': -0.373581, 'y': 51.46935}",SSEN-2818001160,SSEN-281800116004
281800116005,SSEN,43.0,14406.0,2024-12-28 20:30:00+00:00,"{'x': -0.373581, 'y': 51.46935}",SSEN-2818001160,SSEN-281800116005
281800116001,SSEN,45.0,20644.0,2024-12-28 21:00:00+00:00,"{'x': -0.373581, 'y': 51.46935}",SSEN-2818001160,SSEN-281800116001
281800116002,SSEN,19.0,8335.0,2024-12-28 21:00:00+00:00,"{'x': -0.373581, 'y': 51.46935}",SSEN-2818001160,SSEN-281800116002
281800116004,SSEN,18.0,4522.0,2024-12-28 21:00:00+00:00,"{'x': -0.373581, 'y': 51.46935}",SSEN-2818001160,SSEN-281800116004
281800116005,SSEN,43.0,13144.0,2024-12-28 21:00:00+00:00,"{'x': -0.373581, 'y': 51.46935}",SSEN-2818001160,SSEN-281800116005
281800116001,SSEN,45.0,15471.0,2024-12-28 21:30:00+00:00,"{'x': -0.373581, 'y': 51.46935}",SSEN-2818001160,SSEN-281800116001
281800116002,SSEN,19.0,10160.0,2024-12-28 21:30:00+00:00,"{'x': -0.373581, 'y': 51.46935}",SSEN-2818001160,SSEN-281800116002
281800116004,SSEN,18.0,5079.0,2024-12-28 21:30:00+00:00,"{'x': -0.373581, 'y': 51.46935}",SSEN-2818001160,SSEN-281800116004
281800116005,SSEN,43.0,11942.0,2024-12-28 21:30:00+00:00,"{'x': -0.373581, 'y': 51.46935}",SSEN-2818001160,SSEN-281800116005
281800116001,SSEN,45.0,12985.0,2024-12-28 22:00:00+00:00,"{'x': -0.373581, 'y': 51.46935}",SSEN-2818001160,SSEN-281800116001
281800116002,SSEN,19.0,9938.0,2024-12-28 22:00:00+00:00,"{'x': -0.373581, 'y': 51.46935}",SSEN-2818001160,SSEN-281800116002
281800116004,SSEN,18.0,4889.0,2024-12-28 22:00:00+00:00,"{'x': -0.373581, 'y': 51.46935}",SSEN-2818001160,SSEN-281800116004
281800116005,SSEN,43.0,14939.0,2024-12-28 22:00:00+00:00,"{'x': -0.373581, 'y': 51.46935}",SSEN-2818001160,SSEN-281800116005
281800116001,SSEN,45.0,12869.0,2024-12-28 22:30:00+00:00,"{'x': -0.373581, 'y': 51.46935}",SSEN-2818001160,SSEN-281800116001
281800116002,SSEN,19.0,10125.0,2024-12-28 22:30:00+00:00,"{'x': -0.373581, 'y': 51.46935}",SSEN-2818001160,SSEN-281800116002
281800116004,SSEN,18.0,5051.0,2024-12-28 22:30:00+00:00,"{'x': -0.373581, 'y': 51.46935}",SSEN-2818001160,SSEN-281800116004
281800116005,SSEN,43.0,14971.0,2024-12-28 22:30:00+00:00,"{'x': -0.373581, 'y': 51.46935}",SSEN-2818001160,SSEN-281800116005
281800116001,SSEN,45.0,11144.0,2024-12-28 23:00:00+00:00,"{'x': -0.373581, 'y': 51.46935}",SSEN-2818001160,SSEN-281800116001
281800116002,SSEN,19.0,9359.0,2024-12-28 23:00:00+00:00,"{'x': -0.373581, 'y': 51.46935}",SSEN-2818001160,SSEN-281800116002
281800116004,SSEN,18.0,4190.0,2024-12-28 23:00:00+00:00,"{'x': -0.373581, 'y': 51.46935}",SSEN-2818001160,SSEN-281800116004
281800116005,SSEN,43.0,18916.0,2024-12-28 23:00:00+00:00,"{'x': -0.373581, 'y': 51.46935}",SSEN-2818001160,SSEN-281800116005
281800116001,SSEN,45.0,11418.0,2024-12-28 23:30:00+00:00,"{'x': -0.373581, 'y': 51.46935}",SSEN-2818001160,SSEN-281800116001
281800116002,SSEN,19.0,6418.0,2024-12-28 23:30:00+00:00,"{'x': -0.373581, 'y': 51.46935}",SSEN-2818001160,SSEN-281800116002
281800116004,SSEN,18.0,4447.0,2024-12-28 23:30:00+00:00,"{'x': -0.373581, 'y': 51.46935}",SSEN-2818001160,SSEN-281800116004
281800116005,SSEN,43.0,15043.0,2024-12-28 23:30:00+00:00,"{'x': -0.373581, 'y': 51.46935}",SSEN-2818001160,SSEN-281800116005
281800116001,SSEN,45.0,10986.0,2024-12-29 00:00:00+00:00,"{'x': -0.373581, 'y': 51.46935}",SSEN-2818001160,SSEN-281800116001
281800116002,SSEN,19.0,6724.0,2024-12-29 00:00:00+00:00,"{'x': -0.373581, 'y': 51.46935}",SSEN-2818001160,SSEN-281800116002
281800116004,SSEN,18.0,3950.0,2024-12-29 00:00:00+00:00,"{'x': -0.373581, 'y': 51.46935}",SSEN-2818001160,SSEN-281800116004
281800116005,SSEN,43.0,15711.0,2024-12-29 00:00:00+00:00,"{'x': -0.373581, 'y': 51.46935}",SSEN-2818001160,SSEN-281800116005
281800116001,SSEN,45.0,9841.0,2024-12-29 00:30:00+00:00,"{'x': -0.373581, 'y': 51.46935}",SSEN-2818001160,SSEN-281800116001
281800116002,SSEN,19.0,6782.0,2024-12-29 00:30:00+00:00,"{'x': -0.373581, 'y': 51.46935}",SSEN-2818001160,SSEN-281800116002
281800116004,SSEN,18.0,3953.0,2024-12-29 00:30:00+00:00,"{'x': -0.373581, 'y': 51.46935}",SSEN-2818001160,SSEN-281800116004
281800116005,SSEN,43.0,14307.0,2024-12-29 00:30:00+00:00,"{'x': -0.373581, 'y': 51.46935}",SSEN-2818001160,SSEN-281800116005
281800116001,SSEN,45.0,9666.0,2024-12-29 01:00:00+00:00,"{'x': -0.373581, 'y': 51.46935}",SSEN-2818001160,SSEN-281800116001
281800116002,SSEN,19.0,4897.0,2024-12-29 01:00:00+00:00,"{'x': -0.373581, 'y': 51.46935}",SSEN-2818001160,SSEN-281800116002
281800116004,SSEN,18.0,3797.0,2024-12-29 01:00:00+00:00,"{'x': -0.373581, 'y': 51.46935}",SSEN-2818001160,SSEN-281800116004
281800116005,SSEN,43.0,16571.0,2024-12-29 01:00:00+00:00,"{'x': -0.373581, 'y': 51.46935}",SSEN-2818001160,SSEN-281800116005
281800116001,SSEN,45.0,9772.0,2024-12-29 01:30:00+00:00,"{'x': -0.373581, 'y': 51.46935}",SSEN-2818001160,SSEN-281800116001
281800116002,SSEN,19.0,3669.0,2024-12-29 01:30:00+00:00,"{'x': -0.373581, 'y': 51.46935}",SSEN-2818001160,SSEN-281800116002
281800116004,SSEN,18.0,3682.0,2024-12-29 01:30:00+00:00,"{'x': -0.373581, 'y': 51.46935}",SSEN-2818001160,SSEN-281800116004
281800116005,SSEN,43.0,18012.0,2024-12-29 01:30:00+00:00,"{'x': -0.373581, 'y': 51.46935}",SSEN-2818001160,SSEN-281800116005
281800116001,SSEN,45.0,9072.0,2024-12-29 02:00:00+00:00,"{'x': -0.373581, 'y': 51.46935}",SSEN-2818001160,SSEN-281800116001
281800116002,SSEN,19.0,4255.0,2024-12-29 02:00:00+00:00,"{'x': -0.373581, 'y': 51.46935}",SSEN-2818001160,SSEN-281800116002
281800116004,SSEN,18.0,3666.0,2024-12-29 02:00:00+00:00,"{'x': -0.373581, 'y': 51.46935}",SSEN-2818001160,SSEN-281800116004
281800116005,SSEN,43.0,12736.0,2024-12-29 02:00:00+00:00,"{'x': -0.373581, 'y': 51.46935}",SSEN-2818001160,SSEN-281800116005
281800116001,SSEN,45.0,9433.0,2024-12-29 02:30:00+00:00,"{'x': -0.373581, 'y': 51.46935}",SSEN-2818001160,SSEN-281800116001
281800116002,SSEN,19.0,3569.0,2024-12-29 02:30:00+00:00,"{'x': -0.373581, 'y': 51.46935}",SSEN-2818001160,SSEN-281800116002
281800116004,SSEN,18.0,3500.0,2024-12-29 02:30:00+00:00,"{'x': -0.373581, 'y': 51.46935}",SSEN-2818001160,SSEN-281800116004
281800116005,SSEN,43.0,13158.0,2024-12-29 02:30:00+00:00,"{'x': -0.373581, 'y': 51.46935}",SSEN-2818001160,SSEN-281800116005
281800116001,SSEN,45.0,8755.0,2024-12-29 03:00:00+00:00,"{'x': -0.373581, 'y': 51.46935}",SSEN-2818001160,SSEN-281800116001
281800116002,SSEN,19.0,2531.0,2024-12-29 03:00:00+00:00,"{'x': -0.373581, 'y': 51.46935}",SSEN-2818001160,SSEN-281800116002
281800116004,SSEN,18.0,3564.0,2024-12-29 03:00:00+00:00,"{'x': -0.373581, 'y': 51.46935}",SSEN-2818001160,SSEN-281800116004
281800116005,SSEN,43.0,13285.0,2024-12-29 03:00:00+00:00,"{'x': -0.373581, 'y': 51.46935}",SSEN-2818001160,SSEN-281800116005
281800116001,SSEN,45.0,10381.0,2024-12-29 03:30:00+00:00,"{'x': -0.373581, 'y': 51.46935}",SSEN-2818001160,SSEN-281800116001
281800116002,SSEN,19.0,3266.0,2024-12-29 03:30:00+00:00,"{'x': -0.373581, 'y': 51.46935}",SSEN-2818001160,SSEN-281800116002
281800116004,SSEN,18.0,2989.0,2024-12-29 03:30:00+00:00,"{'x': -0.373581, 'y': 51.46935}",SSEN-2818001160,SSEN-281800116004
281800116005,SSEN,43.0,12537.0,2024-12-29 03:30:00+00:00,"{'x': -0.373581, 'y': 51.46935}",SSEN-2818001160,SSEN-281800116005
281800116001,SSEN,45.0,10752.0,2024-12-29 04:00:00+00:00,"{'x': -0.373581, 'y': 51.46935}",SSEN-2818001160,SSEN-281800116001
281800116002,SSEN,19.0,2909.0,2024-12-29 04:00:00+00:00,"{'x': -0.373581, 'y': 51.46935}",SSEN-2818001160,SSEN-281800116002
281800116004,SSEN,18.0,3098.0,2024-12-29 04:00:00+00:00,"{'x': -0.373581, 'y': 51.46935}",SSEN-2818001160,SSEN-281800116004
281800116005,SSEN,43.0,11683.0,2024-12-29 04:00:00+00:00,"{'x': -0.373581, 'y': 51.46935}",SSEN-2818001160,SSEN-281800116005
281800116001,SSEN,45.0,10011.0,2024-12-29 04:30:00+00:00,"{'x': -0.373581, 'y': 51.46935}",SSEN-2818001160,SSEN-281800116001
281800116002,SSEN,19.0,3260.0,2024-12-29 04:30:00+00:00,"{'x': -0.373581, 'y': 51.46935}",SSEN-2818001160,SSEN-281800116002
281800116004,SSEN,18.0,2894.0,2024-12-29 04:30:00+00:00,"{'x': -0.373581, 'y': 51.46935}",SSEN-2818001160,SSEN-281800116004
281800116005,SSEN,43.0,10045.0,2024-12-29 04:30:00+00:00,"{'x': -0.373581, 'y': 51.46935}",SSEN-2818001160,SSEN-281800116005
281800116001,SSEN,45.0,9247.0,2024-12-29 05:00:00+00:00,"{'x': -0.373581, 'y': 51.46935}",SSEN-2818001160,SSEN-281800116001
281800116002,SSEN,19.0,2837.0,2024-12-29 05:00:00+00:00,"{'x': -0.373581, 'y': 51.46935}",SSEN-2818001160,SSEN-281800116002
281800116004,SSEN,18.0,3076.0,2024-12-29 05:00:00+00:00,"{'x': -0.373581, 'y': 51.46935}",SSEN-2818001160,SSEN-281800116004
281800116005,SSEN,43.0,9714.0,2024-12-29 05:00:00+00:00,"{'x': -0.373581, 'y': 51.46935}",SSEN-2818001160,SSEN-281800116005
281800116001,SSEN,45.0,9238.0,2024-12-29 05:30:00+00:00,"{'x': -0.373581, 'y': 51.46935}",SSEN-2818001160,SSEN-281800116001
281800116002,SSEN,19.0,2211.0,2024-12-29 05:30:00+00:00,"{'x': -0.373581, 'y': 51.46935}",SSEN-2818001160,SSEN-281800116002
281800116004,SSEN,18.0,3296.0,2024-12-29 05:30:00+00:00,"{'x': -0.373581, 'y': 51.46935}",SSEN-2818001160,SSEN-281800116004
281800116005,SSEN,43.0,11324.0,2024-12-29 05:30:00+00:00,"{'x': -0.373581, 'y': 51.46935}",SSEN-2818001160,SSEN-281800116005
281800116001,SSEN,45.0,10214.0,2024-12-29 06:00:00+00:00,"{'x': -0.373581, 'y': 51.46935}",SSEN-2818001160,SSEN-281800116001
281800116002,SSEN,19.0,2343.0,2024-12-29 06:00:00+00:00,"{'x': -0.373581, 'y': 51.46935}",SSEN-2818001160,SSEN-281800116002
281800116004,SSEN,18.0,3375.0,2024-12-29 06:00:00+00:00,"{'x': -0.373581, 'y': 51.46935}",SSEN-2818001160,SSEN-281800116004
281800116005,SSEN,43.0,10933.0,2024-12-29 06:00:00+00:00,"{'x': -0.373581, 'y': 51.46935}",SSEN-2818001160,SSEN-281800116005
281800116001,SSEN,45.0,9374.0,2024-12-29 06:30:00+00:00,"{'x': -0.373581, 'y': 51.46935}",SSEN-2818001160,SSEN-281800116001
281800116002,SSEN,19.0,4025.0,2024-12-29 06:30:00+00:00,"{'x': -0.373581, 'y': 51.46935}",SSEN-2818001160,SSEN-281800116002
281800116004,SSEN,18.0,3037.0,2024-12-29 06:30:00+00:00,"{'x': -0.373581, 'y': 51.46935}",SSEN-2818001160,SSEN-281800116004
281800116005,SSEN,43.0,12027.0,2024-12-29 06:30:00+00:00,"{'x': -0.373581, 'y': 51.46935}",SSEN-2818001160,SSEN-281800116005
281800116001,SSEN,45.0,9927.0,2024-12-29 07:00:00+00:00,"{'x': -0.373581, 'y': 51.46935}",SSEN-2818001160,SSEN-281800116001
281800116002,SSEN,19.0,5057.0,2024-12-29 07:00:00+00:00,"{'x': -0.373581, 'y': 51.46935}",SSEN-2818001160,SSEN-281800116002
281800116004,SSEN,18.0,3804.0,2024-12-29 07:00:00+00:00,"{'x': -0.373581, 'y': 51.46935}",SSEN-2818001160,SSEN-281800116004
281800116005,SSEN,43.0,12098.0,2024-12-29 07:00:00+00:00,"{'x': -0.373581, 'y': 51.46935}",SSEN-2818001160,SSEN-281800116005
281800116001,SSEN,45.0,10851.0,2024-12-29 07:30:00+00:00,"{'x': -0.373581, 'y': 51.46935}",SSEN-2818001160,SSEN-281800116001
281800116002,SSEN,19.0,3889.0,2024-12-29 07:30:00+00:00,"{'x': -0.373581, 'y': 51.46935}",SSEN-2818001160,SSEN-281800116002
281800116004,SSEN,18.0,6340.0,2024-12-29 07:30:00+00:00,"{'x': -0.373581, 'y': 51.46935}",SSEN-2818001160,SSEN-281800116004
281800116005,SSEN,43.0,10220.0,2024-12-29 07:30:00+00:00,"{'x': -0.373581, 'y': 51.46935}",SSEN-2818001160,SSEN-281800116005
281800116001,SSEN,45.0,12092.0,2024-12-29 08:00:00+00:00,"{'x': -0.373581, 'y': 51.46935}",SSEN-2818001160,SSEN-281800116001
281800116002,SSEN,19.0,2887.0,2024-12-29 08:00:00+00:00,"{'x': -0.373581, 'y': 51.46935}",SSEN-2818001160,SSEN-281800116002
281800116004,SSEN,18.0,3670.0,2024-12-29 08:00:00+00:00,"{'x': -0.373581, 'y': 51.46935}",SSEN-2818001160,SSEN-281800116004
281800116005,SSEN,43.0,9067.0,2024-12-29 08:00:00+00:00,"{'x': -0.373581, 'y': 51.46935}",SSEN-2818001160,SSEN-281800116005
281800116001,SSEN,45.0,12764.0,2024-12-29 08:30:00+00:00,"{'x': -0.373581, 'y': 51.46935}",SSEN-2818001160,SSEN-281800116001
281800116002,SSEN,19.0,6458.0,2024-12-29 08:30:00+00:00,"{'x': -0.373581, 'y': 51.46935}",SSEN-2818001160,SSEN-281800116002
281800116004,SSEN,18.0,4485.0,2024-12-29 08:30:00+00:00,"{'x': -0.373581, 'y': 51.46935}",SSEN-2818001160,SSEN-281800116004
281800116005,SSEN,43.0,9542.0,2024-12-29 08:30:00+00:00,"{'x': -0.373581, 'y': 51.46935}",SSEN-2818001160,SSEN-281800116005
281800116001,SSEN,45.0,16652.0,2024-12-29 09:00:00+00:00,"{'x': -0.373581, 'y': 51.46935}",SSEN-2818001160,SSEN-281800116001
281800116002,SSEN,19.0,9360.0,2024-12-29 09:00:00+00:00,"{'x': -0.373581, 'y': 51.46935}",SSEN-2818001160,SSEN-281800116002
281800116004,SSEN,18.0,5526.0,2024-12-29 09:00:00+00:00,"{'x': -0.373581, 'y': 51.46935}",SSEN-2818001160,SSEN-281800116004
281800116005,SSEN,43.0,12686.0,2024-12-29 09:00:00+00:00,"{'x': -0.373581, 'y': 51.46935}",SSEN-2818001160,SSEN-281800116005
281800116001,SSEN,45.0,12611.0,2024-12-29 09:30:00+00:00,"{'x': -0.373581, 'y': 51.46935}",SSEN-2818001160,SSEN-281800116001
281800116002,SSEN,19.0,6643.0,2024-12-29 09:30:00+00:00,"{'x': -0.373581, 'y': 51.46935}",SSEN-2818001160,SSEN-281800116002
281800116004,SSEN,18.0,4533.0,2024-12-29 09:30:00+00:00,"{'x': -0.373581, 'y': 51.46935}",SSEN-2818001160,SSEN-281800116004
281800116005,SSEN,43.0,12940.0,2024-12-29 09:30:00+00:00,"{'x': -0.373581, 'y': 51.46935}",SSEN-2818001160,SSEN-281800116005
281800116001,SSEN,45.0,14175.0,2024-12-29 10:00:00+00:00,"{'x': -0.373581, 'y': 51.46935}",SSEN-2818001160,SSEN-281800116001
281800116002,SSEN,19.0,6599.0,2024-12-29 10:00:00+00:00,"{'x': -0.373581, 'y': 51.46935}",SSEN-2818001160,SSEN-281800116002
281800116004,SSEN,18.0,5062.0,2024-12-29 10:00:00+00:00,"{'x': -0.373581, 'y': 51.46935}",SSEN-2818001160,SSEN-281800116004
281800116005,SSEN,43.0,13734.0,2024-12-29 10:00:00+00:00,"{'x': -0.373581, 'y': 51.46935}",SSEN-2818001160,SSEN-281800116005
281800116001,SSEN,45.0,16305.0,2024-12-29 10:30:00+00:00,"{'x': -0.373581, 'y': 51.46935}",SSEN-2818001160,SSEN-281800116001
281800116002,SSEN,19.0,8909.0,2024-12-29 10:30:00+00:00,"{'x': -0.373581, 'y': 51.46935}",SSEN-2818001160,SSEN-281800116002
281800116004,SSEN,18.0,5601.0,2024-12-29 10:30:00+00:00,"{'x': -0.373581, 'y': 51.46935}",SSEN-2818001160,SSEN-281800116004
281800116005,SSEN,43.0,13676.0,2024-12-29 10:30:00+00:00,"{'x': -0.373581, 'y': 51.46935}",SSEN-2818001160,SSEN-281800116005
281800116001,SSEN,45.0,17364.0,2024-12-29 11:00:00+00:00,"{'x': -0.373581, 'y': 51.46935}",SSEN-2818001160,SSEN-281800116001
281800116002,SSEN,19.0,9111.0,2024-12-29 11:00:00+00:00,"{'x': -0.373581, 'y': 51.46935}",SSEN-2818001160,SSEN-281800116002
281800116004,SSEN,18.0,15161.0,2024-12-29 11:00:00+00:00,"{'x': -0.373581, 'y': 51.46935}",SSEN-2818001160,SSEN-281800116004
281800116005,SSEN,43.0,14864.0,2024-12-29 11:00:00+00:00,"{'x': -0.373581, 'y': 51.46935}",SSEN-2818001160,SSEN-281800116005
281800116001,SSEN,45.0,18130.0,2024-12-29 11:30:00+00:00,"{'x': -0.373581, 'y': 51.46935}",SSEN-2818001160,SSEN-281800116001
281800116002,SSEN,19.0,9863.0,2024-12-29 11:30:00+00:00,"{'x': -0.373581, 'y': 51.46935}",SSEN-2818001160,SSEN-281800116002
281800116004,SSEN,18.0,16335.0,2024-12-29 11:30:00+00:00,"{'x': -0.373581, 'y': 51.46935}",SSEN-2818001160,SSEN-281800116004
281800116005,SSEN,43.0,15431.0,2024-12-29 11:30:00+00:00,"{'x': -0.373581, 'y': 51.46935}",SSEN-2818001160,SSEN-281800116005
281800116001,SSEN,45.0,16858.0,2024-12-29 12:00:00+00:00,"{'x': -0.373581, 'y': 51.46935}",SSEN-2818001160,SSEN-281800116001
281800116002,SSEN,19.0,7674.0,2024-12-29 12:00:00+00:00,"{'x': -0.373581, 'y': 51.46935}",SSEN-2818001160,SSEN-281800116002
281800116004,SSEN,18.0,15619.0,2024-12-29 12:00:00+00:00,"{'x': -0.373581, 'y': 51.46935}",SSEN-2818001160,SSEN-281800116004
281800116005,SSEN,43.0,14088.0,2024-12-29 12:00:00+00:00,"{'x': -0.373581, 'y': 51.46935}",SSEN-2818001160,SSEN-281800116005
281800116001,SSEN,45.0,14806.0,2024-12-29 12:30:00+00:00,"{'x': -0.373581, 'y': 51.46935}",SSEN-2818001160,SSEN-281800116001
281800116002,SSEN,19.0,8485.0,2024-12-29 12:30:00+00:00,"{'x': -0.373581, 'y': 51.46935}",SSEN-2818001160,SSEN-281800116002
281800116004,SSEN,18.0,15526.0,2024-12-29 12:30:00+00:00,"{'x': -0.373581, 'y': 51.46935}",SSEN-2818001160,SSEN-281800116004
281800116005,SSEN,43.0,19456.0,2024-12-29 12:30:00+00:00,"{'x': -0.373581, 'y': 51.46935}",SSEN-2818001160,SSEN-281800116005
281800116001,SSEN,45.0,16427.0,2024-12-29 13:00:00+00:00,"{'x': -0.373581, 'y': 51.46935}",SSEN-2818001160,SSEN-281800116001
281800116002,SSEN,19.0,8321.0,2024-12-29 13:00:00+00:00,"{'x': -0.373581, 'y': 51.46935}",SSEN-2818001160,SSEN-281800116002
281800116004,SSEN,18.0,16553.0,2024-12-29 13:00:00+00:00,"{'x': -0.373581, 'y': 51.46935}",SSEN-2818001160,SSEN-281800116004
281800116005,SSEN,43.0,18940.0,2024-12-29 13:00:00+00:00,"{'x': -0.373581, 'y': 51.46935}",SSEN-2818001160,SSEN-281800116005
281800116001,SSEN,45.0,15544.0,2024-12-29 13:30:00+00:00,"{'x': -0.373581, 'y': 51.46935}",SSEN-2818001160,SSEN-281800116001
281800116002,SSEN,19.0,7832.0,2024-12-29 13:30:00+00:00,"{'x': -0.373581, 'y': 51.46935}",SSEN-2818001160,SSEN-281800116002
281800116004,SSEN,18.0,14528.0,2024-12-29 13:30:00+00:00,"{'x': -0.373581, 'y': 51.46935}",SSEN-2818001160,SSEN-281800116004
281800116005,SSEN,43.0,18078.0,2024-12-29 13:30:00+00:00,"{'x': -0.373581, 'y': 51.46935}",SSEN-2818001160,SSEN-281800116005
281800116001,SSEN,45.0,14404.0,2024-12-29 14:00:00+00:00,"{'x': -0.373581, 'y': 51.46935}",SSEN-2818001160,SSEN-281800116001
281800116002,SSEN,19.0,8247.0,2024-12-29 14:00:00+00:00,"{'x': -0.373581, 'y': 51.46935}",SSEN-2818001160,SSEN-281800116002
281800116004,SSEN,18.0,5207.0,2024-12-29 14:00:00+00:00,"{'x': -0.373581, 'y': 51.46935}",SSEN-2818001160,SSEN-281800116004
281800116005,SSEN,43.0,17881.0,2024-12-29 14:00:00+00:00,"{'x': -0.373581, 'y': 51.46935}",SSEN-2818001160,SSEN-281800116005
281800116001,SSEN,45.0,15492.0,2024-12-29 14:30:00+00:00,"{'x': -0.373581, 'y': 51.46935}",SSEN-2818001160,SSEN-281800116001
281800116002,SSEN,19.0,8658.0,2024-12-29 14:30:00+00:00,"{'x': -0.373581, 'y': 51.46935}",SSEN-2818001160,SSEN-281800116002
281800116004,SSEN,18.0,4956.0,2024-12-29 14:30:00+00:00,"{'x': -0.373581, 'y': 51.46935}",SSEN-2818001160,SSEN-281800116004
281800116005,SSEN,43.0,15654.0,2024-12-29 14:30:00+00:00,"{'x': -0.373581, 'y': 51.46935}",SSEN-2818001160,SSEN-281800116005
281800116001,SSEN,45.0,15350.0,2024-12-29 15:00:00+00:00,"{'x': -0.373581, 'y': 51.46935}",SSEN-2818001160,SSEN-281800116001
281800116002,SSEN,19.0,9311.0,2024-12-29 15:00:00+00:00,"{'x': -0.373581, 'y': 51.46935}",SSEN-2818001160,SSEN-281800116002
281800116004,SSEN,18.0,3756.0,2024-12-29 15:00:00+00:00,"{'x': -0.373581, 'y': 51.46935}",SSEN-2818001160,SSEN-281800116004
281800116005,SSEN,43.0,15478.0,2024-12-29 15:00:00+00:00,"{'x': -0.373581, 'y': 51.46935}",SSEN-2818001160,SSEN-281800116005
281800116001,SSEN,45.0,15316.0,2024-12-29 15:30:00+00:00,"{'x': -0.373581, 'y': 51.46935}",SSEN-2818001160,SSEN-281800116001
281800116002,SSEN,19.0,7666.0,2024-12-29 15:30:00+00:00,"{'x': -0.373581, 'y': 51.46935}",SSEN-2818001160,SSEN-281800116002
281800116004,SSEN,18.0,4476.0,2024-12-29 15:30:00+00:00,"{'x': -0.373581, 'y': 51.46935}",SSEN-2818001160,SSEN-281800116004
281800116005,SSEN,43.0,14723.0,2024-12-29 15:30:00+00:00,"{'x': -0.373581, 'y': 51.46935}",SSEN-2818001160,SSEN-281800116005
281800116001,SSEN,45.0,15456.0,2024-12-29 16:00:00+00:00,"{'x': -0.373581, 'y': 51.46935}",SSEN-2818001160,SSEN-281800116001
281800116002,SSEN,19.0,7985.0,2024-12-29 16:00:00+00:00,"{'x': -0.373581, 'y': 51.46935}",SSEN-2818001160,SSEN-281800116002
281800116004,SSEN,18.0,5740.0,2024-12-29 16:00:00+00:00,"{'x': -0.373581, 'y': 51.46935}",SSEN-2818001160,SSEN-281800116004
281800116005,SSEN,43.0,16291.0,2024-12-29 16:00:00+00:00,"{'x': -0.373581, 'y': 51.46935}",SSEN-2818001160,SSEN-281800116005
281800116001,SSEN,45.0,17332.0,2024-12-29 16:30:00+00:00,"{'x': -0.373581, 'y': 51.46935}",SSEN-2818001160,SSEN-281800116001
281800116002,SSEN,19.0,8600.0,2024-12-29 16:30:00+00:00,"{'x': -0.373581, 'y': 51.46935}",SSEN-2818001160,SSEN-281800116002
281800116004,SSEN,18.0,6002.0,2024-12-29 16:30:00+00:00,"{'x': -0.373581, 'y': 51.46935}",SSEN-2818001160,SSEN-281800116004
281800116005,SSEN,43.0,15554.0,2024-12-29 16:30:00+00:00,"{'x': -0.373581, 'y': 51.46935}",SSEN-2818001160,SSEN-281800116005
281800116001,SSEN,45.0,16451.0,2024-12-29 17:00:00+00:00,"{'x': -0.373581, 'y': 51.46935}",SSEN-2818001160,SSEN-281800116001
281800116002,SSEN,19.0,10665.0,2024-12-29 17:00:00+00:00,"{'x': -0.373581, 'y': 51.46935}",SSEN-2818001160,SSEN-281800116002
281800116004,SSEN,18.0,7246.0,2024-12-29 17:00:00+00:00,"{'x': -0.373581, 'y': 51.46935}",SSEN-2818001160,SSEN-281800116004
281800116005,SSEN,43.0,15358.0,2024-12-29 17:00:00+00:00,"{'x': -0.373581, 'y': 51.46935}",SSEN-2818001160,SSEN-281800116005
281800116001,SSEN,45.0,20698.0,2024-12-29 17:30:00+00:00,"{'x': -0.373581, 'y': 51.46935}",SSEN-2818001160,SSEN-281800116001
281800116002,SSEN,19.0,11941.0,2024-12-29 17:30:00+00:00,"{'x': -0.373581, 'y': 51.46935}",SSEN-2818001160,SSEN-281800116002
281800116004,SSEN,18.0,8391.0,2024-12-29 17:30:00+00:00,"{'x': -0.373581, 'y': 51.46935}",SSEN-2818001160,SSEN-281800116004
281800116005,SSEN,43.0,14966.0,2024-12-29 17:30:00+00:00,"{'x': -0.373581, 'y': 51.46935}",SSEN-2818001160,SSEN-281800116005
281800116001,SSEN,45.0,19833.0,2024-12-29 18:00:00+00:00,"{'x': -0.373581, 'y': 51.46935}",SSEN-2818001160,SSEN-281800116001
281800116002,SSEN,19.0,8994.0,2024-12-29 18:00:00+00:00,"{'x': -0.373581, 'y': 51.46935}",SSEN-2818001160,SSEN-281800116002
281800116004,SSEN,18.0,8383.0,2024-12-29 18:00:00+00:00,"{'x': -0.373581, 'y': 51.46935}",SSEN-2818001160,SSEN-281800116004
281800116005,SSEN,43.0,19335.0,2024-12-29 18:00:00+00:00,"{'x': -0.373581, 'y': 51.46935}",SSEN-2818001160,SSEN-281800116005
281800116001,SSEN,45.0,17133.0,2024-12-29 18:30:00+00:00,"{'x': -0.373581, 'y': 51.46935}",SSEN-2818001160,SSEN-281800116001
281800116002,SSEN,19.0,7571.0,2024-12-29 18:30:00+00:00,"{'x': -0.373581, 'y': 51.46935}",SSEN-2818001160,SSEN-281800116002
281800116004,SSEN,18.0,7315.0,2024-12-29 18:30:00+00:00,"{'x': -0.373581, 'y': 51.46935}",SSEN-2818001160,SSEN-281800116004
281800116005,SSEN,43.0,18108.0,2024-12-29 18:30:00+00:00,"{'x': -0.373581, 'y': 51.46935}",SSEN-2818001160,SSEN-281800116005
281800116001,SSEN,45.0,17451.0,2024-12-29 19:00:00+00:00,"{'x': -0.373581, 'y': 51.46935}",SSEN-2818001160,SSEN-281800116001
281800116002,SSEN,19.0,6742.0,2024-12-29 19:00:00+00:00,"{'x': -0.373581, 'y': 51.46935}",SSEN-2818001160,SSEN-281800116002
281800116004,SSEN,18.0,5893.0,2024-12-29 19:00:00+00:00,"{'x': -0.373581, 'y': 51.46935}",SSEN-2818001160,SSEN-281800116004
281800116005,SSEN,43.0,15688.0,2024-12-29 19:00:00+00:00,"{'x': -0.373581, 'y': 51.46935}",SSEN-2818001160,SSEN-281800116005
281800116001,SSEN,45.0,18812.0,2024-12-29 19:30:00+00:00,"{'x': -0.373581, 'y': 51.46935}",SSEN-2818001160,SSEN-281800116001
281800116002,SSEN,19.0,9615.0,2024-12-29 19:30:00+00:00,"{'x': -0.373581, 'y': 51.46935}",SSEN-2818001160,SSEN-281800116002
281800116004,SSEN,18.0,6191.0,2024-12-29 19:30:00+00:00,"{'x': -0.373581, 'y': 51.46935}",SSEN-2818001160,SSEN-281800116004
281800116005,SSEN,43.0,14754.0,2024-12-29 19:30:00+00:00,"{'x': -0.373581, 'y': 51.46935}",SSEN-2818001160,SSEN-281800116005
281800116001,SSEN,45.0,16577.0,2024-12-29 20:00:00+00:00,"{'x': -0.373581, 'y': 51.46935}",SSEN-2818001160,SSEN-281800116001
281800116002,SSEN,19.0,8818.0,2024-12-29 20:00:00+00:00,"{'x': -0.373581, 'y': 51.46935}",SSEN-2818001160,SSEN-281800116002
281800116004,SSEN,18.0,5009.0,2024-12-29 20:00:00+00:00,"{'x': -0.373581, 'y': 51.46935}",SSEN-2818001160,SSEN-281800116004
281800116005,SSEN,43.0,12918.0,2024-12-29 20:00:00+00:00,"{'x': -0.373581, 'y': 51.46935}",SSEN-2818001160,SSEN-281800116005
281800116001,SSEN,45.0,18452.0,2024-12-29 20:30:00+00:00,"{'x': -0.373581, 'y': 51.46935}",SSEN-2818001160,SSEN-281800116001
281800116002,SSEN,19.0,6495.0,2024-12-29 20:30:00+00:00,"{'x': -0.373581, 'y': 51.46935}",SSEN-2818001160,SSEN-281800116002
281800116004,SSEN,18.0,5641.0,2024-12-29 20:30:00+00:00,"{'x': -0.373581, 'y': 51.46935}",SSEN-2818001160,SSEN-281800116004
281800116005,SSEN,43.0,16299.0,2024-12-29 20:30:00+00:00,"{'x': -0.373581, 'y': 51.46935}",SSEN-2818001160,SSEN-281800116005
281800116001,SSEN,45.0,17736.0,2024-12-29 21:00:00+00:00,"{'x': -0.373581, 'y': 51.46935}",SSEN-2818001160,SSEN-281800116001
281800116002,SSEN,19.0,8226.0,2024-12-29 21:00:00+00:00,"{'x': -0.373581, 'y': 51.46935}",SSEN-2818001160,SSEN-281800116002
281800116004,SSEN,18.0,4911.0,2024-12-29 21:00:00+00:00,"{'x': -0.373581, 'y': 51.46935}",SSEN-2818001160,SSEN-281800116004
281800116005,SSEN,43.0,16855.0,2024-12-29 21:00:00+00:00,"{'x': -0.373581, 'y': 51.46935}",SSEN-2818001160,SSEN-281800116005
281800116001,SSEN,45.0,15155.0,2024-12-29 21:30:00+00:00,"{'x': -0.373581, 'y': 51.46935}",SSEN-2818001160,SSEN-281800116001
281800116002,SSEN,19.0,8180.0,2024-12-29 21:30:00+00:00,"{'x': -0.373581, 'y': 51.46935}",SSEN-2818001160,SSEN-281800116002
281800116004,SSEN,18.0,4399.0,2024-12-29 21:30:00+00:00,"{'x': -0.373581, 'y': 51.46935}",SSEN-2818001160,SSEN-281800116004
281800116005,SSEN,43.0,15497.0,2024-12-29 21:30:00+00:00,"{'x': -0.373581, 'y': 51.46935}",SSEN-2818001160,SSEN-281800116005
281800116001,SSEN,45.0,14520.0,2024-12-29 22:00:00+00:00,"{'x': -0.373581, 'y': 51.46935}",SSEN-2818001160,SSEN-281800116001
281800116002,SSEN,19.0,6504.0,2024-12-29 22:00:00+00:00,"{'x': -0.373581, 'y': 51.46935}",SSEN-2818001160,SSEN-281800116002
281800116004,SSEN,18.0,4706.0,2024-12-29 22:00:00+00:00,"{'x': -0.373581, 'y': 51.46935}",SSEN-2818001160,SSEN-281800116004
281800116005,SSEN,43.0,15540.0,2024-12-29 22:00:00+00:00,"{'x': -0.373581, 'y': 51.46935}",SSEN-2818001160,SSEN-281800116005
281800116001,SSEN,45.0,12142.0,2024-12-29 22:30:00+00:00,"{'x': -0.373581, 'y': 51.46935}",SSEN-2818001160,SSEN-281800116001
281800116002,SSEN,19.0,6134.0,2024-12-29 22:30:00+00:00,"{'x': -0.373581, 'y': 51.46935}",SSEN-2818001160,SSEN-281800116002
281800116004,SSEN,18.0,5627.0,2024-12-29 22:30:00+00:00,"{'x': -0.373581, 'y': 51.46935}",SSEN-2818001160,SSEN-281800116004
281800116005,SSEN,43.0,13902.0,2024-12-29 22:30:00+00:00,"{'x': -0.373581, 'y': 51.46935}",SSEN-2818001160,SSEN-281800116005
281800116001,SSEN,45.0,13595.0,2024-12-29 23:00:00+00:00,"{'x': -0.373581, 'y': 51.46935}",SSEN-2818001160,SSEN-281800116001
281800116002,SSEN,19.0,5818.0,2024-12-29 23:00:00+00:00,"{'x': -0.373581, 'y': 51.46935}",SSEN-2818001160,SSEN-281800116002
281800116004,SSEN,18.0,4074.0,2024-12-29 23:00:00+00:00,"{'x': -0.373581, 'y': 51.46935}",SSEN-2818001160,SSEN-281800116004
281800116005,SSEN,43.0,17617.0,2024-12-29 23:00:00+00:00,"{'x': -0.373581, 'y': 51.46935}",SSEN-2818001160,SSEN-281800116005
281800116001,SSEN,45.0,11309.0,2024-12-29 23:30:00+00:00,"{'x': -0.373581, 'y': 51.46935}",SSEN-2818001160,SSEN-281800116001
281800116002,SSEN,19.0,5148.0,2024-12-29 23:30:00+00:00,"{'x': -0.373581, 'y': 51.46935}",SSEN-2818001160,SSEN-281800116002
281800116004,SSEN,18.0,4762.0,2024-12-29 23:30:00+00:00,"{'x': -0.373581, 'y': 51.46935}",SSEN-2818001160,SSEN-281800116004
281800116005,SSEN,43.0,16917.0,2024-12-29 23:30:00+00:00,"{'x': -0.373581, 'y': 51.46935}",SSEN-2818001160,SSEN-281800116005
281800116001,SSEN,45.0,10388.0,2024-12-30 00:00:00+00:00,"{'x': -0.373581, 'y': 51.46935}",SSEN-2818001160,SSEN-281800116001
281800116002,SSEN,19.0,8798.0,2024-12-30 00:00:00+00:00,"{'x': -0.373581, 'y': 51.46935}",SSEN-2818001160,SSEN-281800116002
281800116004,SSEN,18.0,4154.0,2024-12-30 00:00:00+00:00,"{'x': -0.373581, 'y': 51.46935}",SSEN-2818001160,SSEN-281800116004
281800116005,SSEN,43.0,16735.0,2024-12-30 00:00:00+00:00,"{'x': -0.373581, 'y': 51.46935}",SSEN-2818001160,SSEN-281800116005
281800116001,SSEN,46.0,10065.0,2024-12-30 00:30:00+00:00,"{'x': -0.373581, 'y': 51.46935}",SSEN-2818001160,SSEN-281800116001
281800116002,SSEN,19.0,11132.0,2024-12-30 00:30:00+00:00,"{'x': -0.373581, 'y': 51.46935}",SSEN-2818001160,SSEN-281800116002
281800116004,SSEN,18.0,4214.0,2024-12-30 00:30:00+00:00,"{'x': -0.373581, 'y': 51.46935}",SSEN-2818001160,SSEN-281800116004
281800116005,SSEN,42.0,19254.0,2024-12-30 00:30:00+00:00,"{'x': -0.373581, 'y': 51.46935}",SSEN-2818001160,SSEN-281800116005
281800116001,SSEN,46.0,9968.0,2024-12-30 01:00:00+00:00,"{'x': -0.373581, 'y': 51.46935}",SSEN-2818001160,SSEN-281800116001
281800116002,SSEN,19.0,11239.0,2024-12-30 01:00:00+00:00,"{'x': -0.373581, 'y': 51.46935}",SSEN-2818001160,SSEN-281800116002
281800116004,SSEN,18.0,3568.0,2024-12-30 01:00:00+00:00,"{'x': -0.373581, 'y': 51.46935}",SSEN-2818001160,SSEN-281800116004
281800116005,SSEN,42.0,12372.0,2024-12-30 01:00:00+00:00,"{'x': -0.373581, 'y': 51.46935}",SSEN-2818001160,SSEN-281800116005
281800116001,SSEN,46.0,9421.0,2024-12-30 01:30:00+00:00,"{'x': -0.373581, 'y': 51.46935}",SSEN-2818001160,SSEN-281800116001
281800116002,SSEN,19.0,9855.0,2024-12-30 01:30:00+00:00,"{'x': -0.373581, 'y': 51.46935}",SSEN-2818001160,SSEN-281800116002
281800116004,SSEN,18.0,3369.0,2024-12-30 01:30:00+00:00,"{'x': -0.373581, 'y': 51.46935}",SSEN-2818001160,SSEN-281800116004
281800116005,SSEN,42.0,12648.0,2024-12-30 01:30:00+00:00,"{'x': -0.373581, 'y': 51.46935}",SSEN-2818001160,SSEN-281800116005
281800116001,SSEN,46.0,8664.0,2024-12-30 02:00:00+00:00,"{'x': -0.373581, 'y': 51.46935}",SSEN-2818001160,SSEN-281800116001
281800116002,SSEN,19.0,8960.0,2024-12-30 02:00:00+00:00,"{'x': -0.373581, 'y': 51.46935}",SSEN-2818001160,SSEN-281800116002
281800116004,SSEN,18.0,2834.0,2024-12-30 02:00:00+00:00,"{'x': -0.373581, 'y': 51.46935}",SSEN-2818001160,SSEN-281800116004
281800116005,SSEN,42.0,11538.0,2024-12-30 02:00:00+00:00,"{'x': -0.373581, 'y': 51.46935}",SSEN-2818001160,SSEN-281800116005
281800116001,SSEN,46.0,8971.0,2024-12-30 02:30:00+00:00,"{'x': -0.373581, 'y': 51.46935}",SSEN-2818001160,SSEN-281800116001
281800116002,SSEN,19.0,8666.0,2024-12-30 02:30:00+00:00,"{'x': -0.373581, 'y': 51.46935}",SSEN-2818001160,SSEN-281800116002
281800116004,SSEN,18.0,2791.0,2024-12-30 02:30:00+00:00,"{'x': -0.373581, 'y': 51.46935}",SSEN-2818001160,SSEN-281800116004
281800116005,SSEN,42.0,11496.0,2024-12-30 02:30:00+00:00,"{'x': -0.373581, 'y': 51.46935}",SSEN-2818001160,SSEN-281800116005
281800116001,SSEN,46.0,8399.0,2024-12-30 03:00:00+00:00,"{'x': -0.373581, 'y': 51.46935}",SSEN-2818001160,SSEN-281800116001
281800116002,SSEN,19.0,6760.0,2024-12-30 03:00:00+00:00,"{'x': -0.373581, 'y': 51.46935}",SSEN-2818001160,SSEN-281800116002
281800116004,SSEN,18.0,2763.0,2024-12-30 03:00:00+00:00,"{'x': -0.373581, 'y': 51.46935}",SSEN-2818001160,SSEN-281800116004
281800116005,SSEN,42.0,9456.0,2024-12-30 03:00:00+00:00,"{'x': -0.373581, 'y': 51.46935}",SSEN-2818001160,SSEN-281800116005
281800116001,SSEN,46.0,8848.0,2024-12-30 03:30:00+00:00,"{'x': -0.373581, 'y': 51.46935}",SSEN-2818001160,SSEN-281800116001
281800116002,SSEN,19.0,5803.0,2024-12-30 03:30:00+00:00,"{'x': -0.373581, 'y': 51.46935}",SSEN-2818001160,SSEN-281800116002
281800116004,SSEN,18.0,2837.0,2024-12-30 03:30:00+00:00,"{'x': -0.373581, 'y': 51.46935}",SSEN-2818001160,SSEN-281800116004
281800116005,SSEN,42.0,8912.0,2024-12-30 03:30:00+00:00,"{'x': -0.373581, 'y': 51.46935}",SSEN-2818001160,SSEN-281800116005
281800116001,SSEN,46.0,7481.0,2024-12-30 04:00:00+00:00,"{'x': -0.373581, 'y': 51.46935}",SSEN-2818001160,SSEN-281800116001
281800116002,SSEN,19.0,2765.0,2024-12-30 04:00:00+00:00,"{'x': -0.373581, 'y': 51.46935}",SSEN-2818001160,SSEN-281800116002
281800116004,SSEN,18.0,3058.0,2024-12-30 04:00:00+00:00,"{'x': -0.373581, 'y': 51.46935}",SSEN-2818001160,SSEN-281800116004
281800116005,SSEN,42.0,13276.0,2024-12-30 04:00:00+00:00,"{'x': -0.373581, 'y': 51.46935}",SSEN-2818001160,SSEN-281800116005
281800116001,SSEN,46.0,7816.0,2024-12-30 04:30:00+00:00,"{'x': -0.373581, 'y': 51.46935}",SSEN-2818001160,SSEN-281800116001
281800116002,SSEN,19.0,2923.0,2024-12-30 04:30:00+00:00,"{'x': -0.373581, 'y': 51.46935}",SSEN-2818001160,SSEN-281800116002
281800116004,SSEN,18.0,3258.0,2024-12-30 04:30:00+00:00,"{'x': -0.373581, 'y': 51.46935}",SSEN-2818001160,SSEN-281800116004
281800116005,SSEN,42.0,11699.0,2024-12-30 04:30:00+00:00,"{'x': -0.373581, 'y': 51.46935}",SSEN-2818001160,SSEN-281800116005
281800116001,SSEN,46.0,7663.0,2024-12-30 05:00:00+00:00,"{'x': -0.373581, 'y': 51.46935}",SSEN-2818001160,SSEN-281800116001
281800116002,SSEN,19.0,2094.0,2024-12-30 05:00:00+00:00,"{'x': -0.373581, 'y': 51.46935}",SSEN-2818001160,SSEN-281800116002
281800116004,SSEN,18.0,3142.0,2024-12-30 05:00:00+00:00,"{'x': -0.373581, 'y': 51.46935}",SSEN-2818001160,SSEN-281800116004
281800116005,SSEN,42.0,11214.0,2024-12-30 05:00:00+00:00,"{'x': -0.373581, 'y': 51.46935}",SSEN-2818001160,SSEN-281800116005
281800116001,SSEN,46.0,7654.0,2024-12-30 05:30:00+00:00,"{'x': -0.373581, 'y': 51.46935}",SSEN-2818001160,SSEN-281800116001
281800116002,SSEN,19.0,2337.0,2024-12-30 05:30:00+00:00,"{'x': -0.373581, 'y': 51.46935}",SSEN-2818001160,SSEN-281800116002
281800116004,SSEN,18.0,3312.0,2024-12-30 05:30:00+00:00,"{'x': -0.373581, 'y': 51.46935}",SSEN-2818001160,SSEN-281800116004
281800116005,SSEN,42.0,9013.0,2024-12-30 05:30:00+00:00,"{'x': -0.373581, 'y': 51.46935}",SSEN-2818001160,SSEN-281800116005
281800116001,SSEN,46.0,7709.0,2024-12-30 06:00:00+00:00,"{'x': -0.373581, 'y': 51.46935}",SSEN-2818001160,SSEN-281800116001
281800116002,SSEN,19.0,2634.0,2024-12-30 06:00:00+00:00,"{'x': -0.373581, 'y': 51.46935}",SSEN-2818001160,SSEN-281800116002
281800116004,SSEN,18.0,2965.0,2024-12-30 06:00:00+00:00,"{'x': -0.373581, 'y': 51.46935}",SSEN-2818001160,SSEN-281800116004
281800116005,SSEN,42.0,8108.0,2024-12-30 06:00:00+00:00,"{'x': -0.373581, 'y': 51.46935}",SSEN-2818001160,SSEN-281800116005
281800116001,SSEN,46.0,8336.0,2024-12-30 06:30:00+00:00,"{'x': -0.373581, 'y': 51.46935}",SSEN-2818001160,SSEN-281800116001
281800116002,SSEN,19.0,3334.0,2024-12-30 06:30:00+00:00,"{'x': -0.373581, 'y': 51.46935}",SSEN-2818001160,SSEN-281800116002
281800116004,SSEN,18.0,3522.0,2024-12-30 06:30:00+00:00,"{'x': -0.373581, 'y': 51.46935}",SSEN-2818001160,SSEN-281800116004
281800116005,SSEN,42.0,7595.0,2024-12-30 06:30:00+00:00,"{'x': -0.373581, 'y': 51.46935}",SSEN-2818001160,SSEN-281800116005
281800116001,SSEN,46.0,11548.0,2024-12-30 07:00:00+00:00,"{'x': -0.373581, 'y': 51.46935}",SSEN-2818001160,SSEN-281800116001
281800116002,SSEN,19.0,4802.0,2024-12-30 07:00:00+00:00,"{'x': -0.373581, 'y': 51.46935}",SSEN-2818001160,SSEN-281800116002
281800116004,SSEN,18.0,3061.0,2024-12-30 07:00:00+00:00,"{'x': -0.373581, 'y': 51.46935}",SSEN-2818001160,SSEN-281800116004
281800116005,SSEN,42.0,7512.0,2024-12-30 07:00:00+00:00,"{'x': -0.373581, 'y': 51.46935}",SSEN-2818001160,SSEN-281800116005
281800116001,SSEN,46.0,11570.0,2024-12-30 07:30:00+00:00,"{'x': -0.373581, 'y': 51.46935}",SSEN-2818001160,SSEN-281800116001
281800116002,SSEN,19.0,4356.0,2024-12-30 07:30:00+00:00,"{'x': -0.373581, 'y': 51.46935}",SSEN-2818001160,SSEN-281800116002
281800116004,SSEN,18.0,3169.0,2024-12-30 07:30:00+00:00,"{'x': -0.373581, 'y': 51.46935}",SSEN-2818001160,SSEN-281800116004
281800116005,SSEN,42.0,13743.0,2024-12-30 07:30:00+00:00,"{'x': -0.373581, 'y': 51.46935}",SSEN-2818001160,SSEN-281800116005
281800116001,SSEN,46.0,8898.0,2024-12-30 08:00:00+00:00,"{'x': -0.373581, 'y': 51.46935}",SSEN-2818001160,SSEN-281800116001
281800116002,SSEN,19.0,4103.0,2024-12-30 08:00:00+00:00,"{'x': -0.373581, 'y': 51.46935}",SSEN-2818001160,SSEN-281800116002
281800116004,SSEN,18.0,2857.0,2024-12-30 08:00:00+00:00,"{'x': -0.373581, 'y': 51.46935}",SSEN-2818001160,SSEN-281800116004
281800116005,SSEN,42.0,10861.0,2024-12-30 08:00:00+00:00,"{'x': -0.373581, 'y': 51.46935}",SSEN-2818001160,SSEN-281800116005
281800116001,SSEN,46.0,10485.0,2024-12-30 08:30:00+00:00,"{'x': -0.373581, 'y': 51.46935}",SSEN-2818001160,SSEN-281800116001
281800116002,SSEN,19.0,5734.0,2024-12-30 08:30:00+00:00,"{'x': -0.373581, 'y': 51.46935}",SSEN-2818001160,SSEN-281800116002
281800116004,SSEN,18.0,3065.0,2024-12-30 08:30:00+00:00,"{'x': -0.373581, 'y': 51.46935}",SSEN-2818001160,SSEN-281800116004
281800116005,SSEN,42.0,13256.0,2024-12-30 08:30:00+00:00,"{'x': -0.373581, 'y': 51.46935}",SSEN-2818001160,SSEN-281800116005
281800116001,SSEN,46.0,13032.0,2024-12-30 09:00:00+00:00,"{'x': -0.373581, 'y': 51.46935}",SSEN-2818001160,SSEN-281800116001
281800116002,SSEN,19.0,4893.0,2024-12-30 09:00:00+00:00,"{'x': -0.373581, 'y': 51.46935}",SSEN-2818001160,SSEN-281800116002
281800116004,SSEN,18.0,3373.0,2024-12-30 09:00:00+00:00,"{'x': -0.373581, 'y': 51.46935}",SSEN-2818001160,SSEN-281800116004
281800116005,SSEN,42.0,10571.0,2024-12-30 09:00:00+00:00,"{'x': -0.373581, 'y': 51.46935}",SSEN-2818001160,SSEN-281800116005
281800116001,SSEN,46.0,13273.0,2024-12-30 09:30:00+00:00,"{'x': -0.373581, 'y': 51.46935}",SSEN-2818001160,SSEN-281800116001
281800116002,SSEN,19.0,5192.0,2024-12-30 09:30:00+00:00,"{'x': -0.373581, 'y': 51.46935}",SSEN-2818001160,SSEN-281800116002
281800116004,SSEN,18.0,2776.0,2024-12-30 09:30:00+00:00,"{'x': -0.373581, 'y': 51.46935}",SSEN-2818001160,SSEN-281800116004
281800116005,SSEN,42.0,10651.0,2024-12-30 09:30:00+00:00,"{'x': -0.373581, 'y': 51.46935}",SSEN-2818001160,SSEN-281800116005
281800116001,SSEN,46.0,14011.0,2024-12-30 10:00:00+00:00,"{'x': -0.373581, 'y': 51.46935}",SSEN-2818001160,SSEN-281800116001
281800116002,SSEN,19.0,4746.0,2024-12-30 10:00:00+00:00,"{'x': -0.373581, 'y': 51.46935}",SSEN-2818001160,SSEN-281800116002
281800116004,SSEN,18.0,3703.0,2024-12-30 10:00:00+00:00,"{'x': -0.373581, 'y': 51.46935}",SSEN-2818001160,SSEN-281800116004
281800116005,SSEN,42.0,12474.0,2024-12-30 10:00:00+00:00,"{'x': -0.373581, 'y': 51.46935}",SSEN-2818001160,SSEN-281800116005
281800116001,SSEN,46.0,15952.0,2024-12-30 10:30:00+00:00,"{'x': -0.373581, 'y': 51.46935}",SSEN-2818001160,SSEN-281800116001
281800116002,SSEN,19.0,7097.0,2024-12-30 10:30:00+00:00,"{'x': -0.373581, 'y': 51.46935}",SSEN-2818001160,SSEN-281800116002
281800116004,SSEN,18.0,3903.0,2024-12-30 10:30:00+00:00,"{'x': -0.373581, 'y': 51.46935}",SSEN-2818001160,SSEN-281800116004
281800116005,SSEN,42.0,13648.0,2024-12-30 10:30:00+00:00,"{'x': -0.373581, 'y': 51.46935}",SSEN-2818001160,SSEN-281800116005
281800116001,SSEN,46.0,19201.0,2024-12-30 11:00:00+00:00,"{'x': -0.373581, 'y': 51.46935}",SSEN-2818001160,SSEN-281800116001
281800116002,SSEN,19.0,8464.0,2024-12-30 11:00:00+00:00,"{'x': -0.373581, 'y': 51.46935}",SSEN-2818001160,SSEN-281800116002
281800116004,SSEN,18.0,4740.0,2024-12-30 11:00:00+00:00,"{'x': -0.373581, 'y': 51.46935}",SSEN-2818001160,SSEN-281800116004
281800116005,SSEN,42.0,12616.0,2024-12-30 11:00:00+00:00,"{'x': -0.373581, 'y': 51.46935}",SSEN-2818001160,SSEN-281800116005
281800116001,SSEN,46.0,18261.0,2024-12-30 11:30:00+00:00,"{'x': -0.373581, 'y': 51.46935}",SSEN-2818001160,SSEN-281800116001
281800116002,SSEN,19.0,5948.0,2024-12-30 11:30:00+00:00,"{'x': -0.373581, 'y': 51.46935}",SSEN-2818001160,SSEN-281800116002
281800116004,SSEN,18.0,6847.0,2024-12-30 11:30:00+00:00,"{'x': -0.373581, 'y': 51.46935}",SSEN-2818001160,SSEN-281800116004
281800116005,SSEN,42.0,15515.0,2024-12-30 11:30:00+00:00,"{'x': -0.373581, 'y': 51.46935}",SSEN-2818001160,SSEN-281800116005
281800116001,SSEN,46.0,21678.0,2024-12-30 12:00:00+00:00,"{'x': -0.373581, 'y': 51.46935}",SSEN-2818001160,SSEN-281800116001
281800116002,SSEN,19.0,4884.0,2024-12-30 12:00:00+00:00,"{'x': -0.373581, 'y': 51.46935}",SSEN-2818001160,SSEN-281800116002
281800116004,SSEN,18.0,6877.0,2024-12-30 12:00:00+00:00,"{'x': -0.373581, 'y': 51.46935}",SSEN-2818001160,SSEN-281800116004
281800116005,SSEN,42.0,9878.0,2024-12-30 12:00:00+00:00,"{'x': -0.373581, 'y': 51.46935}",SSEN-2818001160,SSEN-281800116005
281800116001,SSEN,46.0,17272.0,2024-12-30 12:30:00+00:00,"{'x': -0.373581, 'y': 51.46935}",SSEN-2818001160,SSEN-281800116001
281800116002,SSEN,19.0,6582.0,2024-12-30 12:30:00+00:00,"{'x': -0.373581, 'y': 51.46935}",SSEN-2818001160,SSEN-281800116002
281800116004,SSEN,18.0,5924.0,2024-12-30 12:30:00+00:00,"{'x': -0.373581, 'y': 51.46935}",SSEN-2818001160,SSEN-281800116004
281800116005,SSEN,42.0,12416.0,2024-12-30 12:30:00+00:00,"{'x': -0.373581, 'y': 51.46935}",SSEN-2818001160,SSEN-281800116005
281800116001,SSEN,46.0,16476.0,2024-12-30 13:00:00+00:00,"{'x': -0.373581, 'y': 51.46935}",SSEN-2818001160,SSEN-281800116001
281800116002,SSEN,19.0,8920.0,2024-12-30 13:00:00+00:00,"{'x': -0.373581, 'y': 51.46935}",SSEN-2818001160,SSEN-281800116002
281800116004,SSEN,18.0,5549.0,2024-12-30 13:00:00+00:00,"{'x': -0.373581, 'y': 51.46935}",SSEN-2818001160,SSEN-281800116004
281800116005,SSEN,42.0,10504.0,2024-12-30 13:00:00+00:00,"{'x': -0.373581, 'y': 51.46935}",SSEN-2818001160,SSEN-281800116005
281800116001,SSEN,46.0,14185.0,2024-12-30 13:30:00+00:00,"{'x': -0.373581, 'y': 51.46935}",SSEN-2818001160,SSEN-281800116001
281800116002,SSEN,19.0,6957.0,2024-12-30 13:30:00+00:00,"{'x': -0.373581, 'y': 51.46935}",SSEN-2818001160,SSEN-281800116002
281800116004,SSEN,18.0,6588.0,2024-12-30 13:30:00+00:00,"{'x': -0.373581, 'y': 51.46935}",SSEN-2818001160,SSEN-281800116004
281800116005,SSEN,42.0,10733.0,2024-12-30 13:30:00+00:00,"{'x': -0.373581, 'y': 51.46935}",SSEN-2818001160,SSEN-281800116005
281800116001,SSEN,46.0,10921.0,2024-12-30 14:00:00+00:00,"{'x': -0.373581, 'y': 51.46935}",SSEN-2818001160,SSEN-281800116001
281800116002,SSEN,19.0,6757.0,2024-12-30 14:00:00+00:00,"{'x': -0.373581, 'y': 51.46935}",SSEN-2818001160,SSEN-281800116002
281800116004,SSEN,18.0,6537.0,2024-12-30 14:00:00+00:00,"{'x': -0.373581, 'y': 51.46935}",SSEN-2818001160,SSEN-281800116004
281800116005,SSEN,42.0,13970.0,2024-12-30 14:00:00+00:00,"{'x': -0.373581, 'y': 51.46935}",SSEN-2818001160,SSEN-281800116005
281800116001,SSEN,46.0,10788.0,2024-12-30 14:30:00+00:00,"{'x': -0.373581, 'y': 51.46935}",SSEN-2818001160,SSEN-281800116001
281800116002,SSEN,19.0,5685.0,2024-12-30 14:30:00+00:00,"{'x': -0.373581, 'y': 51.46935}",SSEN-2818001160,SSEN-281800116002
281800116004,SSEN,18.0,5466.0,2024-12-30 14:30:00+00:00,"{'x': -0.373581, 'y': 51.46935}",SSEN-2818001160,SSEN-281800116004
281800116005,SSEN,42.0,17422.0,2024-12-30 14:30:00+00:00,"{'x': -0.373581, 'y': 51.46935}",SSEN-2818001160,SSEN-281800116005
281800116001,SSEN,46.0,10470.0,2024-12-30 15:00:00+00:00,"{'x': -0.373581, 'y': 51.46935}",SSEN-2818001160,SSEN-281800116001
281800116002,SSEN,19.0,6734.0,2024-12-30 15:00:00+00:00,"{'x': -0.373581, 'y': 51.46935}",SSEN-2818001160,SSEN-281800116002
281800116004,SSEN,18.0,5380.0,2024-12-30 15:00:00+00:00,"{'x': -0.373581, 'y': 51.46935}",SSEN-2818001160,SSEN-281800116004
281800116005,SSEN,42.0,16956.0,2024-12-30 15:00:00+00:00,"{'x': -0.373581, 'y': 51.46935}",SSEN-2818001160,SSEN-281800116005
281800116001,SSEN,46.0,12268.0,2024-12-30 15:30:00+00:00,"{'x': -0.373581, 'y': 51.46935}",SSEN-2818001160,SSEN-281800116001
281800116002,SSEN,19.0,7860.0,2024-12-30 15:30:00+00:00,"{'x': -0.373581, 'y': 51.46935}",SSEN-2818001160,SSEN-281800116002
281800116004,SSEN,18.0,4811.0,2024-12-30 15:30:00+00:00,"{'x': -0.373581, 'y': 51.46935}",SSEN-2818001160,SSEN-281800116004
281800116005,SSEN,42.0,19767.0,2024-12-30 15:30:00+00:00,"{'x': -0.373581, 'y': 51.46935}",SSEN-2818001160,SSEN-281800116005
281800116001,SSEN,46.0,11238.0,2024-12-30 16:00:00+00:00,"{'x': -0.373581, 'y': 51.46935}",SSEN-2818001160,SSEN-281800116001
281800116002,SSEN,19.0,6062.0,2024-12-30 16:00:00+00:00,"{'x': -0.373581, 'y': 51.46935}",SSEN-2818001160,SSEN-281800116002
281800116004,SSEN,18.0,4937.0,2024-12-30 16:00:00+00:00,"{'x': -0.373581, 'y': 51.46935}",SSEN-2818001160,SSEN-281800116004
281800116005,SSEN,42.0,18616.0,2024-12-30 16:00:00+00:00,"{'x': -0.373581, 'y': 51.46935}",SSEN-2818001160,SSEN-281800116005
281800116001,SSEN,46.0,15976.0,2024-12-30 16:30:00+00:00,"{'x': -0.373581, 'y': 51.46935}",SSEN-2818001160,SSEN-281800116001
281800116002,SSEN,19.0,6037.0,2024-12-30 16:30:00+00:00,"{'x': -0.373581, 'y': 51.46935}",SSEN-2818001160,SSEN-281800116002
281800116004,SSEN,18.0,4746.0,2024-12-30 16:30:00+00:00,"{'x': -0.373581, 'y': 51.46935}",SSEN-2818001160,SSEN-281800116004
281800116005,SSEN,42.0,19467.0,2024-12-30 16:30:00+00:00,"{'x': -0.373581, 'y': 51.46935}",SSEN-2818001160,SSEN-281800116005
281800116001,SSEN,46.0,16268.0,2024-12-30 17:00:00+00:00,"{'x': -0.373581, 'y': 51.46935}",SSEN-2818001160,SSEN-281800116001
281800116002,SSEN,19.0,9416.0,2024-12-30 17:00:00+00:00,"{'x': -0.373581, 'y': 51.46935}",SSEN-2818001160,SSEN-281800116002
281800116004,SSEN,18.0,6486.0,2024-12-30 17:00:00+00:00,"{'x': -0.373581, 'y': 51.46935}",SSEN-2818001160,SSEN-281800116004
281800116005,SSEN,42.0,19976.0,2024-12-30 17:00:00+00:00,"{'x': -0.373581, 'y': 51.46935}",SSEN-2818001160,SSEN-281800116005
281800116001,SSEN,46.0,18459.0,2024-12-30 17:30:00+00:00,"{'x': -0.373581, 'y': 51.46935}",SSEN-2818001160,SSEN-281800116001
281800116002,SSEN,19.0,8906.0,2024-12-30 17:30:00+00:00,"{'x': -0.373581, 'y': 51.46935}",SSEN-2818001160,SSEN-281800116002
281800116004,SSEN,18.0,5506.0,2024-12-30 17:30:00+00:00,"{'x': -0.373581, 'y': 51.46935}",SSEN-2818001160,SSEN-281800116004
281800116005,SSEN,42.0,17780.0,2024-12-30 17:30:00+00:00,"{'x': -0.373581, 'y': 51.46935}",SSEN-2818001160,SSEN-281800116005
281800116001,SSEN,46.0,19539.0,2024-12-30 18:00:00+00:00,"{'x': -0.373581, 'y': 51.46935}",SSEN-2818001160,SSEN-281800116001
281800116002,SSEN,19.0,7974.0,2024-12-30 18:00:00+00:00,"{'x': -0.373581, 'y': 51.46935}",SSEN-2818001160,SSEN-281800116002
281800116004,SSEN,18.0,7523.0,2024-12-30 18:00:00+00:00,"{'x': -0.373581, 'y': 51.46935}",SSEN-2818001160,SSEN-281800116004
281800116005,SSEN,42.0,17124.0,2024-12-30 18:00:00+00:00,"{'x': -0.373581, 'y': 51.46935}",SSEN-2818001160,SSEN-281800116005
281800116001,SSEN,46.0,21106.0,2024-12-30 18:30:00+00:00,"{'x': -0.373581, 'y': 51.46935}",SSEN-2818001160,SSEN-281800116001
281800116002,SSEN,19.0,8657.0,2024-12-30 18:30:00+00:00,"{'x': -0.373581, 'y': 51.46935}",SSEN-2818001160,SSEN-281800116002
281800116004,SSEN,18.0,5617.0,2024-12-30 18:30:00+00:00,"{'x': -0.373581, 'y': 51.46935}",SSEN-2818001160,SSEN-281800116004
281800116005,SSEN,42.0,21878.0,2024-12-30 18:30:00+00:00,"{'x': -0.373581, 'y': 51.46935}",SSEN-2818001160,SSEN-281800116005
281800116001,SSEN,46.0,20062.0,2024-12-30 19:00:00+00:00,"{'x': -0.373581, 'y': 51.46935}",SSEN-2818001160,SSEN-281800116001
281800116002,SSEN,19.0,6117.0,2024-12-30 19:00:00+00:00,"{'x': -0.373581, 'y': 51.46935}",SSEN-2818001160,SSEN-281800116002
281800116004,SSEN,18.0,5165.0,2024-12-30 19:00:00+00:00,"{'x': -0.373581, 'y': 51.46935}",SSEN-2818001160,SSEN-281800116004
281800116005,SSEN,42.0,22518.0,2024-12-30 19:00:00+00:00,"{'x': -0.373581, 'y': 51.46935}",SSEN-2818001160,SSEN-281800116005
281800116001,SSEN,46.0,21318.0,2024-12-30 19:30:00+00:00,"{'x': -0.373581, 'y': 51.46935}",SSEN-2818001160,SSEN-281800116001
281800116002,SSEN,19.0,7178.0,2024-12-30 19:30:00+00:00,"{'x': -0.373581, 'y': 51.46935}",SSEN-2818001160,SSEN-281800116002
281800116004,SSEN,18.0,5665.0,2024-12-30 19:30:00+00:00,"{'x': -0.373581, 'y': 51.46935}",SSEN-2818001160,SSEN-281800116004
281800116005,SSEN,42.0,21064.0,2024-12-30 19:30:00+00:00,"{'x': -0.373581, 'y': 51.46935}",SSEN-2818001160,SSEN-281800116005
281800116001,SSEN,46.0,20950.0,2024-12-30 20:00:00+00:00,"{'x': -0.373581, 'y': 51.46935}",SSEN-2818001160,SSEN-281800116001
281800116002,SSEN,19.0,6589.0,2024-12-30 20:00:00+00:00,"{'x': -0.373581, 'y': 51.46935}",SSEN-2818001160,SSEN-281800116002
281800116004,SSEN,18.0,5592.0,2024-12-30 20:00:00+00:00,"{'x': -0.373581, 'y': 51.46935}",SSEN-2818001160,SSEN-281800116004
281800116005,SSEN,42.0,18097.0,2024-12-30 20:00:00+00:00,"{'x': -0.373581, 'y': 51.46935}",SSEN-2818001160,SSEN-281800116005
281800116001,SSEN,46.0,20338.0,2024-12-30 20:30:00+00:00,"{'x': -0.373581, 'y': 51.46935}",SSEN-2818001160,SSEN-281800116001
281800116002,SSEN,19.0,6237.0,2024-12-30 20:30:00+00:00,"{'x': -0.373581, 'y': 51.46935}",SSEN-2818001160,SSEN-281800116002
281800116004,SSEN,18.0,5163.0,2024-12-30 20:30:00+00:00,"{'x': -0.373581, 'y': 51.46935}",SSEN-2818001160,SSEN-281800116004
281800116005,SSEN,42.0,11494.0,2024-12-30 20:30:00+00:00,"{'x': -0.373581, 'y': 51.46935}",SSEN-2818001160,SSEN-281800116005
281800116001,SSEN,46.0,21479.0,2024-12-30 21:00:00+00:00,"{'x': -0.373581, 'y': 51.46935}",SSEN-2818001160,SSEN-281800116001
281800116002,SSEN,19.0,12021.0,2024-12-30 21:00:00+00:00,"{'x': -0.373581, 'y': 51.46935}",SSEN-2818001160,SSEN-281800116002
281800116004,SSEN,18.0,5835.0,2024-12-30 21:00:00+00:00,"{'x': -0.373581, 'y': 51.46935}",SSEN-2818001160,SSEN-281800116004
281800116005,SSEN,42.0,11386.0,2024-12-30 21:00:00+00:00,"{'x': -0.373581, 'y': 51.46935}",SSEN-2818001160,SSEN-281800116005
281800116001,SSEN,46.0,19903.0,2024-12-30 21:30:00+00:00,"{'x': -0.373581, 'y': 51.46935}",SSEN-2818001160,SSEN-281800116001
281800116002,SSEN,19.0,10947.0,2024-12-30 21:30:00+00:00,"{'x': -0.373581, 'y': 51.46935}",SSEN-2818001160,SSEN-281800116002
281800116004,SSEN,18.0,6347.0,2024-12-30 21:30:00+00:00,"{'x': -0.373581, 'y': 51.46935}",SSEN-2818001160,SSEN-281800116004
281800116005,SSEN,42.0,13671.0,2024-12-30 21:30:00+00:00,"{'x': -0.373581, 'y': 51.46935}",SSEN-2818001160,SSEN-281800116005
281800116001,SSEN,46.0,19947.0,2024-12-30 22:00:00+00:00,"{'x': -0.373581, 'y': 51.46935}",SSEN-2818001160,SSEN-281800116001
281800116002,SSEN,19.0,10601.0,2024-12-30 22:00:00+00:00,"{'x': -0.373581, 'y': 51.46935}",SSEN-2818001160,SSEN-281800116002
281800116004,SSEN,18.0,5867.0,2024-12-30 22:00:00+00:00,"{'x': -0.373581, 'y': 51.46935}",SSEN-2818001160,SSEN-281800116004
281800116005,SSEN,42.0,16257.0,2024-12-30 22:00:00+00:00,"{'x': -0.373581, 'y': 51.46935}",SSEN-2818001160,SSEN-281800116005
281800116001,SSEN,46.0,17943.0,2024-12-30 22:30:00+00:00,"{'x': -0.373581, 'y': 51.46935}",SSEN-2818001160,SSEN-281800116001
281800116002,SSEN,19.0,10537.0,2024-12-30 22:30:00+00:00,"{'x': -0.373581, 'y': 51.46935}",SSEN-2818001160,SSEN-281800116002
281800116004,SSEN,18.0,6123.0,2024-12-30 22:30:00+00:00,"{'x': -0.373581, 'y': 51.46935}",SSEN-2818001160,SSEN-281800116004
281800116005,SSEN,42.0,14525.0,2024-12-30 22:30:00+00:00,"{'x': -0.373581, 'y': 51.46935}",SSEN-2818001160,SSEN-281800116005
281800116001,SSEN,46.0,14928.0,2024-12-30 23:00:00+00:00,"{'x': -0.373581, 'y': 51.46935}",SSEN-2818001160,SSEN-281800116001
281800116002,SSEN,19.0,10145.0,2024-12-30 23:00:00+00:00,"{'x': -0.373581, 'y': 51.46935}",SSEN-2818001160,SSEN-281800116002
281800116004,SSEN,18.0,5496.0,2024-12-30 23:00:00+00:00,"{'x': -0.373581, 'y': 51.46935}",SSEN-2818001160,SSEN-281800116004
281800116005,SSEN,42.0,17044.0,2024-12-30 23:00:00+00:00,"{'x': -0.373581, 'y': 51.46935}",SSEN-2818001160,SSEN-281800116005
281800116001,SSEN,46.0,17679.0,2024-12-30 23:30:00+00:00,"{'x': -0.373581, 'y': 51.46935}",SSEN-2818001160,SSEN-281800116001
281800116002,SSEN,19.0,12898.0,2024-12-30 23:30:00+00:00,"{'x': -0.373581, 'y': 51.46935}",SSEN-2818001160,SSEN-281800116002
281800116004,SSEN,18.0,4775.0,2024-12-30 23:30:00+00:00,"{'x': -0.373581, 'y': 51.46935}",SSEN-2818001160,SSEN-281800116004
281800116005,SSEN,42.0,17387.0,2024-12-30 23:30:00+00:00,"{'x': -0.373581, 'y': 51.46935}",SSEN-2818001160,SSEN-281800116005
281800116001,SSEN,46.0,14334.0,2024-12-31 00:00:00+00:00,"{'x': -0.373581, 'y': 51.46935}",SSEN-2818001160,SSEN-281800116001
281800116002,SSEN,19.0,12879.0,2024-12-31 00:00:00+00:00,"{'x': -0.373581, 'y': 51.46935}",SSEN-2818001160,SSEN-281800116002
281800116004,SSEN,18.0,4512.0,2024-12-31 00:00:00+00:00,"{'x': -0.373581, 'y': 51.46935}",SSEN-2818001160,SSEN-281800116004
281800116005,SSEN,42.0,14999.0,2024-12-31 00:00:00+00:00,"{'x': -0.373581, 'y': 51.46935}",SSEN-2818001160,SSEN-281800116005
281800116001,SSEN,45.0,13885.0,2024-12-31 00:30:00+00:00,"{'x': -0.373581, 'y': 51.46935}",SSEN-2818001160,SSEN-281800116001
281800116002,SSEN,19.0,12824.0,2024-12-31 00:30:00+00:00,"{'x': -0.373581, 'y': 51.46935}",SSEN-2818001160,SSEN-281800116002
281800116004,SSEN,18.0,4574.0,2024-12-31 00:30:00+00:00,"{'x': -0.373581, 'y': 51.46935}",SSEN-2818001160,SSEN-281800116004
281800116005,SSEN,43.0,14135.0,2024-12-31 00:30:00+00:00,"{'x': -0.373581, 'y': 51.46935}",SSEN-2818001160,SSEN-281800116005
281800116001,SSEN,45.0,14289.0,2024-12-31 01:00:00+00:00,"{'x': -0.373581, 'y': 51.46935}",SSEN-2818001160,SSEN-281800116001
281800116002,SSEN,19.0,11754.0,2024-12-31 01:00:00+00:00,"{'x': -0.373581, 'y': 51.46935}",SSEN-2818001160,SSEN-281800116002
281800116004,SSEN,18.0,3926.0,2024-12-31 01:00:00+00:00,"{'x': -0.373581, 'y': 51.46935}",SSEN-2818001160,SSEN-281800116004
281800116005,SSEN,43.0,13051.0,2024-12-31 01:00:00+00:00,"{'x': -0.373581, 'y': 51.46935}",SSEN-2818001160,SSEN-281800116005
281800116001,SSEN,45.0,12419.0,2024-12-31 01:30:00+00:00,"{'x': -0.373581, 'y': 51.46935}",SSEN-2818001160,SSEN-281800116001
281800116002,SSEN,19.0,12698.0,2024-12-31 01:30:00+00:00,"{'x': -0.373581, 'y': 51.46935}",SSEN-2818001160,SSEN-281800116002
281800116004,SSEN,18.0,3943.0,2024-12-31 01:30:00+00:00,"{'x': -0.373581, 'y': 51.46935}",SSEN-2818001160,SSEN-281800116004
281800116005,SSEN,43.0,14958.0,2024-12-31 01:30:00+00:00,"{'x': -0.373581, 'y': 51.46935}",SSEN-2818001160,SSEN-281800116005
281800116001,SSEN,45.0,11158.0,2024-12-31 02:00:00+00:00,"{'x': -0.373581, 'y': 51.46935}",SSEN-2818001160,SSEN-281800116001
281800116002,SSEN,19.0,11413.0,2024-12-31 02:00:00+00:00,"{'x': -0.373581, 'y': 51.46935}",SSEN-2818001160,SSEN-281800116002
281800116004,SSEN,18.0,3754.0,2024-12-31 02:00:00+00:00,"{'x': -0.373581, 'y': 51.46935}",SSEN-2818001160,SSEN-281800116004
281800116005,SSEN,43.0,13760.0,2024-12-31 02:00:00+00:00,"{'x': -0.373581, 'y': 51.46935}",SSEN-2818001160,SSEN-281800116005
281800116001,SSEN,45.0,10909.0,2024-12-31 02:30:00+00:00,"{'x': -0.373581, 'y': 51.46935}",SSEN-2818001160,SSEN-281800116001
281800116002,SSEN,19.0,11072.0,2024-12-31 02:30:00+00:00,"{'x': -0.373581, 'y': 51.46935}",SSEN-2818001160,SSEN-281800116002
281800116004,SSEN,18.0,3697.0,2024-12-31 02:30:00+00:00,"{'x': -0.373581, 'y': 51.46935}",SSEN-2818001160,SSEN-281800116004
281800116005,SSEN,43.0,11231.0,2024-12-31 02:30:00+00:00,"{'x': -0.373581, 'y': 51.46935}",SSEN-2818001160,SSEN-281800116005
281800116001,SSEN,45.0,10671.0,2024-12-31 03:00:00+00:00,"{'x': -0.373581, 'y': 51.46935}",SSEN-2818001160,SSEN-281800116001
281800116002,SSEN,19.0,10225.0,2024-12-31 03:00:00+00:00,"{'x': -0.373581, 'y': 51.46935}",SSEN-2818001160,SSEN-281800116002
281800116004,SSEN,18.0,3757.0,2024-12-31 03:00:00+00:00,"{'x': -0.373581, 'y': 51.46935}",SSEN-2818001160,SSEN-281800116004
281800116005,SSEN,43.0,9831.0,2024-12-31 03:00:00+00:00,"{'x': -0.373581, 'y': 51.46935}",SSEN-2818001160,SSEN-281800116005
281800116001,SSEN,45.0,10256.0,2024-12-31 03:30:00+00:00,"{'x': -0.373581, 'y': 51.46935}",SSEN-2818001160,SSEN-281800116001
281800116002,SSEN,19.0,7429.0,2024-12-31 03:30:00+00:00,"{'x': -0.373581, 'y': 51.46935}",SSEN-2818001160,SSEN-281800116002
281800116004,SSEN,18.0,3918.0,2024-12-31 03:30:00+00:00,"{'x': -0.373581, 'y': 51.46935}",SSEN-2818001160,SSEN-281800116004
281800116005,SSEN,43.0,9425.0,2024-12-31 03:30:00+00:00,"{'x': -0.373581, 'y': 51.46935}",SSEN-2818001160,SSEN-281800116005
281800116001,SSEN,45.0,11017.0,2024-12-31 04:00:00+00:00,"{'x': -0.373581, 'y': 51.46935}",SSEN-2818001160,SSEN-281800116001
281800116002,SSEN,19.0,6794.0,2024-12-31 04:00:00+00:00,"{'x': -0.373581, 'y': 51.46935}",SSEN-2818001160,SSEN-281800116002
281800116004,SSEN,18.0,3810.0,2024-12-31 04:00:00+00:00,"{'x': -0.373581, 'y': 51.46935}",SSEN-2818001160,SSEN-281800116004
281800116005,SSEN,43.0,8708.0,2024-12-31 04:00:00+00:00,"{'x': -0.373581, 'y': 51.46935}",SSEN-2818001160,SSEN-281800116005
281800116001,SSEN,45.0,9947.0,2024-12-31 04:30:00+00:00,"{'x': -0.373581, 'y': 51.46935}",SSEN-2818001160,SSEN-281800116001
281800116002,SSEN,19.0,6880.0,2024-12-31 04:30:00+00:00,"{'x': -0.373581, 'y': 51.46935}",SSEN-2818001160,SSEN-281800116002
281800116004,SSEN,18.0,3786.0,2024-12-31 04:30:00+00:00,"{'x': -0.373581, 'y': 51.46935}",SSEN-2818001160,SSEN-281800116004
281800116005,SSEN,43.0,9242.0,2024-12-31 04:30:00+00:00,"{'x': -0.373581, 'y': 51.46935}",SSEN-2818001160,SSEN-281800116005
281800116001,SSEN,45.0,8417.0,2024-12-31 05:00:00+00:00,"{'x': -0.373581, 'y': 51.46935}",SSEN-2818001160,SSEN-281800116001
281800116002,SSEN,19.0,6033.0,2024-12-31 05:00:00+00:00,"{'x': -0.373581, 'y': 51.46935}",SSEN-2818001160,SSEN-281800116002
281800116004,SSEN,18.0,3838.0,2024-12-31 05:00:00+00:00,"{'x': -0.373581, 'y': 51.46935}",SSEN-2818001160,SSEN-281800116004
281800116005,SSEN,43.0,9338.0,2024-12-31 05:00:00+00:00,"{'x': -0.373581, 'y': 51.46935}",SSEN-2818001160,SSEN-281800116005
281800116001,SSEN,45.0,7857.0,2024-12-31 05:30:00+00:00,"{'x': -0.373581, 'y': 51.46935}",SSEN-2818001160,SSEN-281800116001
281800116002,SSEN,19.0,6383.0,2024-12-31 05:30:00+00:00,"{'x': -0.373581, 'y': 51.46935}",SSEN-2818001160,SSEN-281800116002
281800116004,SSEN,18.0,4471.0,2024-12-31 05:30:00+00:00,"{'x': -0.373581, 'y': 51.46935}",SSEN-2818001160,SSEN-281800116004
281800116005,SSEN,43.0,10812.0,2024-12-31 05:30:00+00:00,"{'x': -0.373581, 'y': 51.46935}",SSEN-2818001160,SSEN-281800116005
281800116001,SSEN,45.0,7170.0,2024-12-31 06:00:00+00:00,"{'x': -0.373581, 'y': 51.46935}",SSEN-2818001160,SSEN-281800116001
281800116002,SSEN,19.0,7084.0,2024-12-31 06:00:00+00:00,"{'x': -0.373581, 'y': 51.46935}",SSEN-2818001160,SSEN-281800116002
281800116004,SSEN,18.0,4335.0,2024-12-31 06:00:00+00:00,"{'x': -0.373581, 'y': 51.46935}",SSEN-2818001160,SSEN-281800116004
281800116005,SSEN,43.0,7452.0,2024-12-31 06:00:00+00:00,"{'x': -0.373581, 'y': 51.46935}",SSEN-2818001160,SSEN-281800116005
281800116001,SSEN,45.0,7886.0,2024-12-31 06:30:00+00:00,"{'x': -0.373581, 'y': 51.46935}",SSEN-2818001160,SSEN-281800116001
281800116002,SSEN,19.0,7017.0,2024-12-31 06:30:00+00:00,"{'x': -0.373581, 'y': 51.46935}",SSEN-2818001160,SSEN-281800116002
281800116004,SSEN,18.0,3800.0,2024-12-31 06:30:00+00:00,"{'x': -0.373581, 'y': 51.46935}",SSEN-2818001160,SSEN-281800116004
281800116005,SSEN,43.0,7861.0,2024-12-31 06:30:00+00:00,"{'x': -0.373581, 'y': 51.46935}",SSEN-2818001160,SSEN-281800116005
281800116001,SSEN,45.0,7697.0,2024-12-31 07:00:00+00:00,"{'x': -0.373581, 'y': 51.46935}",SSEN-2818001160,SSEN-281800116001
281800116002,SSEN,19.0,9220.0,2024-12-31 07:00:00+00:00,"{'x': -0.373581, 'y': 51.46935}",SSEN-2818001160,SSEN-281800116002
281800116004,SSEN,18.0,3257.0,2024-12-31 07:00:00+00:00,"{'x': -0.373581, 'y': 51.46935}",SSEN-2818001160,SSEN-281800116004
281800116005,SSEN,43.0,9901.0,2024-12-31 07:00:00+00:00,"{'x': -0.373581, 'y': 51.46935}",SSEN-2818001160,SSEN-281800116005
281800116001,SSEN,45.0,8935.0,2024-12-31 07:30:00+00:00,"{'x': -0.373581, 'y': 51.46935}",SSEN-2818001160,SSEN-281800116001
281800116002,SSEN,19.0,7678.0,2024-12-31 07:30:00+00:00,"{'x': -0.373581, 'y': 51.46935}",SSEN-2818001160,SSEN-281800116002
281800116004,SSEN,18.0,3193.0,2024-12-31 07:30:00+00:00,"{'x': -0.373581, 'y': 51.46935}",SSEN-2818001160,SSEN-281800116004
281800116005,SSEN,43.0,13275.0,2024-12-31 07:30:00+00:00,"{'x': -0.373581, 'y': 51.46935}",SSEN-2818001160,SSEN-281800116005
281800116001,SSEN,45.0,8576.0,2024-12-31 08:00:00+00:00,"{'x': -0.373581, 'y': 51.46935}",SSEN-2818001160,SSEN-281800116001
281800116002,SSEN,19.0,7391.0,2024-12-31 08:00:00+00:00,"{'x': -0.373581, 'y': 51.46935}",SSEN-2818001160,SSEN-281800116002
281800116004,SSEN,18.0,3365.0,2024-12-31 08:00:00+00:00,"{'x': -0.373581, 'y': 51.46935}",SSEN-2818001160,SSEN-281800116004
281800116005,SSEN,43.0,13754.0,2024-12-31 08:00:00+00:00,"{'x': -0.373581, 'y': 51.46935}",SSEN-2818001160,SSEN-281800116005
281800116001,SSEN,45.0,11310.0,2024-12-31 08:30:00+00:00,"{'x': -0.373581, 'y': 51.46935}",SSEN-2818001160,SSEN-281800116001
281800116002,SSEN,19.0,8495.0,2024-12-31 08:30:00+00:00,"{'x': -0.373581, 'y': 51.46935}",SSEN-2818001160,SSEN-281800116002
281800116004,SSEN,18.0,3099.0,2024-12-31 08:30:00+00:00,"{'x': -0.373581, 'y': 51.46935}",SSEN-2818001160,SSEN-281800116004
281800116005,SSEN,43.0,12465.0,2024-12-31 08:30:00+00:00,"{'x': -0.373581, 'y': 51.46935}",SSEN-2818001160,SSEN-281800116005
281800116001,SSEN,45.0,12884.0,2024-12-31 09:00:00+00:00,"{'x': -0.373581, 'y': 51.46935}",SSEN-2818001160,SSEN-281800116001
281800116002,SSEN,19.0,7647.0,2024-12-31 09:00:00+00:00,"{'x': -0.373581, 'y': 51.46935}",SSEN-2818001160,SSEN-281800116002
281800116004,SSEN,18.0,3618.0,2024-12-31 09:00:00+00:00,"{'x': -0.373581, 'y': 51.46935}",SSEN-2818001160,SSEN-281800116004
281800116005,SSEN,43.0,11853.0,2024-12-31 09:00:00+00:00,"{'x': -0.373581, 'y': 51.46935}",SSEN-2818001160,SSEN-281800116005
281800116001,SSEN,45.0,10192.0,2024-12-31 09:30:00+00:00,"{'x': -0.373581, 'y': 51.46935}",SSEN-2818001160,SSEN-281800116001
281800116002,SSEN,19.0,5232.0,2024-12-31 09:30:00+00:00,"{'x': -0.373581, 'y': 51.46935}",SSEN-2818001160,SSEN-281800116002
281800116004,SSEN,18.0,5181.0,2024-12-31 09:30:00+00:00,"{'x': -0.373581, 'y': 51.46935}",SSEN-2818001160,SSEN-281800116004
281800116005,SSEN,43.0,11453.0,2024-12-31 09:30:00+00:00,"{'x': -0.373581, 'y': 51.46935}",SSEN-2818001160,SSEN-281800116005
281800116001,SSEN,45.0,13031.0,2024-12-31 10:00:00+00:00,"{'x': -0.373581, 'y': 51.46935}",SSEN-2818001160,SSEN-281800116001
281800116002,SSEN,19.0,4261.0,2024-12-31 10:00:00+00:00,"{'x': -0.373581, 'y': 51.46935}",SSEN-2818001160,SSEN-281800116002
281800116004,SSEN,18.0,3886.0,2024-12-31 10:00:00+00:00,"{'x': -0.373581, 'y': 51.46935}",SSEN-2818001160,SSEN-281800116004
281800116005,SSEN,43.0,16288.0,2024-12-31 10:00:00+00:00,"{'x': -0.373581, 'y': 51.46935}",SSEN-2818001160,SSEN-281800116005
281800116001,SSEN,45.0,12660.0,2024-12-31 10:30:00+00:00,"{'x': -0.373581, 'y': 51.46935}",SSEN-2818001160,SSEN-281800116001
281800116002,SSEN,19.0,4508.0,2024-12-31 10:30:00+00:00,"{'x': -0.373581, 'y': 51.46935}",SSEN-2818001160,SSEN-281800116002
281800116004,SSEN,18.0,4949.0,2024-12-31 10:30:00+00:00,"{'x': -0.373581, 'y': 51.46935}",SSEN-2818001160,SSEN-281800116004
281800116005,SSEN,43.0,13495.0,2024-12-31 10:30:00+00:00,"{'x': -0.373581, 'y': 51.46935}",SSEN-2818001160,SSEN-281800116005
281800116001,SSEN,45.0,10509.0,2024-12-31 11:00:00+00:00,"{'x': -0.373581, 'y': 51.46935}",SSEN-2818001160,SSEN-281800116001
281800116002,SSEN,19.0,5621.0,2024-12-31 11:00:00+00:00,"{'x': -0.373581, 'y': 51.46935}",SSEN-2818001160,SSEN-281800116002
281800116004,SSEN,18.0,4622.0,2024-12-31 11:00:00+00:00,"{'x': -0.373581, 'y': 51.46935}",SSEN-2818001160,SSEN-281800116004
281800116005,SSEN,43.0,15209.0,2024-12-31 11:00:00+00:00,"{'x': -0.373581, 'y': 51.46935}",SSEN-2818001160,SSEN-281800116005
281800116001,SSEN,45.0,11318.0,2024-12-31 11:30:00+00:00,"{'x': -0.373581, 'y': 51.46935}",SSEN-2818001160,SSEN-281800116001
281800116002,SSEN,19.0,5552.0,2024-12-31 11:30:00+00:00,"{'x': -0.373581, 'y': 51.46935}",SSEN-2818001160,SSEN-281800116002
281800116004,SSEN,18.0,4482.0,2024-12-31 11:30:00+00:00,"{'x': -0.373581, 'y': 51.46935}",SSEN-2818001160,SSEN-281800116004
281800116005,SSEN,43.0,15165.0,2024-12-31 11:30:00+00:00,"{'x': -0.373581, 'y': 51.46935}",SSEN-2818001160,SSEN-281800116005
281800116001,SSEN,45.0,12952.0,2024-12-31 12:00:00+00:00,"{'x': -0.373581, 'y': 51.46935}",SSEN-2818001160,SSEN-281800116001
281800116002,SSEN,19.0,5259.0,2024-12-31 12:00:00+00:00,"{'x': -0.373581, 'y': 51.46935}",SSEN-2818001160,SSEN-281800116002
281800116004,SSEN,18.0,4846.0,2024-12-31 12:00:00+00:00,"{'x': -0.373581, 'y': 51.46935}",SSEN-2818001160,SSEN-281800116004
281800116005,SSEN,43.0,13039.0,2024-12-31 12:00:00+00:00,"{'x': -0.373581, 'y': 51.46935}",SSEN-2818001160,SSEN-281800116005
281800116001,SSEN,45.0,12509.0,2024-12-31 12:30:00+00:00,"{'x': -0.373581, 'y': 51.46935}",SSEN-2818001160,SSEN-281800116001
281800116002,SSEN,19.0,5618.0,2024-12-31 12:30:00+00:00,"{'x': -0.373581, 'y': 51.46935}",SSEN-2818001160,SSEN-281800116002
281800116004,SSEN,18.0,4199.0,2024-12-31 12:30:00+00:00,"{'x': -0.373581, 'y': 51.46935}",SSEN-2818001160,SSEN-281800116004
281800116005,SSEN,43.0,14553.0,2024-12-31 12:30:00+00:00,"{'x': -0.373581, 'y': 51.46935}",SSEN-2818001160,SSEN-281800116005
281800116001,SSEN,45.0,12152.0,2024-12-31 13:00:00+00:00,"{'x': -0.373581, 'y': 51.46935}",SSEN-2818001160,SSEN-281800116001
281800116002,SSEN,19.0,8081.0,2024-12-31 13:00:00+00:00,"{'x': -0.373581, 'y': 51.46935}",SSEN-2818001160,SSEN-281800116002
281800116004,SSEN,18.0,4029.0,2024-12-31 13:00:00+00:00,"{'x': -0.373581, 'y': 51.46935}",SSEN-2818001160,SSEN-281800116004
281800116005,SSEN,43.0,17520.0,2024-12-31 13:00:00+00:00,"{'x': -0.373581, 'y': 51.46935}",SSEN-2818001160,SSEN-281800116005
281800116001,SSEN,45.0,11453.0,2024-12-31 13:30:00+00:00,"{'x': -0.373581, 'y': 51.46935}",SSEN-2818001160,SSEN-281800116001
281800116002,SSEN,19.0,6686.0,2024-12-31 13:30:00+00:00,"{'x': -0.373581, 'y': 51.46935}",SSEN-2818001160,SSEN-281800116002
281800116004,SSEN,18.0,6491.0,2024-12-31 13:30:00+00:00,"{'x': -0.373581, 'y': 51.46935}",SSEN-2818001160,SSEN-281800116004
281800116005,SSEN,43.0,17791.0,2024-12-31 13:30:00+00:00,"{'x': -0.373581, 'y': 51.46935}",SSEN-2818001160,SSEN-281800116005
281800116001,SSEN,45.0,11341.0,2024-12-31 14:00:00+00:00,"{'x': -0.373581, 'y': 51.46935}",SSEN-2818001160,SSEN-281800116001
281800116002,SSEN,19.0,5847.0,2024-12-31 14:00:00+00:00,"{'x': -0.373581, 'y': 51.46935}",SSEN-2818001160,SSEN-281800116002
281800116004,SSEN,18.0,7456.0,2024-12-31 14:00:00+00:00,"{'x': -0.373581, 'y': 51.46935}",SSEN-2818001160,SSEN-281800116004
281800116005,SSEN,43.0,18163.0,2024-12-31 14:00:00+00:00,"{'x': -0.373581, 'y': 51.46935}",SSEN-2818001160,SSEN-281800116005
281800116001,SSEN,45.0,16235.0,2024-12-31 14:30:00+00:00,"{'x': -0.373581, 'y': 51.46935}",SSEN-2818001160,SSEN-281800116001
281800116002,SSEN,19.0,7604.0,2024-12-31 14:30:00+00:00,"{'x': -0.373581, 'y': 51.46935}",SSEN-2818001160,SSEN-281800116002
281800116004,SSEN,18.0,4317.0,2024-12-31 14:30:00+00:00,"{'x': -0.373581, 'y': 51.46935}",SSEN-2818001160,SSEN-281800116004
281800116005,SSEN,43.0,13941.0,2024-12-31 14:30:00+00:00,"{'x': -0.373581, 'y': 51.46935}",SSEN-2818001160,SSEN-281800116005
281800116001,SSEN,45.0,15495.0,2024-12-31 15:00:00+00:00,"{'x': -0.373581, 'y': 51.46935}",SSEN-2818001160,SSEN-281800116001
281800116002,SSEN,19.0,6547.0,2024-12-31 15:00:00+00:00,"{'x': -0.373581, 'y': 51.46935}",SSEN-2818001160,SSEN-281800116002
281800116004,SSEN,18.0,3926.0,2024-12-31 15:00:00+00:00,"{'x': -0.373581, 'y': 51.46935}",SSEN-2818001160,SSEN-281800116004
281800116005,SSEN,43.0,13674.0,2024-12-31 15:00:00+00:00,"{'x': -0.373581, 'y': 51.46935}",SSEN-2818001160,SSEN-281800116005
281800116001,SSEN,45.0,12318.0,2024-12-31 15:30:00+00:00,"{'x': -0.373581, 'y': 51.46935}",SSEN-2818001160,SSEN-281800116001
281800116002,SSEN,19.0,8583.0,2024-12-31 15:30:00+00:00,"{'x': -0.373581, 'y': 51.46935}",SSEN-2818001160,SSEN-281800116002
281800116004,SSEN,18.0,4381.0,2024-12-31 15:30:00+00:00,"{'x': -0.373581, 'y': 51.46935}",SSEN-2818001160,SSEN-281800116004
281800116005,SSEN,43.0,17833.0,2024-12-31 15:30:00+00:00,"{'x': -0.373581, 'y': 51.46935}",SSEN-2818001160,SSEN-281800116005
281800116001,SSEN,45.0,12371.0,2024-12-31 16:00:00+00:00,"{'x': -0.373581, 'y': 51.46935}",SSEN-2818001160,SSEN-281800116001
281800116002,SSEN,19.0,8929.0,2024-12-31 16:00:00+00:00,"{'x': -0.373581, 'y': 51.46935}",SSEN-2818001160,SSEN-281800116002
281800116004,SSEN,18.0,4487.0,2024-12-31 16:00:00+00:00,"{'x': -0.373581, 'y': 51.46935}",SSEN-2818001160,SSEN-281800116004
281800116005,SSEN,43.0,14849.0,2024-12-31 16:00:00+00:00,"{'x': -0.373581, 'y': 51.46935}",SSEN-2818001160,SSEN-281800116005
281800116001,SSEN,45.0,15371.0,2024-12-31 16:30:00+00:00,"{'x': -0.373581, 'y': 51.46935}",SSEN-2818001160,SSEN-281800116001
281800116002,SSEN,19.0,7985.0,2024-12-31 16:30:00+00:00,"{'x': -0.373581, 'y': 51.46935}",SSEN-2818001160,SSEN-281800116002
281800116004,SSEN,18.0,4188.0,2024-12-31 16:30:00+00:00,"{'x': -0.373581, 'y': 51.46935}",SSEN-2818001160,SSEN-281800116004
281800116005,SSEN,43.0,16082.0,2024-12-31 16:30:00+00:00,"{'x': -0.373581, 'y': 51.46935}",SSEN-2818001160,SSEN-281800116005
281800116001,SSEN,45.0,17830.0,2024-12-31 17:00:00+00:00,"{'x': -0.373581, 'y': 51.46935}",SSEN-2818001160,SSEN-281800116001
281800116002,SSEN,19.0,9167.0,2024-12-31 17:00:00+00:00,"{'x': -0.373581, 'y': 51.46935}",SSEN-2818001160,SSEN-281800116002
281800116004,SSEN,18.0,4015.0,2024-12-31 17:00:00+00:00,"{'x': -0.373581, 'y': 51.46935}",SSEN-2818001160,SSEN-281800116004
281800116005,SSEN,43.0,16383.0,2024-12-31 17:00:00+00:00,"{'x': -0.373581, 'y': 51.46935}",SSEN-2818001160,SSEN-281800116005
281800116001,SSEN,45.0,16979.0,2024-12-31 17:30:00+00:00,"{'x': -0.373581, 'y': 51.46935}",SSEN-2818001160,SSEN-281800116001
281800116002,SSEN,19.0,11054.0,2024-12-31 17:30:00+00:00,"{'x': -0.373581, 'y': 51.46935}",SSEN-2818001160,SSEN-281800116002
281800116004,SSEN,18.0,4676.0,2024-12-31 17:30:00+00:00,"{'x': -0.373581, 'y': 51.46935}",SSEN-2818001160,SSEN-281800116004
281800116005,SSEN,43.0,21999.0,2024-12-31 17:30:00+00:00,"{'x': -0.373581, 'y': 51.46935}",SSEN-2818001160,SSEN-281800116005
281800116001,SSEN,45.0,17407.0,2024-12-31 18:00:00+00:00,"{'x': -0.373581, 'y': 51.46935}",SSEN-2818001160,SSEN-281800116001
281800116002,SSEN,19.0,11039.0,2024-12-31 18:00:00+00:00,"{'x': -0.373581, 'y': 51.46935}",SSEN-2818001160,SSEN-281800116002
281800116004,SSEN,18.0,6204.0,2024-12-31 18:00:00+00:00,"{'x': -0.373581, 'y': 51.46935}",SSEN-2818001160,SSEN-281800116004
281800116005,SSEN,43.0,23148.0,2024-12-31 18:00:00+00:00,"{'x': -0.373581, 'y': 51.46935}",SSEN-2818001160,SSEN-281800116005
281800116001,SSEN,45.0,16734.0,2024-12-31 18:30:00+00:00,"{'x': -0.373581, 'y': 51.46935}",SSEN-2818001160,SSEN-281800116001
281800116002,SSEN,19.0,9204.0,2024-12-31 18:30:00+00:00,"{'x': -0.373581, 'y': 51.46935}",SSEN-2818001160,SSEN-281800116002
281800116004,SSEN,18.0,6583.0,2024-12-31 18:30:00+00:00,"{'x': -0.373581, 'y': 51.46935}",SSEN-2818001160,SSEN-281800116004
281800116005,SSEN,43.0,21325.0,2024-12-31 18:30:00+00:00,"{'x': -0.373581, 'y': 51.46935}",SSEN-2818001160,SSEN-281800116005
281800116001,SSEN,45.0,16130.0,2024-12-31 19:00:00+00:00,"{'x': -0.373581, 'y': 51.46935}",SSEN-2818001160,SSEN-281800116001
281800116002,SSEN,19.0,7607.0,2024-12-31 19:00:00+00:00,"{'x': -0.373581, 'y': 51.46935}",SSEN-2818001160,SSEN-281800116002
281800116004,SSEN,18.0,4946.0,2024-12-31 19:00:00+00:00,"{'x': -0.373581, 'y': 51.46935}",SSEN-2818001160,SSEN-281800116004
281800116005,SSEN,43.0,25580.0,2024-12-31 19:00:00+00:00,"{'x': -0.373581, 'y': 51.46935}",SSEN-2818001160,SSEN-281800116005
281800116001,SSEN,45.0,18439.0,2024-12-31 19:30:00+00:00,"{'x': -0.373581, 'y': 51.46935}",SSEN-2818001160,SSEN-281800116001
281800116002,SSEN,19.0,7148.0,2024-12-31 19:30:00+00:00,"{'x': -0.373581, 'y': 51.46935}",SSEN-2818001160,SSEN-281800116002
281800116004,SSEN,18.0,5198.0,2024-12-31 19:30:00+00:00,"{'x': -0.373581, 'y': 51.46935}",SSEN-2818001160,SSEN-281800116004
281800116005,SSEN,43.0,25549.0,2024-12-31 19:30:00+00:00,"{'x': -0.373581, 'y': 51.46935}",SSEN-2818001160,SSEN-281800116005
281800116001,SSEN,45.0,20440.0,2024-12-31 20:00:00+00:00,"{'x': -0.373581, 'y': 51.46935}",SSEN-2818001160,SSEN-281800116001
281800116002,SSEN,19.0,7501.0,2024-12-31 20:00:00+00:00,"{'x': -0.373581, 'y': 51.46935}",SSEN-2818001160,SSEN-281800116002
281800116004,SSEN,18.0,7147.0,2024-12-31 20:00:00+00:00,"{'x': -0.373581, 'y': 51.46935}",SSEN-2818001160,SSEN-281800116004
281800116005,SSEN,43.0,21696.0,2024-12-31 20:00:00+00:00,"{'x': -0.373581, 'y': 51.46935}",SSEN-2818001160,SSEN-281800116005
281800116001,SSEN,45.0,21139.0,2024-12-31 20:30:00+00:00,"{'x': -0.373581, 'y': 51.46935}",SSEN-2818001160,SSEN-281800116001
281800116002,SSEN,19.0,8322.0,2024-12-31 20:30:00+00:00,"{'x': -0.373581, 'y': 51.46935}",SSEN-2818001160,SSEN-281800116002
281800116004,SSEN,18.0,5630.0,2024-12-31 20:30:00+00:00,"{'x': -0.373581, 'y': 51.46935}",SSEN-2818001160,SSEN-281800116004
281800116005,SSEN,43.0,17041.0,2024-12-31 20:30:00+00:00,"{'x': -0.373581, 'y': 51.46935}",SSEN-2818001160,SSEN-281800116005
281800116001,SSEN,45.0,19822.0,2024-12-31 21:00:00+00:00,"{'x': -0.373581, 'y': 51.46935}",SSEN-2818001160,SSEN-281800116001
281800116002,SSEN,19.0,6058.0,2024-12-31 21:00:00+00:00,"{'x': -0.373581, 'y': 51.46935}",SSEN-2818001160,SSEN-281800116002
281800116004,SSEN,18.0,5130.0,2024-12-31 21:00:00+00:00,"{'x': -0.373581, 'y': 51.46935}",SSEN-2818001160,SSEN-281800116004
281800116005,SSEN,43.0,19173.0,2024-12-31 21:00:00+00:00,"{'x': -0.373581, 'y': 51.46935}",SSEN-2818001160,SSEN-281800116005
281800116001,SSEN,45.0,15337.0,2024-12-31 21:30:00+00:00,"{'x': -0.373581, 'y': 51.46935}",SSEN-2818001160,SSEN-281800116001
281800116002,SSEN,19.0,8900.0,2024-12-31 21:30:00+00:00,"{'x': -0.373581, 'y': 51.46935}",SSEN-2818001160,SSEN-281800116002
281800116004,SSEN,18.0,5571.0,2024-12-31 21:30:00+00:00,"{'x': -0.373581, 'y': 51.46935}",SSEN-2818001160,SSEN-281800116004
281800116005,SSEN,43.0,17319.0,2024-12-31 21:30:00+00:00,"{'x': -0.373581, 'y': 51.46935}",SSEN-2818001160,SSEN-281800116005
281800116001,SSEN,45.0,14353.0,2024-12-31 22:00:00+00:00,"{'x': -0.373581, 'y': 51.46935}",SSEN-2818001160,SSEN-281800116001
281800116002,SSEN,19.0,9379.0,2024-12-31 22:00:00+00:00,"{'x': -0.373581, 'y': 51.46935}",SSEN-2818001160,SSEN-281800116002
281800116004,SSEN,18.0,4917.0,2024-12-31 22:00:00+00:00,"{'x': -0.373581, 'y': 51.46935}",SSEN-2818001160,SSEN-281800116004
281800116005,SSEN,43.0,16564.0,2024-12-31 22:00:00+00:00,"{'x': -0.373581, 'y': 51.46935}",SSEN-2818001160,SSEN-281800116005
281800116001,SSEN,45.0,16067.0,2024-12-31 22:30:00+00:00,"{'x': -0.373581, 'y': 51.46935}",SSEN-2818001160,SSEN-281800116001
281800116002,SSEN,19.0,8128.0,2024-12-31 22:30:00+00:00,"{'x': -0.373581, 'y': 51.46935}",SSEN-2818001160,SSEN-281800116002
281800116004,SSEN,18.0,5174.0,2024-12-31 22:30:00+00:00,"{'x': -0.373581, 'y': 51.46935}",SSEN-2818001160,SSEN-281800116004
281800116005,SSEN,43.0,17412.0,2024-12-31 22:30:00+00:00,"{'x': -0.373581, 'y': 51.46935}",SSEN-2818001160,SSEN-281800116005
281800116001,SSEN,45.0,13304.0,2024-12-31 23:00:00+00:00,"{'x': -0.373581, 'y': 51.46935}",SSEN-2818001160,SSEN-281800116001
281800116002,SSEN,19.0,8039.0,2024-12-31 23:00:00+00:00,"{'x': -0.373581, 'y': 51.46935}",SSEN-2818001160,SSEN-281800116002
281800116004,SSEN,18.0,5206.0,2024-12-31 23:00:00+00:00,"{'x': -0.373581, 'y': 51.46935}",SSEN-2818001160,SSEN-281800116004
281800116005,SSEN,43.0,23180.0,2024-12-31 23:00:00+00:00,"{'x': -0.373581, 'y': 51.46935}",SSEN-2818001160,SSEN-281800116005
281800116001,SSEN,45.0,15387.0,2024-12-31 23:30:00+00:00,"{'x': -0.373581, 'y': 51.46935}",SSEN-2818001160,SSEN-281800116001
281800116002,SSEN,19.0,6788.0,2024-12-31 23:30:00+00:00,"{'x': -0.373581, 'y': 51.46935}",SSEN-2818001160,SSEN-281800116002
281800116004,SSEN,18.0,6085.0,2024-12-31 23:30:00+00:00,"{'x': -0.373581, 'y': 51.46935}",SSEN-2818001160,SSEN-281800116004
281800116005,SSEN,43.0,19942.0,2024-12-31 23:30:00+00:00,"{'x': -0.373581, 'y': 51.46935}",SSEN-2818001160,SSEN-281800116005
