dataset_id,dno_alias,aggregated_device_count_active,total_consumption_active_import,data_collection_log_timestamp,geometry,secondary_substation_unique_id,lv_feeder_unique_id
251201415001,SSEN,38.0,7063.0,2024-12-01 00:30:00+00:00,"{'x': -0.292495, 'y': 51.487429}",SSEN-2512014150,SSEN-251201415001
251201415001,SSEN,38.0,6007.0,2024-12-01 01:00:00+00:00,"{'x': -0.292495, 'y': 51.487429}",SSEN-2512014150,SSEN-251201415001
251201415001,SSEN,38.0,5409.0,2024-12-01 01:30:00+00:00,"{'x': -0.292495, 'y': 51.487429}",SSEN-2512014150,SSEN-251201415001
251201415001,SSEN,38.0,4922.0,2024-12-01 02:00:00+00:00,"{'x': -0.292495, 'y': 51.487429}",SSEN-2512014150,SSEN-251201415001
251201415001,SSEN,38.0,5108.0,2024-12-01 02:30:00+00:00,"{'x': -0.292495, 'y': 51.487429}",SSEN-2512014150,SSEN-251201415001
251201415001,SSEN,38.0,4896.0,2024-12-01 03:00:00+00:00,"{'x': -0.292495, 'y': 51.487429}",SSEN-2512014150,SSEN-251201415001
251201415001,SSEN,38.0,4796.0,2024-12-01 03:30:00+00:00,"{'x': -0.292495, 'y': 51.487429}",SSEN-2512014150,SSEN-251201415001
251201415001,SSEN,38.0,4857.0,2024-12-01 04:00:00+00:00,"{'x': -0.292495, 'y': 51.487429}",SSEN-2512014150,SSEN-251201415001
251201415001,SSEN,38.0,4804.0,2024-12-01 04:30:00+00:00,"{'x': -0.292495, 'y': 51.487429}",SSEN-2512014150,SSEN-251201415001
251201415001,SSEN,38.0,4735.0,2024-12-01 05:00:00+00:00,"{'x': -0.292495, 'y': 51.487429}",SSEN-2512014150,SSEN-251201415001
251201415001,SSEN,38.0,4783.0,2024-12-01 05:30:00+00:00,"{'x': -0.292495, 'y': 51.487429}",SSEN-2512014150,SSEN-251201415001
251201415001,SSEN,38.0,5356.0,2024-12-01 06:00:00+00:00,"{'x': -0.292495, 'y': 51.487429}",SSEN-2512014150,SSEN-251201415001
251201415001,SSEN,38.0,5136.0,2024-12-01 06:30:00+00:00,"{'x': -0.292495, 'y': 51.487429}",SSEN-2512014150,SSEN-251201415001
251201415001,SSEN,38.0,5798.0,2024-12-01 07:00:00+00:00,"{'x': -0.292495, 'y': 51.487429}",SSEN-2512014150,SSEN-251201415001
251201415001,SSEN,38.0,6705.0,2024-12-01 07:30:00+00:00,"{'x': -0.292495, 'y': 51.487429}",SSEN-2512014150,SSEN-251201415001
251201415001,SSEN,38.0,6631.0,2024-12-01 08:00:00+00:00,"{'x': -0.292495, 'y': 51.487429}",SSEN-2512014150,SSEN-251201415001
251201415001,SSEN,38.0,6554.0,2024-12-01 08:30:00+00:00,"{'x': -0.292495, 'y': 51.487429}",SSEN-2512014150,SSEN-251201415001
251201415001,SSEN,38.0,7005.0,2024-12-01 09:00:00+00:00,"{'x': -0.292495, 'y': 51.487429}",SSEN-2512014150,SSEN-251201415001
251201415001,SSEN,38.0,8016.0,2024-12-01 09:30:00+00:00,"{'x': -0.292495, 'y': 51.487429}",SSEN-2512014150,SSEN-251201415001
251201415001,SSEN,38.0,9744.0,2024-12-01 10:00:00+00:00,"{'x': -0.292495, 'y': 51.487429}",SSEN-2512014150,SSEN-251201415001
251201415001,SSEN,38.0,9728.0,2024-12-01 10:30:00+00:00,"{'x': -0.292495, 'y': 51.487429}",SSEN-2512014150,SSEN-251201415001
251201415001,SSEN,38.0,8920.0,2024-12-01 11:00:00+00:00,"{'x': -0.292495, 'y': 51.487429}",SSEN-2512014150,SSEN-251201415001
251201415001,SSEN,38.0,10276.0,2024-12-01 11:30:00+00:00,"{'x': -0.292495, 'y': 51.487429}",SSEN-2512014150,SSEN-251201415001
251201415001,SSEN,38.0,11225.0,2024-12-01 12:00:00+00:00,"{'x': -0.292495, 'y': 51.487429}",SSEN-2512014150,SSEN-251201415001
251201415001,SSEN,38.0,9492.0,2024-12-01 12:30:00+00:00,"{'x': -0.292495, 'y': 51.487429}",SSEN-2512014150,SSEN-251201415001
251201415001,SSEN,38.0,8925.0,2024-12-01 13:00:00+00:00,"{'x': -0.292495, 'y': 51.487429}",SSEN-2512014150,SSEN-251201415001
251201415001,SSEN,38.0,10400.0,2024-12-01 13:30:00+00:00,"{'x': -0.292495, 'y': 51.487429}",SSEN-2512014150,SSEN-251201415001
251201415001,SSEN,38.0,10533.0,2024-12-01 14:00:00+00:00,"{'x': -0.292495, 'y': 51.487429}",SSEN-2512014150,SSEN-251201415001
251201415001,SSEN,38.0,9975.0,2024-12-01 14:30:00+00:00,"{'x': -0.292495, 'y': 51.487429}",SSEN-2512014150,SSEN-251201415001
251201415001,SSEN,38.0,8232.0,2024-12-01 15:00:00+00:00,"{'x': -0.292495, 'y': 51.487429}",SSEN-2512014150,SSEN-251201415001
251201415001,SSEN,38.0,8366.0,2024-12-01 15:30:00+00:00,"{'x': -0.292495, 'y': 51.487429}",SSEN-2512014150,SSEN-251201415001
251201415001,SSEN,38.0,10377.0,2024-12-01 16:00:00+00:00,"{'x': -0.292495, 'y': 51.487429}",SSEN-2512014150,SSEN-251201415001
251201415001,SSEN,38.0,11807.0,2024-12-01 16:30:00+00:00,"{'x': -0.292495, 'y': 51.487429}",SSEN-2512014150,SSEN-251201415001
251201415001,SSEN,38.0,13318.0,2024-12-01 17:00:00+00:00,"{'x': -0.292495, 'y': 51.487429}",SSEN-2512014150,SSEN-251201415001
251201415001,SSEN,38.0,13647.0,2024-12-01 17:30:00+00:00,"{'x': -0.292495, 'y': 51.487429}",SSEN-2512014150,SSEN-251201415001
251201415001,SSEN,38.0,14385.0,2024-12-01 18:00:00+00:00,"{'x': -0.292495, 'y': 51.487429}",SSEN-2512014150,SSEN-251201415001
251201415001,SSEN,38.0,13295.0,2024-12-01 18:30:00+00:00,"{'x': -0.292495, 'y': 51.487429}",SSEN-2512014150,SSEN-251201415001
251201415001,SSEN,38.0,13279.0,2024-12-01 19:00:00+00:00,"{'x': -0.292495, 'y': 51.487429}",SSEN-2512014150,SSEN-251201415001
251201415001,SSEN,38.0,13537.0,2024-12-01 19:30:00+00:00,"{'x': -0.292495, 'y': 51.487429}",SSEN-2512014150,SSEN-251201415001
251201415001,SSEN,38.0,11933.0,2024-12-01 20:00:00+00:00,"{'x': -0.292495, 'y': 51.487429}",SSEN-2512014150,SSEN-251201415001
251201415001,SSEN,38.0,10484.0,2024-12-01 20:30:00+00:00,"{'x': -0.292495, 'y': 51.487429}",SSEN-2512014150,SSEN-251201415001
251201415001,SSEN,38.0,9141.0,2024-12-01 21:00:00+00:00,"{'x': -0.292495, 'y': 51.487429}",SSEN-2512014150,SSEN-251201415001
251201415001,SSEN,38.0,9538.0,2024-12-01 21:30:00+00:00,"{'x': -0.292495, 'y': 51.487429}",SSEN-2512014150,SSEN-251201415001
251201415001,SSEN,38.0,10271.0,2024-12-01 22:00:00+00:00,"{'x': -0.292495, 'y': 51.487429}",SSEN-2512014150,SSEN-251201415001
251201415001,SSEN,38.0,9451.0,2024-12-01 22:30:00+00:00,"{'x': -0.292495, 'y': 51.487429}",SSEN-2512014150,SSEN-251201415001
251201415001,SSEN,38.0,9151.0,2024-12-01 23:00:00+00:00,"{'x': -0.292495, 'y': 51.487429}",SSEN-2512014150,SSEN-251201415001
251201415001,SSEN,38.0,8941.0,2024-12-01 23:30:00+00:00,"{'x': -0.292495, 'y': 51.487429}",SSEN-2512014150,SSEN-251201415001
251201415001,SSEN,38.0,7036.0,2024-12-02 00:00:00+00:00,"{'x': -0.292495, 'y': 51.487429}",SSEN-2512014150,SSEN-251201415001
251201415001,SSEN,39.0,6554.0,2024-12-02 00:30:00+00:00,"{'x': -0.292495, 'y': 51.487429}",SSEN-2512014150,SSEN-251201415001
251201415001,SSEN,39.0,5224.0,2024-12-02 01:00:00+00:00,"{'x': -0.292495, 'y': 51.487429}",SSEN-2512014150,SSEN-251201415001
251201415001,SSEN,39.0,5916.0,2024-12-02 01:30:00+00:00,"{'x': -0.292495, 'y': 51.487429}",SSEN-2512014150,SSEN-251201415001
251201415001,SSEN,39.0,5125.0,2024-12-02 02:00:00+00:00,"{'x': -0.292495, 'y': 51.487429}",SSEN-2512014150,SSEN-251201415001
251201415001,SSEN,39.0,4838.0,2024-12-02 02:30:00+00:00,"{'x': -0.292495, 'y': 51.487429}",SSEN-2512014150,SSEN-251201415001
251201415001,SSEN,39.0,4703.0,2024-12-02 03:00:00+00:00,"{'x': -0.292495, 'y': 51.487429}",SSEN-2512014150,SSEN-251201415001
251201415001,SSEN,39.0,4726.0,2024-12-02 03:30:00+00:00,"{'x': -0.292495, 'y': 51.487429}",SSEN-2512014150,SSEN-251201415001
251201415001,SSEN,39.0,4755.0,2024-12-02 04:00:00+00:00,"{'x': -0.292495, 'y': 51.487429}",SSEN-2512014150,SSEN-251201415001
251201415001,SSEN,39.0,4765.0,2024-12-02 04:30:00+00:00,"{'x': -0.292495, 'y': 51.487429}",SSEN-2512014150,SSEN-251201415001
251201415001,SSEN,39.0,4855.0,2024-12-02 05:00:00+00:00,"{'x': -0.292495, 'y': 51.487429}",SSEN-2512014150,SSEN-251201415001
251201415001,SSEN,39.0,5012.0,2024-12-02 05:30:00+00:00,"{'x': -0.292495, 'y': 51.487429}",SSEN-2512014150,SSEN-251201415001
251201415001,SSEN,39.0,5398.0,2024-12-02 06:00:00+00:00,"{'x': -0.292495, 'y': 51.487429}",SSEN-2512014150,SSEN-251201415001
251201415001,SSEN,39.0,5866.0,2024-12-02 06:30:00+00:00,"{'x': -0.292495, 'y': 51.487429}",SSEN-2512014150,SSEN-251201415001
251201415001,SSEN,39.0,6567.0,2024-12-02 07:00:00+00:00,"{'x': -0.292495, 'y': 51.487429}",SSEN-2512014150,SSEN-251201415001
251201415001,SSEN,39.0,7627.0,2024-12-02 07:30:00+00:00,"{'x': -0.292495, 'y': 51.487429}",SSEN-2512014150,SSEN-251201415001
251201415001,SSEN,39.0,7889.0,2024-12-02 08:00:00+00:00,"{'x': -0.292495, 'y': 51.487429}",SSEN-2512014150,SSEN-251201415001
251201415001,SSEN,39.0,7884.0,2024-12-02 08:30:00+00:00,"{'x': -0.292495, 'y': 51.487429}",SSEN-2512014150,SSEN-251201415001
251201415001,SSEN,39.0,8105.0,2024-12-02 09:00:00+00:00,"{'x': -0.292495, 'y': 51.487429}",SSEN-2512014150,SSEN-251201415001
251201415001,SSEN,39.0,9699.0,2024-12-02 09:30:00+00:00,"{'x': -0.292495, 'y': 51.487429}",SSEN-2512014150,SSEN-251201415001
251201415001,SSEN,39.0,9251.0,2024-12-02 10:00:00+00:00,"{'x': -0.292495, 'y': 51.487429}",SSEN-2512014150,SSEN-251201415001
251201415001,SSEN,39.0,8602.0,2024-12-02 10:30:00+00:00,"{'x': -0.292495, 'y': 51.487429}",SSEN-2512014150,SSEN-251201415001
251201415001,SSEN,39.0,8757.0,2024-12-02 11:00:00+00:00,"{'x': -0.292495, 'y': 51.487429}",SSEN-2512014150,SSEN-251201415001
251201415001,SSEN,39.0,8742.0,2024-12-02 11:30:00+00:00,"{'x': -0.292495, 'y': 51.487429}",SSEN-2512014150,SSEN-251201415001
251201415001,SSEN,39.0,10173.0,2024-12-02 12:00:00+00:00,"{'x': -0.292495, 'y': 51.487429}",SSEN-2512014150,SSEN-251201415001
251201415001,SSEN,39.0,10197.0,2024-12-02 12:30:00+00:00,"{'x': -0.292495, 'y': 51.487429}",SSEN-2512014150,SSEN-251201415001
251201415001,SSEN,39.0,10114.0,2024-12-02 13:00:00+00:00,"{'x': -0.292495, 'y': 51.487429}",SSEN-2512014150,SSEN-251201415001
251201415001,SSEN,39.0,8258.0,2024-12-02 13:30:00+00:00,"{'x': -0.292495, 'y': 51.487429}",SSEN-2512014150,SSEN-251201415001
251201415001,SSEN,39.0,7500.0,2024-12-02 14:00:00+00:00,"{'x': -0.292495, 'y': 51.487429}",SSEN-2512014150,SSEN-251201415001
251201415001,SSEN,39.0,7334.0,2024-12-02 14:30:00+00:00,"{'x': -0.292495, 'y': 51.487429}",SSEN-2512014150,SSEN-251201415001
251201415001,SSEN,39.0,6602.0,2024-12-02 15:00:00+00:00,"{'x': -0.292495, 'y': 51.487429}",SSEN-2512014150,SSEN-251201415001
251201415001,SSEN,39.0,7253.0,2024-12-02 15:30:00+00:00,"{'x': -0.292495, 'y': 51.487429}",SSEN-2512014150,SSEN-251201415001
251201415001,SSEN,39.0,7299.0,2024-12-02 16:00:00+00:00,"{'x': -0.292495, 'y': 51.487429}",SSEN-2512014150,SSEN-251201415001
251201415001,SSEN,39.0,8486.0,2024-12-02 16:30:00+00:00,"{'x': -0.292495, 'y': 51.487429}",SSEN-2512014150,SSEN-251201415001
251201415001,SSEN,39.0,10281.0,2024-12-02 17:00:00+00:00,"{'x': -0.292495, 'y': 51.487429}",SSEN-2512014150,SSEN-251201415001
251201415001,SSEN,39.0,12010.0,2024-12-02 17:30:00+00:00,"{'x': -0.292495, 'y': 51.487429}",SSEN-2512014150,SSEN-251201415001
251201415001,SSEN,39.0,12551.0,2024-12-02 18:00:00+00:00,"{'x': -0.292495, 'y': 51.487429}",SSEN-2512014150,SSEN-251201415001
251201415001,SSEN,39.0,13505.0,2024-12-02 18:30:00+00:00,"{'x': -0.292495, 'y': 51.487429}",SSEN-2512014150,SSEN-251201415001
251201415001,SSEN,39.0,14413.0,2024-12-02 19:00:00+00:00,"{'x': -0.292495, 'y': 51.487429}",SSEN-2512014150,SSEN-251201415001
251201415001,SSEN,39.0,14325.0,2024-12-02 19:30:00+00:00,"{'x': -0.292495, 'y': 51.487429}",SSEN-2512014150,SSEN-251201415001
251201415001,SSEN,39.0,11656.0,2024-12-02 20:00:00+00:00,"{'x': -0.292495, 'y': 51.487429}",SSEN-2512014150,SSEN-251201415001
251201415001,SSEN,39.0,10756.0,2024-12-02 20:30:00+00:00,"{'x': -0.292495, 'y': 51.487429}",SSEN-2512014150,SSEN-251201415001
251201415001,SSEN,39.0,9230.0,2024-12-02 21:00:00+00:00,"{'x': -0.292495, 'y': 51.487429}",SSEN-2512014150,SSEN-251201415001
251201415001,SSEN,39.0,9706.0,2024-12-02 21:30:00+00:00,"{'x': -0.292495, 'y': 51.487429}",SSEN-2512014150,SSEN-251201415001
251201415001,SSEN,39.0,8402.0,2024-12-02 22:00:00+00:00,"{'x': -0.292495, 'y': 51.487429}",SSEN-2512014150,SSEN-251201415001
251201415001,SSEN,39.0,9567.0,2024-12-02 22:30:00+00:00,"{'x': -0.292495, 'y': 51.487429}",SSEN-2512014150,SSEN-251201415001
251201415001,SSEN,39.0,9256.0,2024-12-02 23:00:00+00:00,"{'x': -0.292495, 'y': 51.487429}",SSEN-2512014150,SSEN-251201415001
251201415001,SSEN,39.0,7550.0,2024-12-02 23:30:00+00:00,"{'x': -0.292495, 'y': 51.487429}",SSEN-2512014150,SSEN-251201415001
251201415001,SSEN,39.0,6619.0,2024-12-03 00:00:00+00:00,"{'x': -0.292495, 'y': 51.487429}",SSEN-2512014150,SSEN-251201415001
251201415001,SSEN,39.0,7103.0,2024-12-03 00:30:00+00:00,"{'x': -0.292495, 'y': 51.487429}",SSEN-2512014150,SSEN-251201415001
251201415001,SSEN,39.0,7123.0,2024-12-03 01:00:00+00:00,"{'x': -0.292495, 'y': 51.487429}",SSEN-2512014150,SSEN-251201415001
251201415001,SSEN,39.0,5965.0,2024-12-03 01:30:00+00:00,"{'x': -0.292495, 'y': 51.487429}",SSEN-2512014150,SSEN-251201415001
251201415001,SSEN,39.0,5117.0,2024-12-03 02:00:00+00:00,"{'x': -0.292495, 'y': 51.487429}",SSEN-2512014150,SSEN-251201415001
251201415001,SSEN,39.0,5273.0,2024-12-03 02:30:00+00:00,"{'x': -0.292495, 'y': 51.487429}",SSEN-2512014150,SSEN-251201415001
251201415001,SSEN,39.0,4986.0,2024-12-03 03:00:00+00:00,"{'x': -0.292495, 'y': 51.487429}",SSEN-2512014150,SSEN-251201415001
251201415001,SSEN,39.0,4953.0,2024-12-03 03:30:00+00:00,"{'x': -0.292495, 'y': 51.487429}",SSEN-2512014150,SSEN-251201415001
251201415001,SSEN,39.0,5066.0,2024-12-03 04:00:00+00:00,"{'x': -0.292495, 'y': 51.487429}",SSEN-2512014150,SSEN-251201415001
251201415001,SSEN,39.0,5154.0,2024-12-03 04:30:00+00:00,"{'x': -0.292495, 'y': 51.487429}",SSEN-2512014150,SSEN-251201415001
251201415001,SSEN,39.0,5290.0,2024-12-03 05:00:00+00:00,"{'x': -0.292495, 'y': 51.487429}",SSEN-2512014150,SSEN-251201415001
251201415001,SSEN,39.0,6260.0,2024-12-03 05:30:00+00:00,"{'x': -0.292495, 'y': 51.487429}",SSEN-2512014150,SSEN-251201415001
251201415001,SSEN,39.0,5533.0,2024-12-03 06:00:00+00:00,"{'x': -0.292495, 'y': 51.487429}",SSEN-2512014150,SSEN-251201415001
251201415001,SSEN,39.0,5742.0,2024-12-03 06:30:00+00:00,"{'x': -0.292495, 'y': 51.487429}",SSEN-2512014150,SSEN-251201415001
251201415001,SSEN,39.0,6643.0,2024-12-03 07:00:00+00:00,"{'x': -0.292495, 'y': 51.487429}",SSEN-2512014150,SSEN-251201415001
251201415001,SSEN,39.0,7928.0,2024-12-03 07:30:00+00:00,"{'x': -0.292495, 'y': 51.487429}",SSEN-2512014150,SSEN-251201415001
251201415001,SSEN,39.0,8090.0,2024-12-03 08:00:00+00:00,"{'x': -0.292495, 'y': 51.487429}",SSEN-2512014150,SSEN-251201415001
251201415001,SSEN,39.0,8132.0,2024-12-03 08:30:00+00:00,"{'x': -0.292495, 'y': 51.487429}",SSEN-2512014150,SSEN-251201415001
251201415001,SSEN,39.0,5851.0,2024-12-03 09:00:00+00:00,"{'x': -0.292495, 'y': 51.487429}",SSEN-2512014150,SSEN-251201415001
251201415001,SSEN,39.0,7870.0,2024-12-03 09:30:00+00:00,"{'x': -0.292495, 'y': 51.487429}",SSEN-2512014150,SSEN-251201415001
251201415001,SSEN,39.0,7638.0,2024-12-03 10:00:00+00:00,"{'x': -0.292495, 'y': 51.487429}",SSEN-2512014150,SSEN-251201415001
251201415001,SSEN,39.0,9627.0,2024-12-03 10:30:00+00:00,"{'x': -0.292495, 'y': 51.487429}",SSEN-2512014150,SSEN-251201415001
251201415001,SSEN,39.0,9432.0,2024-12-03 11:00:00+00:00,"{'x': -0.292495, 'y': 51.487429}",SSEN-2512014150,SSEN-251201415001
251201415001,SSEN,39.0,6788.0,2024-12-03 11:30:00+00:00,"{'x': -0.292495, 'y': 51.487429}",SSEN-2512014150,SSEN-251201415001
251201415001,SSEN,39.0,8168.0,2024-12-03 12:00:00+00:00,"{'x': -0.292495, 'y': 51.487429}",SSEN-2512014150,SSEN-251201415001
251201415001,SSEN,39.0,9009.0,2024-12-03 12:30:00+00:00,"{'x': -0.292495, 'y': 51.487429}",SSEN-2512014150,SSEN-251201415001
251201415001,SSEN,39.0,8139.0,2024-12-03 13:00:00+00:00,"{'x': -0.292495, 'y': 51.487429}",SSEN-2512014150,SSEN-251201415001
251201415001,SSEN,39.0,7506.0,2024-12-03 13:30:00+00:00,"{'x': -0.292495, 'y': 51.487429}",SSEN-2512014150,SSEN-251201415001
251201415001,SSEN,39.0,7231.0,2024-12-03 14:00:00+00:00,"{'x': -0.292495, 'y': 51.487429}",SSEN-2512014150,SSEN-251201415001
251201415001,SSEN,39.0,7476.0,2024-12-03 14:30:00+00:00,"{'x': -0.292495, 'y': 51.487429}",SSEN-2512014150,SSEN-251201415001
251201415001,SSEN,39.0,7339.0,2024-12-03 15:00:00+00:00,"{'x': -0.292495, 'y': 51.487429}",SSEN-2512014150,SSEN-251201415001
251201415001,SSEN,39.0,7573.0,2024-12-03 15:30:00+00:00,"{'x': -0.292495, 'y': 51.487429}",SSEN-2512014150,SSEN-251201415001
251201415001,SSEN,39.0,7441.0,2024-12-03 16:00:00+00:00,"{'x': -0.292495, 'y': 51.487429}",SSEN-2512014150,SSEN-251201415001
251201415001,SSEN,39.0,8492.0,2024-12-03 16:30:00+00:00,"{'x': -0.292495, 'y': 51.487429}",SSEN-2512014150,SSEN-251201415001
251201415001,SSEN,39.0,9788.0,2024-12-03 17:00:00+00:00,"{'x': -0.292495, 'y': 51.487429}",SSEN-2512014150,SSEN-251201415001
251201415001,SSEN,39.0,12052.0,2024-12-03 17:30:00+00:00,"{'x': -0.292495, 'y': 51.487429}",SSEN-2512014150,SSEN-251201415001
251201415001,SSEN,39.0,13406.0,2024-12-03 18:00:00+00:00,"{'x': -0.292495, 'y': 51.487429}",SSEN-2512014150,SSEN-251201415001
251201415001,SSEN,39.0,13901.0,2024-12-03 18:30:00+00:00,"{'x': -0.292495, 'y': 51.487429}",SSEN-2512014150,SSEN-251201415001
251201415001,SSEN,39.0,14281.0,2024-12-03 19:00:00+00:00,"{'x': -0.292495, 'y': 51.487429}",SSEN-2512014150,SSEN-251201415001
251201415001,SSEN,39.0,14919.0,2024-12-03 19:30:00+00:00,"{'x': -0.292495, 'y': 51.487429}",SSEN-2512014150,SSEN-251201415001
251201415001,SSEN,39.0,13233.0,2024-12-03 20:00:00+00:00,"{'x': -0.292495, 'y': 51.487429}",SSEN-2512014150,SSEN-251201415001
251201415001,SSEN,39.0,12471.0,2024-12-03 20:30:00+00:00,"{'x': -0.292495, 'y': 51.487429}",SSEN-2512014150,SSEN-251201415001
251201415001,SSEN,39.0,13316.0,2024-12-03 21:00:00+00:00,"{'x': -0.292495, 'y': 51.487429}",SSEN-2512014150,SSEN-251201415001
251201415001,SSEN,39.0,10955.0,2024-12-03 21:30:00+00:00,"{'x': -0.292495, 'y': 51.487429}",SSEN-2512014150,SSEN-251201415001
251201415001,SSEN,39.0,9039.0,2024-12-03 22:00:00+00:00,"{'x': -0.292495, 'y': 51.487429}",SSEN-2512014150,SSEN-251201415001
251201415001,SSEN,39.0,9337.0,2024-12-03 22:30:00+00:00,"{'x': -0.292495, 'y': 51.487429}",SSEN-2512014150,SSEN-251201415001
251201415001,SSEN,39.0,7767.0,2024-12-03 23:00:00+00:00,"{'x': -0.292495, 'y': 51.487429}",SSEN-2512014150,SSEN-251201415001
251201415001,SSEN,39.0,6246.0,2024-12-03 23:30:00+00:00,"{'x': -0.292495, 'y': 51.487429}",SSEN-2512014150,SSEN-251201415001
251201415001,SSEN,39.0,6901.0,2024-12-04 00:00:00+00:00,"{'x': -0.292495, 'y': 51.487429}",SSEN-2512014150,SSEN-251201415001
251201415001,SSEN,39.0,7899.0,2024-12-04 00:30:00+00:00,"{'x': -0.292495, 'y': 51.487429}",SSEN-2512014150,SSEN-251201415001
251201415001,SSEN,39.0,5541.0,2024-12-04 01:00:00+00:00,"{'x': -0.292495, 'y': 51.487429}",SSEN-2512014150,SSEN-251201415001
251201415001,SSEN,39.0,4795.0,2024-12-04 01:30:00+00:00,"{'x': -0.292495, 'y': 51.487429}",SSEN-2512014150,SSEN-251201415001
251201415001,SSEN,39.0,5080.0,2024-12-04 02:00:00+00:00,"{'x': -0.292495, 'y': 51.487429}",SSEN-2512014150,SSEN-251201415001
251201415001,SSEN,39.0,5608.0,2024-12-04 02:30:00+00:00,"{'x': -0.292495, 'y': 51.487429}",SSEN-2512014150,SSEN-251201415001
251201415001,SSEN,39.0,5573.0,2024-12-04 03:00:00+00:00,"{'x': -0.292495, 'y': 51.487429}",SSEN-2512014150,SSEN-251201415001
251201415001,SSEN,39.0,4962.0,2024-12-04 03:30:00+00:00,"{'x': -0.292495, 'y': 51.487429}",SSEN-2512014150,SSEN-251201415001
251201415001,SSEN,39.0,5189.0,2024-12-04 04:00:00+00:00,"{'x': -0.292495, 'y': 51.487429}",SSEN-2512014150,SSEN-251201415001
251201415001,SSEN,39.0,5189.0,2024-12-04 04:30:00+00:00,"{'x': -0.292495, 'y': 51.487429}",SSEN-2512014150,SSEN-251201415001
251201415001,SSEN,39.0,5082.0,2024-12-04 05:00:00+00:00,"{'x': -0.292495, 'y': 51.487429}",SSEN-2512014150,SSEN-251201415001
251201415001,SSEN,39.0,5021.0,2024-12-04 05:30:00+00:00,"{'x': -0.292495, 'y': 51.487429}",SSEN-2512014150,SSEN-251201415001
251201415001,SSEN,39.0,5528.0,2024-12-04 06:00:00+00:00,"{'x': -0.292495, 'y': 51.487429}",SSEN-2512014150,SSEN-251201415001
251201415001,SSEN,39.0,5999.0,2024-12-04 06:30:00+00:00,"{'x': -0.292495, 'y': 51.487429}",SSEN-2512014150,SSEN-251201415001
251201415001,SSEN,39.0,6797.0,2024-12-04 07:00:00+00:00,"{'x': -0.292495, 'y': 51.487429}",SSEN-2512014150,SSEN-251201415001
251201415001,SSEN,39.0,7501.0,2024-12-04 07:30:00+00:00,"{'x': -0.292495, 'y': 51.487429}",SSEN-2512014150,SSEN-251201415001
251201415001,SSEN,39.0,7578.0,2024-12-04 08:00:00+00:00,"{'x': -0.292495, 'y': 51.487429}",SSEN-2512014150,SSEN-251201415001
251201415001,SSEN,39.0,9146.0,2024-12-04 08:30:00+00:00,"{'x': -0.292495, 'y': 51.487429}",SSEN-2512014150,SSEN-251201415001
251201415001,SSEN,39.0,7144.0,2024-12-04 09:00:00+00:00,"{'x': -0.292495, 'y': 51.487429}",SSEN-2512014150,SSEN-251201415001
251201415001,SSEN,39.0,6728.0,2024-12-04 09:30:00+00:00,"{'x': -0.292495, 'y': 51.487429}",SSEN-2512014150,SSEN-251201415001
251201415001,SSEN,39.0,7589.0,2024-12-04 10:00:00+00:00,"{'x': -0.292495, 'y': 51.487429}",SSEN-2512014150,SSEN-251201415001
251201415001,SSEN,39.0,7689.0,2024-12-04 10:30:00+00:00,"{'x': -0.292495, 'y': 51.487429}",SSEN-2512014150,SSEN-251201415001
251201415001,SSEN,39.0,8114.0,2024-12-04 11:00:00+00:00,"{'x': -0.292495, 'y': 51.487429}",SSEN-2512014150,SSEN-251201415001
251201415001,SSEN,39.0,8162.0,2024-12-04 11:30:00+00:00,"{'x': -0.292495, 'y': 51.487429}",SSEN-2512014150,SSEN-251201415001
251201415001,SSEN,39.0,8416.0,2024-12-04 12:00:00+00:00,"{'x': -0.292495, 'y': 51.487429}",SSEN-2512014150,SSEN-251201415001
251201415001,SSEN,39.0,8824.0,2024-12-04 12:30:00+00:00,"{'x': -0.292495, 'y': 51.487429}",SSEN-2512014150,SSEN-251201415001
251201415001,SSEN,39.0,9059.0,2024-12-04 13:00:00+00:00,"{'x': -0.292495, 'y': 51.487429}",SSEN-2512014150,SSEN-251201415001
251201415001,SSEN,39.0,8456.0,2024-12-04 13:30:00+00:00,"{'x': -0.292495, 'y': 51.487429}",SSEN-2512014150,SSEN-251201415001
251201415001,SSEN,39.0,9106.0,2024-12-04 14:00:00+00:00,"{'x': -0.292495, 'y': 51.487429}",SSEN-2512014150,SSEN-251201415001
251201415001,SSEN,39.0,8772.0,2024-12-04 14:30:00+00:00,"{'x': -0.292495, 'y': 51.487429}",SSEN-2512014150,SSEN-251201415001
251201415001,SSEN,39.0,8187.0,2024-12-04 15:00:00+00:00,"{'x': -0.292495, 'y': 51.487429}",SSEN-2512014150,SSEN-251201415001
251201415001,SSEN,39.0,7630.0,2024-12-04 15:30:00+00:00,"{'x': -0.292495, 'y': 51.487429}",SSEN-2512014150,SSEN-251201415001
251201415001,SSEN,39.0,8075.0,2024-12-04 16:00:00+00:00,"{'x': -0.292495, 'y': 51.487429}",SSEN-2512014150,SSEN-251201415001
251201415001,SSEN,39.0,10760.0,2024-12-04 16:30:00+00:00,"{'x': -0.292495, 'y': 51.487429}",SSEN-2512014150,SSEN-251201415001
251201415001,SSEN,39.0,10582.0,2024-12-04 17:00:00+00:00,"{'x': -0.292495, 'y': 51.487429}",SSEN-2512014150,SSEN-251201415001
251201415001,SSEN,39.0,9355.0,2024-12-04 17:30:00+00:00,"{'x': -0.292495, 'y': 51.487429}",SSEN-2512014150,SSEN-251201415001
251201415001,SSEN,39.0,11072.0,2024-12-04 18:00:00+00:00,"{'x': -0.292495, 'y': 51.487429}",SSEN-2512014150,SSEN-251201415001
251201415001,SSEN,39.0,10552.0,2024-12-04 18:30:00+00:00,"{'x': -0.292495, 'y': 51.487429}",SSEN-2512014150,SSEN-251201415001
251201415001,SSEN,39.0,12495.0,2024-12-04 19:00:00+00:00,"{'x': -0.292495, 'y': 51.487429}",SSEN-2512014150,SSEN-251201415001
251201415001,SSEN,39.0,14108.0,2024-12-04 19:30:00+00:00,"{'x': -0.292495, 'y': 51.487429}",SSEN-2512014150,SSEN-251201415001
251201415001,SSEN,39.0,11848.0,2024-12-04 20:00:00+00:00,"{'x': -0.292495, 'y': 51.487429}",SSEN-2512014150,SSEN-251201415001
251201415001,SSEN,39.0,11948.0,2024-12-04 20:30:00+00:00,"{'x': -0.292495, 'y': 51.487429}",SSEN-2512014150,SSEN-251201415001
251201415001,SSEN,39.0,12382.0,2024-12-04 21:00:00+00:00,"{'x': -0.292495, 'y': 51.487429}",SSEN-2512014150,SSEN-251201415001
251201415001,SSEN,39.0,11147.0,2024-12-04 21:30:00+00:00,"{'x': -0.292495, 'y': 51.487429}",SSEN-2512014150,SSEN-251201415001
251201415001,SSEN,39.0,9843.0,2024-12-04 22:00:00+00:00,"{'x': -0.292495, 'y': 51.487429}",SSEN-2512014150,SSEN-251201415001
251201415001,SSEN,39.0,10039.0,2024-12-04 22:30:00+00:00,"{'x': -0.292495, 'y': 51.487429}",SSEN-2512014150,SSEN-251201415001
251201415001,SSEN,39.0,7673.0,2024-12-04 23:00:00+00:00,"{'x': -0.292495, 'y': 51.487429}",SSEN-2512014150,SSEN-251201415001
251201415001,SSEN,39.0,7087.0,2024-12-04 23:30:00+00:00,"{'x': -0.292495, 'y': 51.487429}",SSEN-2512014150,SSEN-251201415001
251201415001,SSEN,39.0,7110.0,2024-12-05 00:00:00+00:00,"{'x': -0.292495, 'y': 51.487429}",SSEN-2512014150,SSEN-251201415001
251201415001,SSEN,38.0,5861.0,2024-12-05 00:30:00+00:00,"{'x': -0.292495, 'y': 51.487429}",SSEN-2512014150,SSEN-251201415001
251201415001,SSEN,38.0,5453.0,2024-12-05 01:00:00+00:00,"{'x': -0.292495, 'y': 51.487429}",SSEN-2512014150,SSEN-251201415001
251201415001,SSEN,38.0,5997.0,2024-12-05 01:30:00+00:00,"{'x': -0.292495, 'y': 51.487429}",SSEN-2512014150,SSEN-251201415001
251201415001,SSEN,38.0,5154.0,2024-12-05 02:00:00+00:00,"{'x': -0.292495, 'y': 51.487429}",SSEN-2512014150,SSEN-251201415001
251201415001,SSEN,38.0,5113.0,2024-12-05 02:30:00+00:00,"{'x': -0.292495, 'y': 51.487429}",SSEN-2512014150,SSEN-251201415001
251201415001,SSEN,38.0,5088.0,2024-12-05 03:00:00+00:00,"{'x': -0.292495, 'y': 51.487429}",SSEN-2512014150,SSEN-251201415001
251201415001,SSEN,38.0,5009.0,2024-12-05 03:30:00+00:00,"{'x': -0.292495, 'y': 51.487429}",SSEN-2512014150,SSEN-251201415001
251201415001,SSEN,38.0,5025.0,2024-12-05 04:00:00+00:00,"{'x': -0.292495, 'y': 51.487429}",SSEN-2512014150,SSEN-251201415001
251201415001,SSEN,38.0,4984.0,2024-12-05 04:30:00+00:00,"{'x': -0.292495, 'y': 51.487429}",SSEN-2512014150,SSEN-251201415001
251201415001,SSEN,38.0,4847.0,2024-12-05 05:00:00+00:00,"{'x': -0.292495, 'y': 51.487429}",SSEN-2512014150,SSEN-251201415001
251201415001,SSEN,38.0,4982.0,2024-12-05 05:30:00+00:00,"{'x': -0.292495, 'y': 51.487429}",SSEN-2512014150,SSEN-251201415001
251201415001,SSEN,38.0,5643.0,2024-12-05 06:00:00+00:00,"{'x': -0.292495, 'y': 51.487429}",SSEN-2512014150,SSEN-251201415001
251201415001,SSEN,38.0,6254.0,2024-12-05 06:30:00+00:00,"{'x': -0.292495, 'y': 51.487429}",SSEN-2512014150,SSEN-251201415001
251201415001,SSEN,38.0,7195.0,2024-12-05 07:00:00+00:00,"{'x': -0.292495, 'y': 51.487429}",SSEN-2512014150,SSEN-251201415001
251201415001,SSEN,38.0,9078.0,2024-12-05 07:30:00+00:00,"{'x': -0.292495, 'y': 51.487429}",SSEN-2512014150,SSEN-251201415001
251201415001,SSEN,38.0,8158.0,2024-12-05 08:00:00+00:00,"{'x': -0.292495, 'y': 51.487429}",SSEN-2512014150,SSEN-251201415001
251201415001,SSEN,38.0,8779.0,2024-12-05 08:30:00+00:00,"{'x': -0.292495, 'y': 51.487429}",SSEN-2512014150,SSEN-251201415001
251201415001,SSEN,38.0,7208.0,2024-12-05 09:00:00+00:00,"{'x': -0.292495, 'y': 51.487429}",SSEN-2512014150,SSEN-251201415001
251201415001,SSEN,38.0,7830.0,2024-12-05 09:30:00+00:00,"{'x': -0.292495, 'y': 51.487429}",SSEN-2512014150,SSEN-251201415001
251201415001,SSEN,38.0,6383.0,2024-12-05 10:00:00+00:00,"{'x': -0.292495, 'y': 51.487429}",SSEN-2512014150,SSEN-251201415001
251201415001,SSEN,38.0,7232.0,2024-12-05 10:30:00+00:00,"{'x': -0.292495, 'y': 51.487429}",SSEN-2512014150,SSEN-251201415001
251201415001,SSEN,38.0,7713.0,2024-12-05 11:00:00+00:00,"{'x': -0.292495, 'y': 51.487429}",SSEN-2512014150,SSEN-251201415001
251201415001,SSEN,38.0,6441.0,2024-12-05 11:30:00+00:00,"{'x': -0.292495, 'y': 51.487429}",SSEN-2512014150,SSEN-251201415001
251201415001,SSEN,38.0,7181.0,2024-12-05 12:00:00+00:00,"{'x': -0.292495, 'y': 51.487429}",SSEN-2512014150,SSEN-251201415001
251201415001,SSEN,38.0,6584.0,2024-12-05 12:30:00+00:00,"{'x': -0.292495, 'y': 51.487429}",SSEN-2512014150,SSEN-251201415001
251201415001,SSEN,38.0,7903.0,2024-12-05 13:00:00+00:00,"{'x': -0.292495, 'y': 51.487429}",SSEN-2512014150,SSEN-251201415001
251201415001,SSEN,38.0,9525.0,2024-12-05 13:30:00+00:00,"{'x': -0.292495, 'y': 51.487429}",SSEN-2512014150,SSEN-251201415001
251201415001,SSEN,38.0,8331.0,2024-12-05 14:00:00+00:00,"{'x': -0.292495, 'y': 51.487429}",SSEN-2512014150,SSEN-251201415001
251201415001,SSEN,38.0,7720.0,2024-12-05 14:30:00+00:00,"{'x': -0.292495, 'y': 51.487429}",SSEN-2512014150,SSEN-251201415001
251201415001,SSEN,38.0,8661.0,2024-12-05 15:00:00+00:00,"{'x': -0.292495, 'y': 51.487429}",SSEN-2512014150,SSEN-251201415001
251201415001,SSEN,38.0,9223.0,2024-12-05 15:30:00+00:00,"{'x': -0.292495, 'y': 51.487429}",SSEN-2512014150,SSEN-251201415001
251201415001,SSEN,38.0,9534.0,2024-12-05 16:00:00+00:00,"{'x': -0.292495, 'y': 51.487429}",SSEN-2512014150,SSEN-251201415001
251201415001,SSEN,38.0,9190.0,2024-12-05 16:30:00+00:00,"{'x': -0.292495, 'y': 51.487429}",SSEN-2512014150,SSEN-251201415001
251201415001,SSEN,38.0,11695.0,2024-12-05 17:00:00+00:00,"{'x': -0.292495, 'y': 51.487429}",SSEN-2512014150,SSEN-251201415001
251201415001,SSEN,38.0,12778.0,2024-12-05 17:30:00+00:00,"{'x': -0.292495, 'y': 51.487429}",SSEN-2512014150,SSEN-251201415001
251201415001,SSEN,38.0,10979.0,2024-12-05 18:00:00+00:00,"{'x': -0.292495, 'y': 51.487429}",SSEN-2512014150,SSEN-251201415001
251201415001,SSEN,38.0,11577.0,2024-12-05 18:30:00+00:00,"{'x': -0.292495, 'y': 51.487429}",SSEN-2512014150,SSEN-251201415001
251201415001,SSEN,38.0,13031.0,2024-12-05 19:00:00+00:00,"{'x': -0.292495, 'y': 51.487429}",SSEN-2512014150,SSEN-251201415001
251201415001,SSEN,38.0,14400.0,2024-12-05 19:30:00+00:00,"{'x': -0.292495, 'y': 51.487429}",SSEN-2512014150,SSEN-251201415001
251201415001,SSEN,38.0,12765.0,2024-12-05 20:00:00+00:00,"{'x': -0.292495, 'y': 51.487429}",SSEN-2512014150,SSEN-251201415001
251201415001,SSEN,38.0,11079.0,2024-12-05 20:30:00+00:00,"{'x': -0.292495, 'y': 51.487429}",SSEN-2512014150,SSEN-251201415001
251201415001,SSEN,38.0,11135.0,2024-12-05 21:00:00+00:00,"{'x': -0.292495, 'y': 51.487429}",SSEN-2512014150,SSEN-251201415001
251201415001,SSEN,38.0,10338.0,2024-12-05 21:30:00+00:00,"{'x': -0.292495, 'y': 51.487429}",SSEN-2512014150,SSEN-251201415001
251201415001,SSEN,38.0,9064.0,2024-12-05 22:00:00+00:00,"{'x': -0.292495, 'y': 51.487429}",SSEN-2512014150,SSEN-251201415001
251201415001,SSEN,38.0,7940.0,2024-12-05 22:30:00+00:00,"{'x': -0.292495, 'y': 51.487429}",SSEN-2512014150,SSEN-251201415001
251201415001,SSEN,38.0,7151.0,2024-12-05 23:00:00+00:00,"{'x': -0.292495, 'y': 51.487429}",SSEN-2512014150,SSEN-251201415001
251201415001,SSEN,38.0,7880.0,2024-12-05 23:30:00+00:00,"{'x': -0.292495, 'y': 51.487429}",SSEN-2512014150,SSEN-251201415001
251201415001,SSEN,38.0,6616.0,2024-12-06 00:00:00+00:00,"{'x': -0.292495, 'y': 51.487429}",SSEN-2512014150,SSEN-251201415001
251201415001,SSEN,34.0,5635.0,2024-12-06 00:30:00+00:00,"{'x': -0.292495, 'y': 51.487429}",SSEN-2512014150,SSEN-251201415001
251201415001,SSEN,34.0,4168.0,2024-12-06 01:00:00+00:00,"{'x': -0.292495, 'y': 51.487429}",SSEN-2512014150,SSEN-251201415001
251201415001,SSEN,34.0,4337.0,2024-12-06 01:30:00+00:00,"{'x': -0.292495, 'y': 51.487429}",SSEN-2512014150,SSEN-251201415001
251201415001,SSEN,34.0,4089.0,2024-12-06 02:00:00+00:00,"{'x': -0.292495, 'y': 51.487429}",SSEN-2512014150,SSEN-251201415001
251201415001,SSEN,34.0,4145.0,2024-12-06 02:30:00+00:00,"{'x': -0.292495, 'y': 51.487429}",SSEN-2512014150,SSEN-251201415001
251201415001,SSEN,34.0,4091.0,2024-12-06 03:00:00+00:00,"{'x': -0.292495, 'y': 51.487429}",SSEN-2512014150,SSEN-251201415001
251201415001,SSEN,34.0,4275.0,2024-12-06 03:30:00+00:00,"{'x': -0.292495, 'y': 51.487429}",SSEN-2512014150,SSEN-251201415001
251201415001,SSEN,34.0,4039.0,2024-12-06 04:00:00+00:00,"{'x': -0.292495, 'y': 51.487429}",SSEN-2512014150,SSEN-251201415001
251201415001,SSEN,34.0,4080.0,2024-12-06 04:30:00+00:00,"{'x': -0.292495, 'y': 51.487429}",SSEN-2512014150,SSEN-251201415001
251201415001,SSEN,34.0,4250.0,2024-12-06 05:00:00+00:00,"{'x': -0.292495, 'y': 51.487429}",SSEN-2512014150,SSEN-251201415001
251201415001,SSEN,34.0,4454.0,2024-12-06 05:30:00+00:00,"{'x': -0.292495, 'y': 51.487429}",SSEN-2512014150,SSEN-251201415001
251201415001,SSEN,34.0,4178.0,2024-12-06 06:00:00+00:00,"{'x': -0.292495, 'y': 51.487429}",SSEN-2512014150,SSEN-251201415001
251201415001,SSEN,34.0,4202.0,2024-12-06 06:30:00+00:00,"{'x': -0.292495, 'y': 51.487429}",SSEN-2512014150,SSEN-251201415001
251201415001,SSEN,34.0,5362.0,2024-12-06 07:00:00+00:00,"{'x': -0.292495, 'y': 51.487429}",SSEN-2512014150,SSEN-251201415001
251201415001,SSEN,34.0,6740.0,2024-12-06 07:30:00+00:00,"{'x': -0.292495, 'y': 51.487429}",SSEN-2512014150,SSEN-251201415001
251201415001,SSEN,34.0,6902.0,2024-12-06 08:00:00+00:00,"{'x': -0.292495, 'y': 51.487429}",SSEN-2512014150,SSEN-251201415001
251201415001,SSEN,34.0,7063.0,2024-12-06 08:30:00+00:00,"{'x': -0.292495, 'y': 51.487429}",SSEN-2512014150,SSEN-251201415001
251201415001,SSEN,34.0,7240.0,2024-12-06 09:00:00+00:00,"{'x': -0.292495, 'y': 51.487429}",SSEN-2512014150,SSEN-251201415001
251201415001,SSEN,34.0,5834.0,2024-12-06 09:30:00+00:00,"{'x': -0.292495, 'y': 51.487429}",SSEN-2512014150,SSEN-251201415001
251201415001,SSEN,34.0,6186.0,2024-12-06 10:00:00+00:00,"{'x': -0.292495, 'y': 51.487429}",SSEN-2512014150,SSEN-251201415001
251201415001,SSEN,34.0,8173.0,2024-12-06 10:30:00+00:00,"{'x': -0.292495, 'y': 51.487429}",SSEN-2512014150,SSEN-251201415001
251201415001,SSEN,34.0,8575.0,2024-12-06 11:00:00+00:00,"{'x': -0.292495, 'y': 51.487429}",SSEN-2512014150,SSEN-251201415001
251201415001,SSEN,34.0,7235.0,2024-12-06 11:30:00+00:00,"{'x': -0.292495, 'y': 51.487429}",SSEN-2512014150,SSEN-251201415001
251201415001,SSEN,34.0,5878.0,2024-12-06 12:00:00+00:00,"{'x': -0.292495, 'y': 51.487429}",SSEN-2512014150,SSEN-251201415001
251201415001,SSEN,34.0,5825.0,2024-12-06 12:30:00+00:00,"{'x': -0.292495, 'y': 51.487429}",SSEN-2512014150,SSEN-251201415001
251201415001,SSEN,34.0,6956.0,2024-12-06 13:00:00+00:00,"{'x': -0.292495, 'y': 51.487429}",SSEN-2512014150,SSEN-251201415001
251201415001,SSEN,34.0,6447.0,2024-12-06 13:30:00+00:00,"{'x': -0.292495, 'y': 51.487429}",SSEN-2512014150,SSEN-251201415001
251201415001,SSEN,34.0,5883.0,2024-12-06 14:00:00+00:00,"{'x': -0.292495, 'y': 51.487429}",SSEN-2512014150,SSEN-251201415001
251201415001,SSEN,34.0,6039.0,2024-12-06 14:30:00+00:00,"{'x': -0.292495, 'y': 51.487429}",SSEN-2512014150,SSEN-251201415001
251201415001,SSEN,34.0,5760.0,2024-12-06 15:00:00+00:00,"{'x': -0.292495, 'y': 51.487429}",SSEN-2512014150,SSEN-251201415001
251201415001,SSEN,34.0,6860.0,2024-12-06 15:30:00+00:00,"{'x': -0.292495, 'y': 51.487429}",SSEN-2512014150,SSEN-251201415001
251201415001,SSEN,34.0,7672.0,2024-12-06 16:00:00+00:00,"{'x': -0.292495, 'y': 51.487429}",SSEN-2512014150,SSEN-251201415001
251201415001,SSEN,34.0,9570.0,2024-12-06 16:30:00+00:00,"{'x': -0.292495, 'y': 51.487429}",SSEN-2512014150,SSEN-251201415001
251201415001,SSEN,34.0,9394.0,2024-12-06 17:00:00+00:00,"{'x': -0.292495, 'y': 51.487429}",SSEN-2512014150,SSEN-251201415001
251201415001,SSEN,34.0,10563.0,2024-12-06 17:30:00+00:00,"{'x': -0.292495, 'y': 51.487429}",SSEN-2512014150,SSEN-251201415001
251201415001,SSEN,34.0,9826.0,2024-12-06 18:00:00+00:00,"{'x': -0.292495, 'y': 51.487429}",SSEN-2512014150,SSEN-251201415001
251201415001,SSEN,34.0,10100.0,2024-12-06 18:30:00+00:00,"{'x': -0.292495, 'y': 51.487429}",SSEN-2512014150,SSEN-251201415001
251201415001,SSEN,34.0,11159.0,2024-12-06 19:00:00+00:00,"{'x': -0.292495, 'y': 51.487429}",SSEN-2512014150,SSEN-251201415001
251201415001,SSEN,34.0,10167.0,2024-12-06 19:30:00+00:00,"{'x': -0.292495, 'y': 51.487429}",SSEN-2512014150,SSEN-251201415001
251201415001,SSEN,34.0,9182.0,2024-12-06 20:00:00+00:00,"{'x': -0.292495, 'y': 51.487429}",SSEN-2512014150,SSEN-251201415001
251201415001,SSEN,34.0,8531.0,2024-12-06 20:30:00+00:00,"{'x': -0.292495, 'y': 51.487429}",SSEN-2512014150,SSEN-251201415001
251201415001,SSEN,34.0,10456.0,2024-12-06 21:00:00+00:00,"{'x': -0.292495, 'y': 51.487429}",SSEN-2512014150,SSEN-251201415001
251201415001,SSEN,34.0,8559.0,2024-12-06 21:30:00+00:00,"{'x': -0.292495, 'y': 51.487429}",SSEN-2512014150,SSEN-251201415001
251201415001,SSEN,34.0,8810.0,2024-12-06 22:00:00+00:00,"{'x': -0.292495, 'y': 51.487429}",SSEN-2512014150,SSEN-251201415001
251201415001,SSEN,34.0,9083.0,2024-12-06 22:30:00+00:00,"{'x': -0.292495, 'y': 51.487429}",SSEN-2512014150,SSEN-251201415001
251201415001,SSEN,34.0,8746.0,2024-12-06 23:00:00+00:00,"{'x': -0.292495, 'y': 51.487429}",SSEN-2512014150,SSEN-251201415001
251201415001,SSEN,34.0,6997.0,2024-12-06 23:30:00+00:00,"{'x': -0.292495, 'y': 51.487429}",SSEN-2512014150,SSEN-251201415001
251201415001,SSEN,34.0,6101.0,2024-12-07 00:00:00+00:00,"{'x': -0.292495, 'y': 51.487429}",SSEN-2512014150,SSEN-251201415001
251201415001,SSEN,25.0,4820.0,2024-12-07 00:30:00+00:00,"{'x': -0.292495, 'y': 51.487429}",SSEN-2512014150,SSEN-251201415001
251201415001,SSEN,25.0,4646.0,2024-12-07 01:00:00+00:00,"{'x': -0.292495, 'y': 51.487429}",SSEN-2512014150,SSEN-251201415001
251201415001,SSEN,25.0,4776.0,2024-12-07 01:30:00+00:00,"{'x': -0.292495, 'y': 51.487429}",SSEN-2512014150,SSEN-251201415001
251201415001,SSEN,25.0,3794.0,2024-12-07 02:00:00+00:00,"{'x': -0.292495, 'y': 51.487429}",SSEN-2512014150,SSEN-251201415001
251201415001,SSEN,25.0,4058.0,2024-12-07 02:30:00+00:00,"{'x': -0.292495, 'y': 51.487429}",SSEN-2512014150,SSEN-251201415001
251201415001,SSEN,25.0,4108.0,2024-12-07 03:00:00+00:00,"{'x': -0.292495, 'y': 51.487429}",SSEN-2512014150,SSEN-251201415001
251201415001,SSEN,25.0,4334.0,2024-12-07 03:30:00+00:00,"{'x': -0.292495, 'y': 51.487429}",SSEN-2512014150,SSEN-251201415001
251201415001,SSEN,25.0,4009.0,2024-12-07 04:00:00+00:00,"{'x': -0.292495, 'y': 51.487429}",SSEN-2512014150,SSEN-251201415001
251201415001,SSEN,25.0,3378.0,2024-12-07 04:30:00+00:00,"{'x': -0.292495, 'y': 51.487429}",SSEN-2512014150,SSEN-251201415001
251201415001,SSEN,25.0,3277.0,2024-12-07 05:00:00+00:00,"{'x': -0.292495, 'y': 51.487429}",SSEN-2512014150,SSEN-251201415001
251201415001,SSEN,25.0,3395.0,2024-12-07 05:30:00+00:00,"{'x': -0.292495, 'y': 51.487429}",SSEN-2512014150,SSEN-251201415001
251201415001,SSEN,25.0,3286.0,2024-12-07 06:00:00+00:00,"{'x': -0.292495, 'y': 51.487429}",SSEN-2512014150,SSEN-251201415001
251201415001,SSEN,25.0,3545.0,2024-12-07 06:30:00+00:00,"{'x': -0.292495, 'y': 51.487429}",SSEN-2512014150,SSEN-251201415001
251201415001,SSEN,25.0,3396.0,2024-12-07 07:00:00+00:00,"{'x': -0.292495, 'y': 51.487429}",SSEN-2512014150,SSEN-251201415001
251201415001,SSEN,25.0,3905.0,2024-12-07 07:30:00+00:00,"{'x': -0.292495, 'y': 51.487429}",SSEN-2512014150,SSEN-251201415001
251201415001,SSEN,25.0,4424.0,2024-12-07 08:00:00+00:00,"{'x': -0.292495, 'y': 51.487429}",SSEN-2512014150,SSEN-251201415001
251201415001,SSEN,25.0,4827.0,2024-12-07 08:30:00+00:00,"{'x': -0.292495, 'y': 51.487429}",SSEN-2512014150,SSEN-251201415001
251201415001,SSEN,25.0,5844.0,2024-12-07 09:00:00+00:00,"{'x': -0.292495, 'y': 51.487429}",SSEN-2512014150,SSEN-251201415001
251201415001,SSEN,25.0,5869.0,2024-12-07 09:30:00+00:00,"{'x': -0.292495, 'y': 51.487429}",SSEN-2512014150,SSEN-251201415001
251201415001,SSEN,25.0,7140.0,2024-12-07 10:00:00+00:00,"{'x': -0.292495, 'y': 51.487429}",SSEN-2512014150,SSEN-251201415001
251201415001,SSEN,25.0,7587.0,2024-12-07 10:30:00+00:00,"{'x': -0.292495, 'y': 51.487429}",SSEN-2512014150,SSEN-251201415001
251201415001,SSEN,25.0,6174.0,2024-12-07 11:00:00+00:00,"{'x': -0.292495, 'y': 51.487429}",SSEN-2512014150,SSEN-251201415001
251201415001,SSEN,25.0,6311.0,2024-12-07 11:30:00+00:00,"{'x': -0.292495, 'y': 51.487429}",SSEN-2512014150,SSEN-251201415001
251201415001,SSEN,25.0,6272.0,2024-12-07 12:00:00+00:00,"{'x': -0.292495, 'y': 51.487429}",SSEN-2512014150,SSEN-251201415001
251201415001,SSEN,25.0,6743.0,2024-12-07 12:30:00+00:00,"{'x': -0.292495, 'y': 51.487429}",SSEN-2512014150,SSEN-251201415001
251201415001,SSEN,25.0,6404.0,2024-12-07 13:00:00+00:00,"{'x': -0.292495, 'y': 51.487429}",SSEN-2512014150,SSEN-251201415001
251201415001,SSEN,25.0,6308.0,2024-12-07 13:30:00+00:00,"{'x': -0.292495, 'y': 51.487429}",SSEN-2512014150,SSEN-251201415001
251201415001,SSEN,25.0,7503.0,2024-12-07 14:00:00+00:00,"{'x': -0.292495, 'y': 51.487429}",SSEN-2512014150,SSEN-251201415001
251201415001,SSEN,25.0,7268.0,2024-12-07 14:30:00+00:00,"{'x': -0.292495, 'y': 51.487429}",SSEN-2512014150,SSEN-251201415001
251201415001,SSEN,25.0,8738.0,2024-12-07 15:00:00+00:00,"{'x': -0.292495, 'y': 51.487429}",SSEN-2512014150,SSEN-251201415001
251201415001,SSEN,25.0,7999.0,2024-12-07 15:30:00+00:00,"{'x': -0.292495, 'y': 51.487429}",SSEN-2512014150,SSEN-251201415001
251201415001,SSEN,25.0,6498.0,2024-12-07 16:00:00+00:00,"{'x': -0.292495, 'y': 51.487429}",SSEN-2512014150,SSEN-251201415001
251201415001,SSEN,25.0,6741.0,2024-12-07 16:30:00+00:00,"{'x': -0.292495, 'y': 51.487429}",SSEN-2512014150,SSEN-251201415001
251201415001,SSEN,25.0,7731.0,2024-12-07 17:00:00+00:00,"{'x': -0.292495, 'y': 51.487429}",SSEN-2512014150,SSEN-251201415001
251201415001,SSEN,25.0,7684.0,2024-12-07 17:30:00+00:00,"{'x': -0.292495, 'y': 51.487429}",SSEN-2512014150,SSEN-251201415001
251201415001,SSEN,25.0,8700.0,2024-12-07 18:00:00+00:00,"{'x': -0.292495, 'y': 51.487429}",SSEN-2512014150,SSEN-251201415001
251201415001,SSEN,25.0,10183.0,2024-12-07 18:30:00+00:00,"{'x': -0.292495, 'y': 51.487429}",SSEN-2512014150,SSEN-251201415001
251201415001,SSEN,25.0,8767.0,2024-12-07 19:00:00+00:00,"{'x': -0.292495, 'y': 51.487429}",SSEN-2512014150,SSEN-251201415001
251201415001,SSEN,25.0,7938.0,2024-12-07 19:30:00+00:00,"{'x': -0.292495, 'y': 51.487429}",SSEN-2512014150,SSEN-251201415001
251201415001,SSEN,25.0,7086.0,2024-12-07 20:00:00+00:00,"{'x': -0.292495, 'y': 51.487429}",SSEN-2512014150,SSEN-251201415001
251201415001,SSEN,25.0,7063.0,2024-12-07 20:30:00+00:00,"{'x': -0.292495, 'y': 51.487429}",SSEN-2512014150,SSEN-251201415001
251201415001,SSEN,25.0,7758.0,2024-12-07 21:00:00+00:00,"{'x': -0.292495, 'y': 51.487429}",SSEN-2512014150,SSEN-251201415001
251201415001,SSEN,25.0,8125.0,2024-12-07 21:30:00+00:00,"{'x': -0.292495, 'y': 51.487429}",SSEN-2512014150,SSEN-251201415001
251201415001,SSEN,25.0,7545.0,2024-12-07 22:00:00+00:00,"{'x': -0.292495, 'y': 51.487429}",SSEN-2512014150,SSEN-251201415001
251201415001,SSEN,25.0,8189.0,2024-12-07 22:30:00+00:00,"{'x': -0.292495, 'y': 51.487429}",SSEN-2512014150,SSEN-251201415001
251201415001,SSEN,25.0,6463.0,2024-12-07 23:00:00+00:00,"{'x': -0.292495, 'y': 51.487429}",SSEN-2512014150,SSEN-251201415001
251201415001,SSEN,25.0,6087.0,2024-12-07 23:30:00+00:00,"{'x': -0.292495, 'y': 51.487429}",SSEN-2512014150,SSEN-251201415001
251201415001,SSEN,25.0,4636.0,2024-12-08 00:00:00+00:00,"{'x': -0.292495, 'y': 51.487429}",SSEN-2512014150,SSEN-251201415001
251201415001,SSEN,38.0,7731.0,2024-12-08 00:30:00+00:00,"{'x': -0.292495, 'y': 51.487429}",SSEN-2512014150,SSEN-251201415001
251201415001,SSEN,38.0,6516.0,2024-12-08 01:00:00+00:00,"{'x': -0.292495, 'y': 51.487429}",SSEN-2512014150,SSEN-251201415001
251201415001,SSEN,38.0,5619.0,2024-12-08 01:30:00+00:00,"{'x': -0.292495, 'y': 51.487429}",SSEN-2512014150,SSEN-251201415001
251201415001,SSEN,38.0,5576.0,2024-12-08 02:00:00+00:00,"{'x': -0.292495, 'y': 51.487429}",SSEN-2512014150,SSEN-251201415001
251201415001,SSEN,38.0,5413.0,2024-12-08 02:30:00+00:00,"{'x': -0.292495, 'y': 51.487429}",SSEN-2512014150,SSEN-251201415001
251201415001,SSEN,38.0,5744.0,2024-12-08 03:00:00+00:00,"{'x': -0.292495, 'y': 51.487429}",SSEN-2512014150,SSEN-251201415001
251201415001,SSEN,38.0,5943.0,2024-12-08 03:30:00+00:00,"{'x': -0.292495, 'y': 51.487429}",SSEN-2512014150,SSEN-251201415001
251201415001,SSEN,38.0,5486.0,2024-12-08 04:00:00+00:00,"{'x': -0.292495, 'y': 51.487429}",SSEN-2512014150,SSEN-251201415001
251201415001,SSEN,38.0,5651.0,2024-12-08 04:30:00+00:00,"{'x': -0.292495, 'y': 51.487429}",SSEN-2512014150,SSEN-251201415001
251201415001,SSEN,38.0,5461.0,2024-12-08 05:00:00+00:00,"{'x': -0.292495, 'y': 51.487429}",SSEN-2512014150,SSEN-251201415001
251201415001,SSEN,38.0,5014.0,2024-12-08 05:30:00+00:00,"{'x': -0.292495, 'y': 51.487429}",SSEN-2512014150,SSEN-251201415001
251201415001,SSEN,38.0,5452.0,2024-12-08 06:00:00+00:00,"{'x': -0.292495, 'y': 51.487429}",SSEN-2512014150,SSEN-251201415001
251201415001,SSEN,38.0,5430.0,2024-12-08 06:30:00+00:00,"{'x': -0.292495, 'y': 51.487429}",SSEN-2512014150,SSEN-251201415001
251201415001,SSEN,38.0,5604.0,2024-12-08 07:00:00+00:00,"{'x': -0.292495, 'y': 51.487429}",SSEN-2512014150,SSEN-251201415001
251201415001,SSEN,38.0,5938.0,2024-12-08 07:30:00+00:00,"{'x': -0.292495, 'y': 51.487429}",SSEN-2512014150,SSEN-251201415001
251201415001,SSEN,38.0,6643.0,2024-12-08 08:00:00+00:00,"{'x': -0.292495, 'y': 51.487429}",SSEN-2512014150,SSEN-251201415001
251201415001,SSEN,38.0,7410.0,2024-12-08 08:30:00+00:00,"{'x': -0.292495, 'y': 51.487429}",SSEN-2512014150,SSEN-251201415001
251201415001,SSEN,38.0,7368.0,2024-12-08 09:00:00+00:00,"{'x': -0.292495, 'y': 51.487429}",SSEN-2512014150,SSEN-251201415001
251201415001,SSEN,38.0,9881.0,2024-12-08 09:30:00+00:00,"{'x': -0.292495, 'y': 51.487429}",SSEN-2512014150,SSEN-251201415001
251201415001,SSEN,38.0,10339.0,2024-12-08 10:00:00+00:00,"{'x': -0.292495, 'y': 51.487429}",SSEN-2512014150,SSEN-251201415001
251201415001,SSEN,38.0,9677.0,2024-12-08 10:30:00+00:00,"{'x': -0.292495, 'y': 51.487429}",SSEN-2512014150,SSEN-251201415001
251201415001,SSEN,38.0,11218.0,2024-12-08 11:00:00+00:00,"{'x': -0.292495, 'y': 51.487429}",SSEN-2512014150,SSEN-251201415001
251201415001,SSEN,38.0,10058.0,2024-12-08 11:30:00+00:00,"{'x': -0.292495, 'y': 51.487429}",SSEN-2512014150,SSEN-251201415001
251201415001,SSEN,38.0,9917.0,2024-12-08 12:00:00+00:00,"{'x': -0.292495, 'y': 51.487429}",SSEN-2512014150,SSEN-251201415001
251201415001,SSEN,38.0,12080.0,2024-12-08 12:30:00+00:00,"{'x': -0.292495, 'y': 51.487429}",SSEN-2512014150,SSEN-251201415001
251201415001,SSEN,38.0,12278.0,2024-12-08 13:00:00+00:00,"{'x': -0.292495, 'y': 51.487429}",SSEN-2512014150,SSEN-251201415001
251201415001,SSEN,38.0,11009.0,2024-12-08 13:30:00+00:00,"{'x': -0.292495, 'y': 51.487429}",SSEN-2512014150,SSEN-251201415001
251201415001,SSEN,38.0,9813.0,2024-12-08 14:00:00+00:00,"{'x': -0.292495, 'y': 51.487429}",SSEN-2512014150,SSEN-251201415001
251201415001,SSEN,38.0,9159.0,2024-12-08 14:30:00+00:00,"{'x': -0.292495, 'y': 51.487429}",SSEN-2512014150,SSEN-251201415001
251201415001,SSEN,38.0,11187.0,2024-12-08 15:00:00+00:00,"{'x': -0.292495, 'y': 51.487429}",SSEN-2512014150,SSEN-251201415001
251201415001,SSEN,38.0,11788.0,2024-12-08 15:30:00+00:00,"{'x': -0.292495, 'y': 51.487429}",SSEN-2512014150,SSEN-251201415001
251201415001,SSEN,38.0,13360.0,2024-12-08 16:00:00+00:00,"{'x': -0.292495, 'y': 51.487429}",SSEN-2512014150,SSEN-251201415001
251201415001,SSEN,38.0,13095.0,2024-12-08 16:30:00+00:00,"{'x': -0.292495, 'y': 51.487429}",SSEN-2512014150,SSEN-251201415001
251201415001,SSEN,38.0,12864.0,2024-12-08 17:00:00+00:00,"{'x': -0.292495, 'y': 51.487429}",SSEN-2512014150,SSEN-251201415001
251201415001,SSEN,38.0,13065.0,2024-12-08 17:30:00+00:00,"{'x': -0.292495, 'y': 51.487429}",SSEN-2512014150,SSEN-251201415001
251201415001,SSEN,38.0,15028.0,2024-12-08 18:00:00+00:00,"{'x': -0.292495, 'y': 51.487429}",SSEN-2512014150,SSEN-251201415001
251201415001,SSEN,38.0,14450.0,2024-12-08 18:30:00+00:00,"{'x': -0.292495, 'y': 51.487429}",SSEN-2512014150,SSEN-251201415001
251201415001,SSEN,38.0,14416.0,2024-12-08 19:00:00+00:00,"{'x': -0.292495, 'y': 51.487429}",SSEN-2512014150,SSEN-251201415001
251201415001,SSEN,38.0,11496.0,2024-12-08 19:30:00+00:00,"{'x': -0.292495, 'y': 51.487429}",SSEN-2512014150,SSEN-251201415001
251201415001,SSEN,38.0,12106.0,2024-12-08 20:00:00+00:00,"{'x': -0.292495, 'y': 51.487429}",SSEN-2512014150,SSEN-251201415001
251201415001,SSEN,38.0,11505.0,2024-12-08 20:30:00+00:00,"{'x': -0.292495, 'y': 51.487429}",SSEN-2512014150,SSEN-251201415001
251201415001,SSEN,38.0,11432.0,2024-12-08 21:00:00+00:00,"{'x': -0.292495, 'y': 51.487429}",SSEN-2512014150,SSEN-251201415001
251201415001,SSEN,38.0,10604.0,2024-12-08 21:30:00+00:00,"{'x': -0.292495, 'y': 51.487429}",SSEN-2512014150,SSEN-251201415001
251201415001,SSEN,38.0,9973.0,2024-12-08 22:00:00+00:00,"{'x': -0.292495, 'y': 51.487429}",SSEN-2512014150,SSEN-251201415001
251201415001,SSEN,38.0,10058.0,2024-12-08 22:30:00+00:00,"{'x': -0.292495, 'y': 51.487429}",SSEN-2512014150,SSEN-251201415001
251201415001,SSEN,38.0,9122.0,2024-12-08 23:00:00+00:00,"{'x': -0.292495, 'y': 51.487429}",SSEN-2512014150,SSEN-251201415001
251201415001,SSEN,38.0,7598.0,2024-12-08 23:30:00+00:00,"{'x': -0.292495, 'y': 51.487429}",SSEN-2512014150,SSEN-251201415001
251201415001,SSEN,38.0,7294.0,2024-12-09 00:00:00+00:00,"{'x': -0.292495, 'y': 51.487429}",SSEN-2512014150,SSEN-251201415001
251201415001,SSEN,39.0,8072.0,2024-12-09 00:30:00+00:00,"{'x': -0.292495, 'y': 51.487429}",SSEN-2512014150,SSEN-251201415001
251201415001,SSEN,39.0,5932.0,2024-12-09 01:00:00+00:00,"{'x': -0.292495, 'y': 51.487429}",SSEN-2512014150,SSEN-251201415001
251201415001,SSEN,39.0,5464.0,2024-12-09 01:30:00+00:00,"{'x': -0.292495, 'y': 51.487429}",SSEN-2512014150,SSEN-251201415001
251201415001,SSEN,39.0,5400.0,2024-12-09 02:00:00+00:00,"{'x': -0.292495, 'y': 51.487429}",SSEN-2512014150,SSEN-251201415001
251201415001,SSEN,39.0,5331.0,2024-12-09 02:30:00+00:00,"{'x': -0.292495, 'y': 51.487429}",SSEN-2512014150,SSEN-251201415001
251201415001,SSEN,39.0,5057.0,2024-12-09 03:00:00+00:00,"{'x': -0.292495, 'y': 51.487429}",SSEN-2512014150,SSEN-251201415001
251201415001,SSEN,39.0,5375.0,2024-12-09 03:30:00+00:00,"{'x': -0.292495, 'y': 51.487429}",SSEN-2512014150,SSEN-251201415001
251201415001,SSEN,39.0,5107.0,2024-12-09 04:00:00+00:00,"{'x': -0.292495, 'y': 51.487429}",SSEN-2512014150,SSEN-251201415001
251201415001,SSEN,39.0,5843.0,2024-12-09 04:30:00+00:00,"{'x': -0.292495, 'y': 51.487429}",SSEN-2512014150,SSEN-251201415001
251201415001,SSEN,39.0,5251.0,2024-12-09 05:00:00+00:00,"{'x': -0.292495, 'y': 51.487429}",SSEN-2512014150,SSEN-251201415001
251201415001,SSEN,39.0,5259.0,2024-12-09 05:30:00+00:00,"{'x': -0.292495, 'y': 51.487429}",SSEN-2512014150,SSEN-251201415001
251201415001,SSEN,39.0,6329.0,2024-12-09 06:00:00+00:00,"{'x': -0.292495, 'y': 51.487429}",SSEN-2512014150,SSEN-251201415001
251201415001,SSEN,39.0,6443.0,2024-12-09 06:30:00+00:00,"{'x': -0.292495, 'y': 51.487429}",SSEN-2512014150,SSEN-251201415001
251201415001,SSEN,39.0,7820.0,2024-12-09 07:00:00+00:00,"{'x': -0.292495, 'y': 51.487429}",SSEN-2512014150,SSEN-251201415001
251201415001,SSEN,39.0,9125.0,2024-12-09 07:30:00+00:00,"{'x': -0.292495, 'y': 51.487429}",SSEN-2512014150,SSEN-251201415001
251201415001,SSEN,39.0,8479.0,2024-12-09 08:00:00+00:00,"{'x': -0.292495, 'y': 51.487429}",SSEN-2512014150,SSEN-251201415001
251201415001,SSEN,39.0,8375.0,2024-12-09 08:30:00+00:00,"{'x': -0.292495, 'y': 51.487429}",SSEN-2512014150,SSEN-251201415001
251201415001,SSEN,39.0,7798.0,2024-12-09 09:00:00+00:00,"{'x': -0.292495, 'y': 51.487429}",SSEN-2512014150,SSEN-251201415001
251201415001,SSEN,39.0,8792.0,2024-12-09 09:30:00+00:00,"{'x': -0.292495, 'y': 51.487429}",SSEN-2512014150,SSEN-251201415001
251201415001,SSEN,39.0,8691.0,2024-12-09 10:00:00+00:00,"{'x': -0.292495, 'y': 51.487429}",SSEN-2512014150,SSEN-251201415001
251201415001,SSEN,39.0,9369.0,2024-12-09 10:30:00+00:00,"{'x': -0.292495, 'y': 51.487429}",SSEN-2512014150,SSEN-251201415001
251201415001,SSEN,39.0,7174.0,2024-12-09 11:00:00+00:00,"{'x': -0.292495, 'y': 51.487429}",SSEN-2512014150,SSEN-251201415001
251201415001,SSEN,39.0,8549.0,2024-12-09 11:30:00+00:00,"{'x': -0.292495, 'y': 51.487429}",SSEN-2512014150,SSEN-251201415001
251201415001,SSEN,39.0,9330.0,2024-12-09 12:00:00+00:00,"{'x': -0.292495, 'y': 51.487429}",SSEN-2512014150,SSEN-251201415001
251201415001,SSEN,39.0,8624.0,2024-12-09 12:30:00+00:00,"{'x': -0.292495, 'y': 51.487429}",SSEN-2512014150,SSEN-251201415001
251201415001,SSEN,39.0,8736.0,2024-12-09 13:00:00+00:00,"{'x': -0.292495, 'y': 51.487429}",SSEN-2512014150,SSEN-251201415001
251201415001,SSEN,39.0,8507.0,2024-12-09 13:30:00+00:00,"{'x': -0.292495, 'y': 51.487429}",SSEN-2512014150,SSEN-251201415001
251201415001,SSEN,39.0,7432.0,2024-12-09 14:00:00+00:00,"{'x': -0.292495, 'y': 51.487429}",SSEN-2512014150,SSEN-251201415001
251201415001,SSEN,39.0,8454.0,2024-12-09 14:30:00+00:00,"{'x': -0.292495, 'y': 51.487429}",SSEN-2512014150,SSEN-251201415001
251201415001,SSEN,39.0,8420.0,2024-12-09 15:00:00+00:00,"{'x': -0.292495, 'y': 51.487429}",SSEN-2512014150,SSEN-251201415001
251201415001,SSEN,39.0,8813.0,2024-12-09 15:30:00+00:00,"{'x': -0.292495, 'y': 51.487429}",SSEN-2512014150,SSEN-251201415001
251201415001,SSEN,39.0,9665.0,2024-12-09 16:00:00+00:00,"{'x': -0.292495, 'y': 51.487429}",SSEN-2512014150,SSEN-251201415001
251201415001,SSEN,39.0,9240.0,2024-12-09 16:30:00+00:00,"{'x': -0.292495, 'y': 51.487429}",SSEN-2512014150,SSEN-251201415001
251201415001,SSEN,39.0,10243.0,2024-12-09 17:00:00+00:00,"{'x': -0.292495, 'y': 51.487429}",SSEN-2512014150,SSEN-251201415001
251201415001,SSEN,39.0,10740.0,2024-12-09 17:30:00+00:00,"{'x': -0.292495, 'y': 51.487429}",SSEN-2512014150,SSEN-251201415001
251201415001,SSEN,39.0,10333.0,2024-12-09 18:00:00+00:00,"{'x': -0.292495, 'y': 51.487429}",SSEN-2512014150,SSEN-251201415001
251201415001,SSEN,39.0,13540.0,2024-12-09 18:30:00+00:00,"{'x': -0.292495, 'y': 51.487429}",SSEN-2512014150,SSEN-251201415001
251201415001,SSEN,39.0,15977.0,2024-12-09 19:00:00+00:00,"{'x': -0.292495, 'y': 51.487429}",SSEN-2512014150,SSEN-251201415001
251201415001,SSEN,39.0,14081.0,2024-12-09 19:30:00+00:00,"{'x': -0.292495, 'y': 51.487429}",SSEN-2512014150,SSEN-251201415001
251201415001,SSEN,39.0,15121.0,2024-12-09 20:00:00+00:00,"{'x': -0.292495, 'y': 51.487429}",SSEN-2512014150,SSEN-251201415001
251201415001,SSEN,39.0,12767.0,2024-12-09 20:30:00+00:00,"{'x': -0.292495, 'y': 51.487429}",SSEN-2512014150,SSEN-251201415001
251201415001,SSEN,39.0,12961.0,2024-12-09 21:00:00+00:00,"{'x': -0.292495, 'y': 51.487429}",SSEN-2512014150,SSEN-251201415001
251201415001,SSEN,39.0,11906.0,2024-12-09 21:30:00+00:00,"{'x': -0.292495, 'y': 51.487429}",SSEN-2512014150,SSEN-251201415001
251201415001,SSEN,39.0,10511.0,2024-12-09 22:00:00+00:00,"{'x': -0.292495, 'y': 51.487429}",SSEN-2512014150,SSEN-251201415001
251201415001,SSEN,39.0,9987.0,2024-12-09 22:30:00+00:00,"{'x': -0.292495, 'y': 51.487429}",SSEN-2512014150,SSEN-251201415001
251201415001,SSEN,39.0,8515.0,2024-12-09 23:00:00+00:00,"{'x': -0.292495, 'y': 51.487429}",SSEN-2512014150,SSEN-251201415001
251201415001,SSEN,39.0,7300.0,2024-12-09 23:30:00+00:00,"{'x': -0.292495, 'y': 51.487429}",SSEN-2512014150,SSEN-251201415001
251201415001,SSEN,39.0,7383.0,2024-12-10 00:00:00+00:00,"{'x': -0.292495, 'y': 51.487429}",SSEN-2512014150,SSEN-251201415001
251201415001,SSEN,39.0,6995.0,2024-12-10 00:30:00+00:00,"{'x': -0.292495, 'y': 51.487429}",SSEN-2512014150,SSEN-251201415001
251201415001,SSEN,39.0,6021.0,2024-12-10 01:00:00+00:00,"{'x': -0.292495, 'y': 51.487429}",SSEN-2512014150,SSEN-251201415001
251201415001,SSEN,39.0,5626.0,2024-12-10 01:30:00+00:00,"{'x': -0.292495, 'y': 51.487429}",SSEN-2512014150,SSEN-251201415001
251201415001,SSEN,39.0,5595.0,2024-12-10 02:00:00+00:00,"{'x': -0.292495, 'y': 51.487429}",SSEN-2512014150,SSEN-251201415001
251201415001,SSEN,39.0,5643.0,2024-12-10 02:30:00+00:00,"{'x': -0.292495, 'y': 51.487429}",SSEN-2512014150,SSEN-251201415001
251201415001,SSEN,39.0,5369.0,2024-12-10 03:00:00+00:00,"{'x': -0.292495, 'y': 51.487429}",SSEN-2512014150,SSEN-251201415001
251201415001,SSEN,39.0,5501.0,2024-12-10 03:30:00+00:00,"{'x': -0.292495, 'y': 51.487429}",SSEN-2512014150,SSEN-251201415001
251201415001,SSEN,39.0,5823.0,2024-12-10 04:00:00+00:00,"{'x': -0.292495, 'y': 51.487429}",SSEN-2512014150,SSEN-251201415001
251201415001,SSEN,39.0,5332.0,2024-12-10 04:30:00+00:00,"{'x': -0.292495, 'y': 51.487429}",SSEN-2512014150,SSEN-251201415001
251201415001,SSEN,39.0,5295.0,2024-12-10 05:00:00+00:00,"{'x': -0.292495, 'y': 51.487429}",SSEN-2512014150,SSEN-251201415001
251201415001,SSEN,39.0,5272.0,2024-12-10 05:30:00+00:00,"{'x': -0.292495, 'y': 51.487429}",SSEN-2512014150,SSEN-251201415001
251201415001,SSEN,39.0,5847.0,2024-12-10 06:00:00+00:00,"{'x': -0.292495, 'y': 51.487429}",SSEN-2512014150,SSEN-251201415001
251201415001,SSEN,39.0,6386.0,2024-12-10 06:30:00+00:00,"{'x': -0.292495, 'y': 51.487429}",SSEN-2512014150,SSEN-251201415001
251201415001,SSEN,39.0,7634.0,2024-12-10 07:00:00+00:00,"{'x': -0.292495, 'y': 51.487429}",SSEN-2512014150,SSEN-251201415001
251201415001,SSEN,39.0,7308.0,2024-12-10 07:30:00+00:00,"{'x': -0.292495, 'y': 51.487429}",SSEN-2512014150,SSEN-251201415001
251201415001,SSEN,39.0,9771.0,2024-12-10 08:00:00+00:00,"{'x': -0.292495, 'y': 51.487429}",SSEN-2512014150,SSEN-251201415001
251201415001,SSEN,39.0,10762.0,2024-12-10 08:30:00+00:00,"{'x': -0.292495, 'y': 51.487429}",SSEN-2512014150,SSEN-251201415001
251201415001,SSEN,39.0,8121.0,2024-12-10 09:00:00+00:00,"{'x': -0.292495, 'y': 51.487429}",SSEN-2512014150,SSEN-251201415001
251201415001,SSEN,39.0,8373.0,2024-12-10 09:30:00+00:00,"{'x': -0.292495, 'y': 51.487429}",SSEN-2512014150,SSEN-251201415001
251201415001,SSEN,39.0,7416.0,2024-12-10 10:00:00+00:00,"{'x': -0.292495, 'y': 51.487429}",SSEN-2512014150,SSEN-251201415001
251201415001,SSEN,39.0,9351.0,2024-12-10 10:30:00+00:00,"{'x': -0.292495, 'y': 51.487429}",SSEN-2512014150,SSEN-251201415001
251201415001,SSEN,39.0,8967.0,2024-12-10 11:00:00+00:00,"{'x': -0.292495, 'y': 51.487429}",SSEN-2512014150,SSEN-251201415001
251201415001,SSEN,39.0,7976.0,2024-12-10 11:30:00+00:00,"{'x': -0.292495, 'y': 51.487429}",SSEN-2512014150,SSEN-251201415001
251201415001,SSEN,39.0,9279.0,2024-12-10 12:00:00+00:00,"{'x': -0.292495, 'y': 51.487429}",SSEN-2512014150,SSEN-251201415001
251201415001,SSEN,39.0,8796.0,2024-12-10 12:30:00+00:00,"{'x': -0.292495, 'y': 51.487429}",SSEN-2512014150,SSEN-251201415001
251201415001,SSEN,39.0,8231.0,2024-12-10 13:00:00+00:00,"{'x': -0.292495, 'y': 51.487429}",SSEN-2512014150,SSEN-251201415001
251201415001,SSEN,39.0,8030.0,2024-12-10 13:30:00+00:00,"{'x': -0.292495, 'y': 51.487429}",SSEN-2512014150,SSEN-251201415001
251201415001,SSEN,39.0,8547.0,2024-12-10 14:00:00+00:00,"{'x': -0.292495, 'y': 51.487429}",SSEN-2512014150,SSEN-251201415001
251201415001,SSEN,39.0,9633.0,2024-12-10 14:30:00+00:00,"{'x': -0.292495, 'y': 51.487429}",SSEN-2512014150,SSEN-251201415001
251201415001,SSEN,39.0,8554.0,2024-12-10 15:00:00+00:00,"{'x': -0.292495, 'y': 51.487429}",SSEN-2512014150,SSEN-251201415001
251201415001,SSEN,39.0,7681.0,2024-12-10 15:30:00+00:00,"{'x': -0.292495, 'y': 51.487429}",SSEN-2512014150,SSEN-251201415001
251201415001,SSEN,39.0,8962.0,2024-12-10 16:00:00+00:00,"{'x': -0.292495, 'y': 51.487429}",SSEN-2512014150,SSEN-251201415001
251201415001,SSEN,39.0,9825.0,2024-12-10 16:30:00+00:00,"{'x': -0.292495, 'y': 51.487429}",SSEN-2512014150,SSEN-251201415001
251201415001,SSEN,39.0,10267.0,2024-12-10 17:00:00+00:00,"{'x': -0.292495, 'y': 51.487429}",SSEN-2512014150,SSEN-251201415001
251201415001,SSEN,39.0,11590.0,2024-12-10 17:30:00+00:00,"{'x': -0.292495, 'y': 51.487429}",SSEN-2512014150,SSEN-251201415001
251201415001,SSEN,39.0,13269.0,2024-12-10 18:00:00+00:00,"{'x': -0.292495, 'y': 51.487429}",SSEN-2512014150,SSEN-251201415001
251201415001,SSEN,39.0,12344.0,2024-12-10 18:30:00+00:00,"{'x': -0.292495, 'y': 51.487429}",SSEN-2512014150,SSEN-251201415001
251201415001,SSEN,39.0,11170.0,2024-12-10 19:00:00+00:00,"{'x': -0.292495, 'y': 51.487429}",SSEN-2512014150,SSEN-251201415001
251201415001,SSEN,39.0,13278.0,2024-12-10 19:30:00+00:00,"{'x': -0.292495, 'y': 51.487429}",SSEN-2512014150,SSEN-251201415001
251201415001,SSEN,39.0,14769.0,2024-12-10 20:00:00+00:00,"{'x': -0.292495, 'y': 51.487429}",SSEN-2512014150,SSEN-251201415001
251201415001,SSEN,39.0,12953.0,2024-12-10 20:30:00+00:00,"{'x': -0.292495, 'y': 51.487429}",SSEN-2512014150,SSEN-251201415001
251201415001,SSEN,39.0,11985.0,2024-12-10 21:00:00+00:00,"{'x': -0.292495, 'y': 51.487429}",SSEN-2512014150,SSEN-251201415001
251201415001,SSEN,39.0,12896.0,2024-12-10 21:30:00+00:00,"{'x': -0.292495, 'y': 51.487429}",SSEN-2512014150,SSEN-251201415001
251201415001,SSEN,39.0,11729.0,2024-12-10 22:00:00+00:00,"{'x': -0.292495, 'y': 51.487429}",SSEN-2512014150,SSEN-251201415001
251201415001,SSEN,39.0,9275.0,2024-12-10 22:30:00+00:00,"{'x': -0.292495, 'y': 51.487429}",SSEN-2512014150,SSEN-251201415001
251201415001,SSEN,39.0,8168.0,2024-12-10 23:00:00+00:00,"{'x': -0.292495, 'y': 51.487429}",SSEN-2512014150,SSEN-251201415001
251201415001,SSEN,39.0,6370.0,2024-12-10 23:30:00+00:00,"{'x': -0.292495, 'y': 51.487429}",SSEN-2512014150,SSEN-251201415001
251201415001,SSEN,39.0,6653.0,2024-12-11 00:00:00+00:00,"{'x': -0.292495, 'y': 51.487429}",SSEN-2512014150,SSEN-251201415001
251201415001,SSEN,36.0,6159.0,2024-12-11 00:30:00+00:00,"{'x': -0.292495, 'y': 51.487429}",SSEN-2512014150,SSEN-251201415001
251201415001,SSEN,36.0,5659.0,2024-12-11 01:00:00+00:00,"{'x': -0.292495, 'y': 51.487429}",SSEN-2512014150,SSEN-251201415001
251201415001,SSEN,36.0,6005.0,2024-12-11 01:30:00+00:00,"{'x': -0.292495, 'y': 51.487429}",SSEN-2512014150,SSEN-251201415001
251201415001,SSEN,36.0,5155.0,2024-12-11 02:00:00+00:00,"{'x': -0.292495, 'y': 51.487429}",SSEN-2512014150,SSEN-251201415001
251201415001,SSEN,36.0,5815.0,2024-12-11 02:30:00+00:00,"{'x': -0.292495, 'y': 51.487429}",SSEN-2512014150,SSEN-251201415001
251201415001,SSEN,36.0,5287.0,2024-12-11 03:00:00+00:00,"{'x': -0.292495, 'y': 51.487429}",SSEN-2512014150,SSEN-251201415001
251201415001,SSEN,36.0,5172.0,2024-12-11 03:30:00+00:00,"{'x': -0.292495, 'y': 51.487429}",SSEN-2512014150,SSEN-251201415001
251201415001,SSEN,36.0,5700.0,2024-12-11 04:00:00+00:00,"{'x': -0.292495, 'y': 51.487429}",SSEN-2512014150,SSEN-251201415001
251201415001,SSEN,36.0,5190.0,2024-12-11 04:30:00+00:00,"{'x': -0.292495, 'y': 51.487429}",SSEN-2512014150,SSEN-251201415001
251201415001,SSEN,36.0,4937.0,2024-12-11 05:00:00+00:00,"{'x': -0.292495, 'y': 51.487429}",SSEN-2512014150,SSEN-251201415001
251201415001,SSEN,36.0,5200.0,2024-12-11 05:30:00+00:00,"{'x': -0.292495, 'y': 51.487429}",SSEN-2512014150,SSEN-251201415001
251201415001,SSEN,36.0,6117.0,2024-12-11 06:00:00+00:00,"{'x': -0.292495, 'y': 51.487429}",SSEN-2512014150,SSEN-251201415001
251201415001,SSEN,36.0,6207.0,2024-12-11 06:30:00+00:00,"{'x': -0.292495, 'y': 51.487429}",SSEN-2512014150,SSEN-251201415001
251201415001,SSEN,36.0,7454.0,2024-12-11 07:00:00+00:00,"{'x': -0.292495, 'y': 51.487429}",SSEN-2512014150,SSEN-251201415001
251201415001,SSEN,36.0,8273.0,2024-12-11 07:30:00+00:00,"{'x': -0.292495, 'y': 51.487429}",SSEN-2512014150,SSEN-251201415001
251201415001,SSEN,36.0,9182.0,2024-12-11 08:00:00+00:00,"{'x': -0.292495, 'y': 51.487429}",SSEN-2512014150,SSEN-251201415001
251201415001,SSEN,36.0,8318.0,2024-12-11 08:30:00+00:00,"{'x': -0.292495, 'y': 51.487429}",SSEN-2512014150,SSEN-251201415001
251201415001,SSEN,36.0,8074.0,2024-12-11 09:00:00+00:00,"{'x': -0.292495, 'y': 51.487429}",SSEN-2512014150,SSEN-251201415001
251201415001,SSEN,36.0,10321.0,2024-12-11 09:30:00+00:00,"{'x': -0.292495, 'y': 51.487429}",SSEN-2512014150,SSEN-251201415001
251201415001,SSEN,36.0,10579.0,2024-12-11 10:00:00+00:00,"{'x': -0.292495, 'y': 51.487429}",SSEN-2512014150,SSEN-251201415001
251201415001,SSEN,36.0,9511.0,2024-12-11 10:30:00+00:00,"{'x': -0.292495, 'y': 51.487429}",SSEN-2512014150,SSEN-251201415001
251201415001,SSEN,36.0,8202.0,2024-12-11 11:00:00+00:00,"{'x': -0.292495, 'y': 51.487429}",SSEN-2512014150,SSEN-251201415001
251201415001,SSEN,36.0,7842.0,2024-12-11 11:30:00+00:00,"{'x': -0.292495, 'y': 51.487429}",SSEN-2512014150,SSEN-251201415001
251201415001,SSEN,36.0,7923.0,2024-12-11 12:00:00+00:00,"{'x': -0.292495, 'y': 51.487429}",SSEN-2512014150,SSEN-251201415001
251201415001,SSEN,36.0,7588.0,2024-12-11 12:30:00+00:00,"{'x': -0.292495, 'y': 51.487429}",SSEN-2512014150,SSEN-251201415001
251201415001,SSEN,36.0,9542.0,2024-12-11 13:00:00+00:00,"{'x': -0.292495, 'y': 51.487429}",SSEN-2512014150,SSEN-251201415001
251201415001,SSEN,36.0,8471.0,2024-12-11 13:30:00+00:00,"{'x': -0.292495, 'y': 51.487429}",SSEN-2512014150,SSEN-251201415001
251201415001,SSEN,36.0,8539.0,2024-12-11 14:00:00+00:00,"{'x': -0.292495, 'y': 51.487429}",SSEN-2512014150,SSEN-251201415001
251201415001,SSEN,36.0,8050.0,2024-12-11 14:30:00+00:00,"{'x': -0.292495, 'y': 51.487429}",SSEN-2512014150,SSEN-251201415001
251201415001,SSEN,36.0,7030.0,2024-12-11 15:00:00+00:00,"{'x': -0.292495, 'y': 51.487429}",SSEN-2512014150,SSEN-251201415001
251201415001,SSEN,36.0,8417.0,2024-12-11 15:30:00+00:00,"{'x': -0.292495, 'y': 51.487429}",SSEN-2512014150,SSEN-251201415001
251201415001,SSEN,36.0,9480.0,2024-12-11 16:00:00+00:00,"{'x': -0.292495, 'y': 51.487429}",SSEN-2512014150,SSEN-251201415001
251201415001,SSEN,36.0,10545.0,2024-12-11 16:30:00+00:00,"{'x': -0.292495, 'y': 51.487429}",SSEN-2512014150,SSEN-251201415001
251201415001,SSEN,36.0,10052.0,2024-12-11 17:00:00+00:00,"{'x': -0.292495, 'y': 51.487429}",SSEN-2512014150,SSEN-251201415001
251201415001,SSEN,36.0,11624.0,2024-12-11 17:30:00+00:00,"{'x': -0.292495, 'y': 51.487429}",SSEN-2512014150,SSEN-251201415001
251201415001,SSEN,36.0,11103.0,2024-12-11 18:00:00+00:00,"{'x': -0.292495, 'y': 51.487429}",SSEN-2512014150,SSEN-251201415001
251201415001,SSEN,36.0,11621.0,2024-12-11 18:30:00+00:00,"{'x': -0.292495, 'y': 51.487429}",SSEN-2512014150,SSEN-251201415001
251201415001,SSEN,36.0,10945.0,2024-12-11 19:00:00+00:00,"{'x': -0.292495, 'y': 51.487429}",SSEN-2512014150,SSEN-251201415001
251201415001,SSEN,36.0,12428.0,2024-12-11 19:30:00+00:00,"{'x': -0.292495, 'y': 51.487429}",SSEN-2512014150,SSEN-251201415001
251201415001,SSEN,36.0,9234.0,2024-12-11 20:00:00+00:00,"{'x': -0.292495, 'y': 51.487429}",SSEN-2512014150,SSEN-251201415001
251201415001,SSEN,36.0,9830.0,2024-12-11 20:30:00+00:00,"{'x': -0.292495, 'y': 51.487429}",SSEN-2512014150,SSEN-251201415001
251201415001,SSEN,36.0,9593.0,2024-12-11 21:00:00+00:00,"{'x': -0.292495, 'y': 51.487429}",SSEN-2512014150,SSEN-251201415001
251201415001,SSEN,36.0,9267.0,2024-12-11 21:30:00+00:00,"{'x': -0.292495, 'y': 51.487429}",SSEN-2512014150,SSEN-251201415001
251201415001,SSEN,36.0,8879.0,2024-12-11 22:00:00+00:00,"{'x': -0.292495, 'y': 51.487429}",SSEN-2512014150,SSEN-251201415001
251201415001,SSEN,36.0,8202.0,2024-12-11 22:30:00+00:00,"{'x': -0.292495, 'y': 51.487429}",SSEN-2512014150,SSEN-251201415001
251201415001,SSEN,36.0,7054.0,2024-12-11 23:00:00+00:00,"{'x': -0.292495, 'y': 51.487429}",SSEN-2512014150,SSEN-251201415001
251201415001,SSEN,36.0,6674.0,2024-12-11 23:30:00+00:00,"{'x': -0.292495, 'y': 51.487429}",SSEN-2512014150,SSEN-251201415001
251201415001,SSEN,36.0,5993.0,2024-12-12 00:00:00+00:00,"{'x': -0.292495, 'y': 51.487429}",SSEN-2512014150,SSEN-251201415001
251201415001,SSEN,35.0,5840.0,2024-12-12 00:30:00+00:00,"{'x': -0.292495, 'y': 51.487429}",SSEN-2512014150,SSEN-251201415001
251201415001,SSEN,35.0,5454.0,2024-12-12 01:00:00+00:00,"{'x': -0.292495, 'y': 51.487429}",SSEN-2512014150,SSEN-251201415001
251201415001,SSEN,35.0,4886.0,2024-12-12 01:30:00+00:00,"{'x': -0.292495, 'y': 51.487429}",SSEN-2512014150,SSEN-251201415001
251201415001,SSEN,35.0,4760.0,2024-12-12 02:00:00+00:00,"{'x': -0.292495, 'y': 51.487429}",SSEN-2512014150,SSEN-251201415001
251201415001,SSEN,35.0,4710.0,2024-12-12 02:30:00+00:00,"{'x': -0.292495, 'y': 51.487429}",SSEN-2512014150,SSEN-251201415001
251201415001,SSEN,35.0,4757.0,2024-12-12 03:00:00+00:00,"{'x': -0.292495, 'y': 51.487429}",SSEN-2512014150,SSEN-251201415001
251201415001,SSEN,35.0,4851.0,2024-12-12 03:30:00+00:00,"{'x': -0.292495, 'y': 51.487429}",SSEN-2512014150,SSEN-251201415001
251201415001,SSEN,35.0,5066.0,2024-12-12 04:00:00+00:00,"{'x': -0.292495, 'y': 51.487429}",SSEN-2512014150,SSEN-251201415001
251201415001,SSEN,35.0,4990.0,2024-12-12 04:30:00+00:00,"{'x': -0.292495, 'y': 51.487429}",SSEN-2512014150,SSEN-251201415001
251201415001,SSEN,35.0,4794.0,2024-12-12 05:00:00+00:00,"{'x': -0.292495, 'y': 51.487429}",SSEN-2512014150,SSEN-251201415001
251201415001,SSEN,35.0,6822.0,2024-12-12 05:30:00+00:00,"{'x': -0.292495, 'y': 51.487429}",SSEN-2512014150,SSEN-251201415001
251201415001,SSEN,35.0,6028.0,2024-12-12 06:00:00+00:00,"{'x': -0.292495, 'y': 51.487429}",SSEN-2512014150,SSEN-251201415001
251201415001,SSEN,35.0,6167.0,2024-12-12 06:30:00+00:00,"{'x': -0.292495, 'y': 51.487429}",SSEN-2512014150,SSEN-251201415001
251201415001,SSEN,35.0,7170.0,2024-12-12 07:00:00+00:00,"{'x': -0.292495, 'y': 51.487429}",SSEN-2512014150,SSEN-251201415001
251201415001,SSEN,35.0,6840.0,2024-12-12 07:30:00+00:00,"{'x': -0.292495, 'y': 51.487429}",SSEN-2512014150,SSEN-251201415001
251201415001,SSEN,35.0,7449.0,2024-12-12 08:00:00+00:00,"{'x': -0.292495, 'y': 51.487429}",SSEN-2512014150,SSEN-251201415001
251201415001,SSEN,35.0,6896.0,2024-12-12 08:30:00+00:00,"{'x': -0.292495, 'y': 51.487429}",SSEN-2512014150,SSEN-251201415001
251201415001,SSEN,35.0,7108.0,2024-12-12 09:00:00+00:00,"{'x': -0.292495, 'y': 51.487429}",SSEN-2512014150,SSEN-251201415001
251201415001,SSEN,35.0,6874.0,2024-12-12 09:30:00+00:00,"{'x': -0.292495, 'y': 51.487429}",SSEN-2512014150,SSEN-251201415001
251201415001,SSEN,35.0,6098.0,2024-12-12 10:00:00+00:00,"{'x': -0.292495, 'y': 51.487429}",SSEN-2512014150,SSEN-251201415001
251201415001,SSEN,35.0,6989.0,2024-12-12 10:30:00+00:00,"{'x': -0.292495, 'y': 51.487429}",SSEN-2512014150,SSEN-251201415001
251201415001,SSEN,35.0,6469.0,2024-12-12 11:00:00+00:00,"{'x': -0.292495, 'y': 51.487429}",SSEN-2512014150,SSEN-251201415001
251201415001,SSEN,35.0,8254.0,2024-12-12 11:30:00+00:00,"{'x': -0.292495, 'y': 51.487429}",SSEN-2512014150,SSEN-251201415001
251201415001,SSEN,35.0,7797.0,2024-12-12 12:00:00+00:00,"{'x': -0.292495, 'y': 51.487429}",SSEN-2512014150,SSEN-251201415001
251201415001,SSEN,35.0,6681.0,2024-12-12 12:30:00+00:00,"{'x': -0.292495, 'y': 51.487429}",SSEN-2512014150,SSEN-251201415001
251201415001,SSEN,35.0,8178.0,2024-12-12 13:00:00+00:00,"{'x': -0.292495, 'y': 51.487429}",SSEN-2512014150,SSEN-251201415001
251201415001,SSEN,35.0,10246.0,2024-12-12 13:30:00+00:00,"{'x': -0.292495, 'y': 51.487429}",SSEN-2512014150,SSEN-251201415001
251201415001,SSEN,35.0,8849.0,2024-12-12 14:00:00+00:00,"{'x': -0.292495, 'y': 51.487429}",SSEN-2512014150,SSEN-251201415001
251201415001,SSEN,35.0,6854.0,2024-12-12 14:30:00+00:00,"{'x': -0.292495, 'y': 51.487429}",SSEN-2512014150,SSEN-251201415001
251201415001,SSEN,35.0,6726.0,2024-12-12 15:00:00+00:00,"{'x': -0.292495, 'y': 51.487429}",SSEN-2512014150,SSEN-251201415001
251201415001,SSEN,35.0,7222.0,2024-12-12 15:30:00+00:00,"{'x': -0.292495, 'y': 51.487429}",SSEN-2512014150,SSEN-251201415001
251201415001,SSEN,35.0,8712.0,2024-12-12 16:00:00+00:00,"{'x': -0.292495, 'y': 51.487429}",SSEN-2512014150,SSEN-251201415001
251201415001,SSEN,35.0,8601.0,2024-12-12 16:30:00+00:00,"{'x': -0.292495, 'y': 51.487429}",SSEN-2512014150,SSEN-251201415001
251201415001,SSEN,35.0,11812.0,2024-12-12 17:00:00+00:00,"{'x': -0.292495, 'y': 51.487429}",SSEN-2512014150,SSEN-251201415001
251201415001,SSEN,35.0,10412.0,2024-12-12 17:30:00+00:00,"{'x': -0.292495, 'y': 51.487429}",SSEN-2512014150,SSEN-251201415001
251201415001,SSEN,35.0,11273.0,2024-12-12 18:00:00+00:00,"{'x': -0.292495, 'y': 51.487429}",SSEN-2512014150,SSEN-251201415001
251201415001,SSEN,35.0,11977.0,2024-12-12 18:30:00+00:00,"{'x': -0.292495, 'y': 51.487429}",SSEN-2512014150,SSEN-251201415001
251201415001,SSEN,35.0,11043.0,2024-12-12 19:00:00+00:00,"{'x': -0.292495, 'y': 51.487429}",SSEN-2512014150,SSEN-251201415001
251201415001,SSEN,35.0,11580.0,2024-12-12 19:30:00+00:00,"{'x': -0.292495, 'y': 51.487429}",SSEN-2512014150,SSEN-251201415001
251201415001,SSEN,35.0,10586.0,2024-12-12 20:00:00+00:00,"{'x': -0.292495, 'y': 51.487429}",SSEN-2512014150,SSEN-251201415001
251201415001,SSEN,35.0,10951.0,2024-12-12 20:30:00+00:00,"{'x': -0.292495, 'y': 51.487429}",SSEN-2512014150,SSEN-251201415001
251201415001,SSEN,35.0,11099.0,2024-12-12 21:00:00+00:00,"{'x': -0.292495, 'y': 51.487429}",SSEN-2512014150,SSEN-251201415001
251201415001,SSEN,35.0,11350.0,2024-12-12 21:30:00+00:00,"{'x': -0.292495, 'y': 51.487429}",SSEN-2512014150,SSEN-251201415001
251201415001,SSEN,35.0,12054.0,2024-12-12 22:00:00+00:00,"{'x': -0.292495, 'y': 51.487429}",SSEN-2512014150,SSEN-251201415001
251201415001,SSEN,35.0,9740.0,2024-12-12 22:30:00+00:00,"{'x': -0.292495, 'y': 51.487429}",SSEN-2512014150,SSEN-251201415001
251201415001,SSEN,35.0,8359.0,2024-12-12 23:00:00+00:00,"{'x': -0.292495, 'y': 51.487429}",SSEN-2512014150,SSEN-251201415001
251201415001,SSEN,35.0,6475.0,2024-12-12 23:30:00+00:00,"{'x': -0.292495, 'y': 51.487429}",SSEN-2512014150,SSEN-251201415001
251201415001,SSEN,35.0,5910.0,2024-12-13 00:00:00+00:00,"{'x': -0.292495, 'y': 51.487429}",SSEN-2512014150,SSEN-251201415001
251201415001,SSEN,35.0,6387.0,2024-12-13 00:30:00+00:00,"{'x': -0.292495, 'y': 51.487429}",SSEN-2512014150,SSEN-251201415001
251201415001,SSEN,35.0,5053.0,2024-12-13 01:00:00+00:00,"{'x': -0.292495, 'y': 51.487429}",SSEN-2512014150,SSEN-251201415001
251201415001,SSEN,35.0,5320.0,2024-12-13 01:30:00+00:00,"{'x': -0.292495, 'y': 51.487429}",SSEN-2512014150,SSEN-251201415001
251201415001,SSEN,35.0,4952.0,2024-12-13 02:00:00+00:00,"{'x': -0.292495, 'y': 51.487429}",SSEN-2512014150,SSEN-251201415001
251201415001,SSEN,35.0,5042.0,2024-12-13 02:30:00+00:00,"{'x': -0.292495, 'y': 51.487429}",SSEN-2512014150,SSEN-251201415001
251201415001,SSEN,35.0,4682.0,2024-12-13 03:00:00+00:00,"{'x': -0.292495, 'y': 51.487429}",SSEN-2512014150,SSEN-251201415001
251201415001,SSEN,35.0,4936.0,2024-12-13 03:30:00+00:00,"{'x': -0.292495, 'y': 51.487429}",SSEN-2512014150,SSEN-251201415001
251201415001,SSEN,35.0,4790.0,2024-12-13 04:00:00+00:00,"{'x': -0.292495, 'y': 51.487429}",SSEN-2512014150,SSEN-251201415001
251201415001,SSEN,35.0,5109.0,2024-12-13 04:30:00+00:00,"{'x': -0.292495, 'y': 51.487429}",SSEN-2512014150,SSEN-251201415001
251201415001,SSEN,35.0,5134.0,2024-12-13 05:00:00+00:00,"{'x': -0.292495, 'y': 51.487429}",SSEN-2512014150,SSEN-251201415001
251201415001,SSEN,35.0,5139.0,2024-12-13 05:30:00+00:00,"{'x': -0.292495, 'y': 51.487429}",SSEN-2512014150,SSEN-251201415001
251201415001,SSEN,35.0,5576.0,2024-12-13 06:00:00+00:00,"{'x': -0.292495, 'y': 51.487429}",SSEN-2512014150,SSEN-251201415001
251201415001,SSEN,35.0,5774.0,2024-12-13 06:30:00+00:00,"{'x': -0.292495, 'y': 51.487429}",SSEN-2512014150,SSEN-251201415001
251201415001,SSEN,35.0,6321.0,2024-12-13 07:00:00+00:00,"{'x': -0.292495, 'y': 51.487429}",SSEN-2512014150,SSEN-251201415001
251201415001,SSEN,35.0,7867.0,2024-12-13 07:30:00+00:00,"{'x': -0.292495, 'y': 51.487429}",SSEN-2512014150,SSEN-251201415001
251201415001,SSEN,35.0,8069.0,2024-12-13 08:00:00+00:00,"{'x': -0.292495, 'y': 51.487429}",SSEN-2512014150,SSEN-251201415001
251201415001,SSEN,35.0,7963.0,2024-12-13 08:30:00+00:00,"{'x': -0.292495, 'y': 51.487429}",SSEN-2512014150,SSEN-251201415001
251201415001,SSEN,35.0,8414.0,2024-12-13 09:00:00+00:00,"{'x': -0.292495, 'y': 51.487429}",SSEN-2512014150,SSEN-251201415001
251201415001,SSEN,35.0,9062.0,2024-12-13 09:30:00+00:00,"{'x': -0.292495, 'y': 51.487429}",SSEN-2512014150,SSEN-251201415001
251201415001,SSEN,35.0,10757.0,2024-12-13 10:00:00+00:00,"{'x': -0.292495, 'y': 51.487429}",SSEN-2512014150,SSEN-251201415001
251201415001,SSEN,35.0,10302.0,2024-12-13 10:30:00+00:00,"{'x': -0.292495, 'y': 51.487429}",SSEN-2512014150,SSEN-251201415001
251201415001,SSEN,35.0,7824.0,2024-12-13 11:00:00+00:00,"{'x': -0.292495, 'y': 51.487429}",SSEN-2512014150,SSEN-251201415001
251201415001,SSEN,35.0,9986.0,2024-12-13 11:30:00+00:00,"{'x': -0.292495, 'y': 51.487429}",SSEN-2512014150,SSEN-251201415001
251201415001,SSEN,35.0,8276.0,2024-12-13 12:00:00+00:00,"{'x': -0.292495, 'y': 51.487429}",SSEN-2512014150,SSEN-251201415001
251201415001,SSEN,35.0,10292.0,2024-12-13 12:30:00+00:00,"{'x': -0.292495, 'y': 51.487429}",SSEN-2512014150,SSEN-251201415001
251201415001,SSEN,35.0,9108.0,2024-12-13 13:00:00+00:00,"{'x': -0.292495, 'y': 51.487429}",SSEN-2512014150,SSEN-251201415001
251201415001,SSEN,35.0,7669.0,2024-12-13 13:30:00+00:00,"{'x': -0.292495, 'y': 51.487429}",SSEN-2512014150,SSEN-251201415001
251201415001,SSEN,35.0,8138.0,2024-12-13 14:00:00+00:00,"{'x': -0.292495, 'y': 51.487429}",SSEN-2512014150,SSEN-251201415001
251201415001,SSEN,35.0,8848.0,2024-12-13 14:30:00+00:00,"{'x': -0.292495, 'y': 51.487429}",SSEN-2512014150,SSEN-251201415001
251201415001,SSEN,35.0,9057.0,2024-12-13 15:00:00+00:00,"{'x': -0.292495, 'y': 51.487429}",SSEN-2512014150,SSEN-251201415001
251201415001,SSEN,35.0,9469.0,2024-12-13 15:30:00+00:00,"{'x': -0.292495, 'y': 51.487429}",SSEN-2512014150,SSEN-251201415001
251201415001,SSEN,35.0,9157.0,2024-12-13 16:00:00+00:00,"{'x': -0.292495, 'y': 51.487429}",SSEN-2512014150,SSEN-251201415001
251201415001,SSEN,35.0,10426.0,2024-12-13 16:30:00+00:00,"{'x': -0.292495, 'y': 51.487429}",SSEN-2512014150,SSEN-251201415001
251201415001,SSEN,35.0,10378.0,2024-12-13 17:00:00+00:00,"{'x': -0.292495, 'y': 51.487429}",SSEN-2512014150,SSEN-251201415001
251201415001,SSEN,35.0,10888.0,2024-12-13 17:30:00+00:00,"{'x': -0.292495, 'y': 51.487429}",SSEN-2512014150,SSEN-251201415001
251201415001,SSEN,35.0,11311.0,2024-12-13 18:00:00+00:00,"{'x': -0.292495, 'y': 51.487429}",SSEN-2512014150,SSEN-251201415001
251201415001,SSEN,35.0,12857.0,2024-12-13 18:30:00+00:00,"{'x': -0.292495, 'y': 51.487429}",SSEN-2512014150,SSEN-251201415001
251201415001,SSEN,35.0,11817.0,2024-12-13 19:00:00+00:00,"{'x': -0.292495, 'y': 51.487429}",SSEN-2512014150,SSEN-251201415001
251201415001,SSEN,35.0,11893.0,2024-12-13 19:30:00+00:00,"{'x': -0.292495, 'y': 51.487429}",SSEN-2512014150,SSEN-251201415001
251201415001,SSEN,35.0,11166.0,2024-12-13 20:00:00+00:00,"{'x': -0.292495, 'y': 51.487429}",SSEN-2512014150,SSEN-251201415001
251201415001,SSEN,35.0,10163.0,2024-12-13 20:30:00+00:00,"{'x': -0.292495, 'y': 51.487429}",SSEN-2512014150,SSEN-251201415001
251201415001,SSEN,35.0,9542.0,2024-12-13 21:00:00+00:00,"{'x': -0.292495, 'y': 51.487429}",SSEN-2512014150,SSEN-251201415001
251201415001,SSEN,35.0,9529.0,2024-12-13 21:30:00+00:00,"{'x': -0.292495, 'y': 51.487429}",SSEN-2512014150,SSEN-251201415001
251201415001,SSEN,35.0,10010.0,2024-12-13 22:00:00+00:00,"{'x': -0.292495, 'y': 51.487429}",SSEN-2512014150,SSEN-251201415001
251201415001,SSEN,35.0,9096.0,2024-12-13 22:30:00+00:00,"{'x': -0.292495, 'y': 51.487429}",SSEN-2512014150,SSEN-251201415001
251201415001,SSEN,35.0,7393.0,2024-12-13 23:00:00+00:00,"{'x': -0.292495, 'y': 51.487429}",SSEN-2512014150,SSEN-251201415001
251201415001,SSEN,35.0,7376.0,2024-12-13 23:30:00+00:00,"{'x': -0.292495, 'y': 51.487429}",SSEN-2512014150,SSEN-251201415001
251201415001,SSEN,35.0,7174.0,2024-12-14 00:00:00+00:00,"{'x': -0.292495, 'y': 51.487429}",SSEN-2512014150,SSEN-251201415001
251201415001,SSEN,35.0,7090.0,2024-12-14 00:30:00+00:00,"{'x': -0.292495, 'y': 51.487429}",SSEN-2512014150,SSEN-251201415001
251201415001,SSEN,35.0,6486.0,2024-12-14 01:00:00+00:00,"{'x': -0.292495, 'y': 51.487429}",SSEN-2512014150,SSEN-251201415001
251201415001,SSEN,35.0,6102.0,2024-12-14 01:30:00+00:00,"{'x': -0.292495, 'y': 51.487429}",SSEN-2512014150,SSEN-251201415001
251201415001,SSEN,35.0,5019.0,2024-12-14 02:00:00+00:00,"{'x': -0.292495, 'y': 51.487429}",SSEN-2512014150,SSEN-251201415001
251201415001,SSEN,35.0,4860.0,2024-12-14 02:30:00+00:00,"{'x': -0.292495, 'y': 51.487429}",SSEN-2512014150,SSEN-251201415001
251201415001,SSEN,35.0,4674.0,2024-12-14 03:00:00+00:00,"{'x': -0.292495, 'y': 51.487429}",SSEN-2512014150,SSEN-251201415001
251201415001,SSEN,35.0,4855.0,2024-12-14 03:30:00+00:00,"{'x': -0.292495, 'y': 51.487429}",SSEN-2512014150,SSEN-251201415001
251201415001,SSEN,35.0,4990.0,2024-12-14 04:00:00+00:00,"{'x': -0.292495, 'y': 51.487429}",SSEN-2512014150,SSEN-251201415001
251201415001,SSEN,35.0,5017.0,2024-12-14 04:30:00+00:00,"{'x': -0.292495, 'y': 51.487429}",SSEN-2512014150,SSEN-251201415001
251201415001,SSEN,35.0,4992.0,2024-12-14 05:00:00+00:00,"{'x': -0.292495, 'y': 51.487429}",SSEN-2512014150,SSEN-251201415001
251201415001,SSEN,35.0,5016.0,2024-12-14 05:30:00+00:00,"{'x': -0.292495, 'y': 51.487429}",SSEN-2512014150,SSEN-251201415001
251201415001,SSEN,35.0,5445.0,2024-12-14 06:00:00+00:00,"{'x': -0.292495, 'y': 51.487429}",SSEN-2512014150,SSEN-251201415001
251201415001,SSEN,35.0,5607.0,2024-12-14 06:30:00+00:00,"{'x': -0.292495, 'y': 51.487429}",SSEN-2512014150,SSEN-251201415001
251201415001,SSEN,35.0,5621.0,2024-12-14 07:00:00+00:00,"{'x': -0.292495, 'y': 51.487429}",SSEN-2512014150,SSEN-251201415001
251201415001,SSEN,35.0,5910.0,2024-12-14 07:30:00+00:00,"{'x': -0.292495, 'y': 51.487429}",SSEN-2512014150,SSEN-251201415001
251201415001,SSEN,35.0,6477.0,2024-12-14 08:00:00+00:00,"{'x': -0.292495, 'y': 51.487429}",SSEN-2512014150,SSEN-251201415001
251201415001,SSEN,35.0,7643.0,2024-12-14 08:30:00+00:00,"{'x': -0.292495, 'y': 51.487429}",SSEN-2512014150,SSEN-251201415001
251201415001,SSEN,35.0,7892.0,2024-12-14 09:00:00+00:00,"{'x': -0.292495, 'y': 51.487429}",SSEN-2512014150,SSEN-251201415001
251201415001,SSEN,35.0,10369.0,2024-12-14 09:30:00+00:00,"{'x': -0.292495, 'y': 51.487429}",SSEN-2512014150,SSEN-251201415001
251201415001,SSEN,35.0,8508.0,2024-12-14 10:00:00+00:00,"{'x': -0.292495, 'y': 51.487429}",SSEN-2512014150,SSEN-251201415001
251201415001,SSEN,35.0,7987.0,2024-12-14 10:30:00+00:00,"{'x': -0.292495, 'y': 51.487429}",SSEN-2512014150,SSEN-251201415001
251201415001,SSEN,35.0,8425.0,2024-12-14 11:00:00+00:00,"{'x': -0.292495, 'y': 51.487429}",SSEN-2512014150,SSEN-251201415001
251201415001,SSEN,35.0,9184.0,2024-12-14 11:30:00+00:00,"{'x': -0.292495, 'y': 51.487429}",SSEN-2512014150,SSEN-251201415001
251201415001,SSEN,35.0,8419.0,2024-12-14 12:00:00+00:00,"{'x': -0.292495, 'y': 51.487429}",SSEN-2512014150,SSEN-251201415001
251201415001,SSEN,35.0,8565.0,2024-12-14 12:30:00+00:00,"{'x': -0.292495, 'y': 51.487429}",SSEN-2512014150,SSEN-251201415001
251201415001,SSEN,35.0,8549.0,2024-12-14 13:00:00+00:00,"{'x': -0.292495, 'y': 51.487429}",SSEN-2512014150,SSEN-251201415001
251201415001,SSEN,35.0,8277.0,2024-12-14 13:30:00+00:00,"{'x': -0.292495, 'y': 51.487429}",SSEN-2512014150,SSEN-251201415001
251201415001,SSEN,35.0,8741.0,2024-12-14 14:00:00+00:00,"{'x': -0.292495, 'y': 51.487429}",SSEN-2512014150,SSEN-251201415001
251201415001,SSEN,35.0,7916.0,2024-12-14 14:30:00+00:00,"{'x': -0.292495, 'y': 51.487429}",SSEN-2512014150,SSEN-251201415001
251201415001,SSEN,35.0,7206.0,2024-12-14 15:00:00+00:00,"{'x': -0.292495, 'y': 51.487429}",SSEN-2512014150,SSEN-251201415001
251201415001,SSEN,35.0,7415.0,2024-12-14 15:30:00+00:00,"{'x': -0.292495, 'y': 51.487429}",SSEN-2512014150,SSEN-251201415001
251201415001,SSEN,35.0,8965.0,2024-12-14 16:00:00+00:00,"{'x': -0.292495, 'y': 51.487429}",SSEN-2512014150,SSEN-251201415001
251201415001,SSEN,35.0,8536.0,2024-12-14 16:30:00+00:00,"{'x': -0.292495, 'y': 51.487429}",SSEN-2512014150,SSEN-251201415001
251201415001,SSEN,35.0,8919.0,2024-12-14 17:00:00+00:00,"{'x': -0.292495, 'y': 51.487429}",SSEN-2512014150,SSEN-251201415001
251201415001,SSEN,35.0,10254.0,2024-12-14 17:30:00+00:00,"{'x': -0.292495, 'y': 51.487429}",SSEN-2512014150,SSEN-251201415001
251201415001,SSEN,35.0,10059.0,2024-12-14 18:00:00+00:00,"{'x': -0.292495, 'y': 51.487429}",SSEN-2512014150,SSEN-251201415001
251201415001,SSEN,35.0,8943.0,2024-12-14 18:30:00+00:00,"{'x': -0.292495, 'y': 51.487429}",SSEN-2512014150,SSEN-251201415001
251201415001,SSEN,35.0,9026.0,2024-12-14 19:00:00+00:00,"{'x': -0.292495, 'y': 51.487429}",SSEN-2512014150,SSEN-251201415001
251201415001,SSEN,35.0,11463.0,2024-12-14 19:30:00+00:00,"{'x': -0.292495, 'y': 51.487429}",SSEN-2512014150,SSEN-251201415001
251201415001,SSEN,35.0,11787.0,2024-12-14 20:00:00+00:00,"{'x': -0.292495, 'y': 51.487429}",SSEN-2512014150,SSEN-251201415001
251201415001,SSEN,35.0,12168.0,2024-12-14 20:30:00+00:00,"{'x': -0.292495, 'y': 51.487429}",SSEN-2512014150,SSEN-251201415001
251201415001,SSEN,35.0,10312.0,2024-12-14 21:00:00+00:00,"{'x': -0.292495, 'y': 51.487429}",SSEN-2512014150,SSEN-251201415001
251201415001,SSEN,35.0,10395.0,2024-12-14 21:30:00+00:00,"{'x': -0.292495, 'y': 51.487429}",SSEN-2512014150,SSEN-251201415001
251201415001,SSEN,35.0,10637.0,2024-12-14 22:00:00+00:00,"{'x': -0.292495, 'y': 51.487429}",SSEN-2512014150,SSEN-251201415001
251201415001,SSEN,35.0,9340.0,2024-12-14 22:30:00+00:00,"{'x': -0.292495, 'y': 51.487429}",SSEN-2512014150,SSEN-251201415001
251201415001,SSEN,35.0,8587.0,2024-12-14 23:00:00+00:00,"{'x': -0.292495, 'y': 51.487429}",SSEN-2512014150,SSEN-251201415001
251201415001,SSEN,35.0,8046.0,2024-12-14 23:30:00+00:00,"{'x': -0.292495, 'y': 51.487429}",SSEN-2512014150,SSEN-251201415001
251201415001,SSEN,35.0,7502.0,2024-12-15 00:00:00+00:00,"{'x': -0.292495, 'y': 51.487429}",SSEN-2512014150,SSEN-251201415001
251201415001,SSEN,37.0,6609.0,2024-12-15 00:30:00+00:00,"{'x': -0.292495, 'y': 51.487429}",SSEN-2512014150,SSEN-251201415001
251201415001,SSEN,37.0,5585.0,2024-12-15 01:00:00+00:00,"{'x': -0.292495, 'y': 51.487429}",SSEN-2512014150,SSEN-251201415001
251201415001,SSEN,37.0,5656.0,2024-12-15 01:30:00+00:00,"{'x': -0.292495, 'y': 51.487429}",SSEN-2512014150,SSEN-251201415001
251201415001,SSEN,37.0,5104.0,2024-12-15 02:00:00+00:00,"{'x': -0.292495, 'y': 51.487429}",SSEN-2512014150,SSEN-251201415001
251201415001,SSEN,37.0,4881.0,2024-12-15 02:30:00+00:00,"{'x': -0.292495, 'y': 51.487429}",SSEN-2512014150,SSEN-251201415001
251201415001,SSEN,37.0,4798.0,2024-12-15 03:00:00+00:00,"{'x': -0.292495, 'y': 51.487429}",SSEN-2512014150,SSEN-251201415001
251201415001,SSEN,37.0,4797.0,2024-12-15 03:30:00+00:00,"{'x': -0.292495, 'y': 51.487429}",SSEN-2512014150,SSEN-251201415001
251201415001,SSEN,37.0,4821.0,2024-12-15 04:00:00+00:00,"{'x': -0.292495, 'y': 51.487429}",SSEN-2512014150,SSEN-251201415001
251201415001,SSEN,37.0,5412.0,2024-12-15 04:30:00+00:00,"{'x': -0.292495, 'y': 51.487429}",SSEN-2512014150,SSEN-251201415001
251201415001,SSEN,37.0,4954.0,2024-12-15 05:00:00+00:00,"{'x': -0.292495, 'y': 51.487429}",SSEN-2512014150,SSEN-251201415001
251201415001,SSEN,37.0,4905.0,2024-12-15 05:30:00+00:00,"{'x': -0.292495, 'y': 51.487429}",SSEN-2512014150,SSEN-251201415001
251201415001,SSEN,37.0,5841.0,2024-12-15 06:00:00+00:00,"{'x': -0.292495, 'y': 51.487429}",SSEN-2512014150,SSEN-251201415001
251201415001,SSEN,37.0,5670.0,2024-12-15 06:30:00+00:00,"{'x': -0.292495, 'y': 51.487429}",SSEN-2512014150,SSEN-251201415001
251201415001,SSEN,37.0,5508.0,2024-12-15 07:00:00+00:00,"{'x': -0.292495, 'y': 51.487429}",SSEN-2512014150,SSEN-251201415001
251201415001,SSEN,37.0,5666.0,2024-12-15 07:30:00+00:00,"{'x': -0.292495, 'y': 51.487429}",SSEN-2512014150,SSEN-251201415001
251201415001,SSEN,37.0,6139.0,2024-12-15 08:00:00+00:00,"{'x': -0.292495, 'y': 51.487429}",SSEN-2512014150,SSEN-251201415001
251201415001,SSEN,37.0,6309.0,2024-12-15 08:30:00+00:00,"{'x': -0.292495, 'y': 51.487429}",SSEN-2512014150,SSEN-251201415001
251201415001,SSEN,37.0,6094.0,2024-12-15 09:00:00+00:00,"{'x': -0.292495, 'y': 51.487429}",SSEN-2512014150,SSEN-251201415001
251201415001,SSEN,37.0,7546.0,2024-12-15 09:30:00+00:00,"{'x': -0.292495, 'y': 51.487429}",SSEN-2512014150,SSEN-251201415001
251201415001,SSEN,37.0,6865.0,2024-12-15 10:00:00+00:00,"{'x': -0.292495, 'y': 51.487429}",SSEN-2512014150,SSEN-251201415001
251201415001,SSEN,37.0,9086.0,2024-12-15 10:30:00+00:00,"{'x': -0.292495, 'y': 51.487429}",SSEN-2512014150,SSEN-251201415001
251201415001,SSEN,37.0,7922.0,2024-12-15 11:00:00+00:00,"{'x': -0.292495, 'y': 51.487429}",SSEN-2512014150,SSEN-251201415001
251201415001,SSEN,37.0,7250.0,2024-12-15 11:30:00+00:00,"{'x': -0.292495, 'y': 51.487429}",SSEN-2512014150,SSEN-251201415001
251201415001,SSEN,37.0,7371.0,2024-12-15 12:00:00+00:00,"{'x': -0.292495, 'y': 51.487429}",SSEN-2512014150,SSEN-251201415001
251201415001,SSEN,37.0,8347.0,2024-12-15 12:30:00+00:00,"{'x': -0.292495, 'y': 51.487429}",SSEN-2512014150,SSEN-251201415001
251201415001,SSEN,37.0,9163.0,2024-12-15 13:00:00+00:00,"{'x': -0.292495, 'y': 51.487429}",SSEN-2512014150,SSEN-251201415001
251201415001,SSEN,37.0,8076.0,2024-12-15 13:30:00+00:00,"{'x': -0.292495, 'y': 51.487429}",SSEN-2512014150,SSEN-251201415001
251201415001,SSEN,37.0,7131.0,2024-12-15 14:00:00+00:00,"{'x': -0.292495, 'y': 51.487429}",SSEN-2512014150,SSEN-251201415001
251201415001,SSEN,37.0,7206.0,2024-12-15 14:30:00+00:00,"{'x': -0.292495, 'y': 51.487429}",SSEN-2512014150,SSEN-251201415001
251201415001,SSEN,37.0,8756.0,2024-12-15 15:00:00+00:00,"{'x': -0.292495, 'y': 51.487429}",SSEN-2512014150,SSEN-251201415001
251201415001,SSEN,37.0,8199.0,2024-12-15 15:30:00+00:00,"{'x': -0.292495, 'y': 51.487429}",SSEN-2512014150,SSEN-251201415001
251201415001,SSEN,37.0,9144.0,2024-12-15 16:00:00+00:00,"{'x': -0.292495, 'y': 51.487429}",SSEN-2512014150,SSEN-251201415001
251201415001,SSEN,37.0,10527.0,2024-12-15 16:30:00+00:00,"{'x': -0.292495, 'y': 51.487429}",SSEN-2512014150,SSEN-251201415001
251201415001,SSEN,37.0,11640.0,2024-12-15 17:00:00+00:00,"{'x': -0.292495, 'y': 51.487429}",SSEN-2512014150,SSEN-251201415001
251201415001,SSEN,37.0,11670.0,2024-12-15 17:30:00+00:00,"{'x': -0.292495, 'y': 51.487429}",SSEN-2512014150,SSEN-251201415001
251201415001,SSEN,37.0,12182.0,2024-12-15 18:00:00+00:00,"{'x': -0.292495, 'y': 51.487429}",SSEN-2512014150,SSEN-251201415001
251201415001,SSEN,37.0,13438.0,2024-12-15 18:30:00+00:00,"{'x': -0.292495, 'y': 51.487429}",SSEN-2512014150,SSEN-251201415001
251201415001,SSEN,37.0,13962.0,2024-12-15 19:00:00+00:00,"{'x': -0.292495, 'y': 51.487429}",SSEN-2512014150,SSEN-251201415001
251201415001,SSEN,37.0,13352.0,2024-12-15 19:30:00+00:00,"{'x': -0.292495, 'y': 51.487429}",SSEN-2512014150,SSEN-251201415001
251201415001,SSEN,37.0,13252.0,2024-12-15 20:00:00+00:00,"{'x': -0.292495, 'y': 51.487429}",SSEN-2512014150,SSEN-251201415001
251201415001,SSEN,37.0,12953.0,2024-12-15 20:30:00+00:00,"{'x': -0.292495, 'y': 51.487429}",SSEN-2512014150,SSEN-251201415001
251201415001,SSEN,37.0,14857.0,2024-12-15 21:00:00+00:00,"{'x': -0.292495, 'y': 51.487429}",SSEN-2512014150,SSEN-251201415001
251201415001,SSEN,37.0,11026.0,2024-12-15 21:30:00+00:00,"{'x': -0.292495, 'y': 51.487429}",SSEN-2512014150,SSEN-251201415001
251201415001,SSEN,37.0,9467.0,2024-12-15 22:00:00+00:00,"{'x': -0.292495, 'y': 51.487429}",SSEN-2512014150,SSEN-251201415001
251201415001,SSEN,37.0,9733.0,2024-12-15 22:30:00+00:00,"{'x': -0.292495, 'y': 51.487429}",SSEN-2512014150,SSEN-251201415001
251201415001,SSEN,37.0,7569.0,2024-12-15 23:00:00+00:00,"{'x': -0.292495, 'y': 51.487429}",SSEN-2512014150,SSEN-251201415001
251201415001,SSEN,37.0,7505.0,2024-12-15 23:30:00+00:00,"{'x': -0.292495, 'y': 51.487429}",SSEN-2512014150,SSEN-251201415001
251201415001,SSEN,37.0,7536.0,2024-12-16 00:00:00+00:00,"{'x': -0.292495, 'y': 51.487429}",SSEN-2512014150,SSEN-251201415001
251201415001,SSEN,38.0,8406.0,2024-12-16 00:30:00+00:00,"{'x': -0.292495, 'y': 51.487429}",SSEN-2512014150,SSEN-251201415001
251201415001,SSEN,38.0,6573.0,2024-12-16 01:00:00+00:00,"{'x': -0.292495, 'y': 51.487429}",SSEN-2512014150,SSEN-251201415001
251201415001,SSEN,38.0,6415.0,2024-12-16 01:30:00+00:00,"{'x': -0.292495, 'y': 51.487429}",SSEN-2512014150,SSEN-251201415001
251201415001,SSEN,38.0,5513.0,2024-12-16 02:00:00+00:00,"{'x': -0.292495, 'y': 51.487429}",SSEN-2512014150,SSEN-251201415001
251201415001,SSEN,38.0,5579.0,2024-12-16 02:30:00+00:00,"{'x': -0.292495, 'y': 51.487429}",SSEN-2512014150,SSEN-251201415001
251201415001,SSEN,38.0,5837.0,2024-12-16 03:00:00+00:00,"{'x': -0.292495, 'y': 51.487429}",SSEN-2512014150,SSEN-251201415001
251201415001,SSEN,38.0,5356.0,2024-12-16 03:30:00+00:00,"{'x': -0.292495, 'y': 51.487429}",SSEN-2512014150,SSEN-251201415001
251201415001,SSEN,38.0,5499.0,2024-12-16 04:00:00+00:00,"{'x': -0.292495, 'y': 51.487429}",SSEN-2512014150,SSEN-251201415001
251201415001,SSEN,38.0,5484.0,2024-12-16 04:30:00+00:00,"{'x': -0.292495, 'y': 51.487429}",SSEN-2512014150,SSEN-251201415001
251201415001,SSEN,38.0,5275.0,2024-12-16 05:00:00+00:00,"{'x': -0.292495, 'y': 51.487429}",SSEN-2512014150,SSEN-251201415001
251201415001,SSEN,38.0,5660.0,2024-12-16 05:30:00+00:00,"{'x': -0.292495, 'y': 51.487429}",SSEN-2512014150,SSEN-251201415001
251201415001,SSEN,38.0,6165.0,2024-12-16 06:00:00+00:00,"{'x': -0.292495, 'y': 51.487429}",SSEN-2512014150,SSEN-251201415001
251201415001,SSEN,38.0,6237.0,2024-12-16 06:30:00+00:00,"{'x': -0.292495, 'y': 51.487429}",SSEN-2512014150,SSEN-251201415001
251201415001,SSEN,38.0,7041.0,2024-12-16 07:00:00+00:00,"{'x': -0.292495, 'y': 51.487429}",SSEN-2512014150,SSEN-251201415001
251201415001,SSEN,38.0,8774.0,2024-12-16 07:30:00+00:00,"{'x': -0.292495, 'y': 51.487429}",SSEN-2512014150,SSEN-251201415001
251201415001,SSEN,38.0,8690.0,2024-12-16 08:00:00+00:00,"{'x': -0.292495, 'y': 51.487429}",SSEN-2512014150,SSEN-251201415001
251201415001,SSEN,38.0,8244.0,2024-12-16 08:30:00+00:00,"{'x': -0.292495, 'y': 51.487429}",SSEN-2512014150,SSEN-251201415001
251201415001,SSEN,38.0,7424.0,2024-12-16 09:00:00+00:00,"{'x': -0.292495, 'y': 51.487429}",SSEN-2512014150,SSEN-251201415001
251201415001,SSEN,38.0,7647.0,2024-12-16 09:30:00+00:00,"{'x': -0.292495, 'y': 51.487429}",SSEN-2512014150,SSEN-251201415001
251201415001,SSEN,38.0,8942.0,2024-12-16 10:00:00+00:00,"{'x': -0.292495, 'y': 51.487429}",SSEN-2512014150,SSEN-251201415001
251201415001,SSEN,38.0,7811.0,2024-12-16 10:30:00+00:00,"{'x': -0.292495, 'y': 51.487429}",SSEN-2512014150,SSEN-251201415001
251201415001,SSEN,38.0,7803.0,2024-12-16 11:00:00+00:00,"{'x': -0.292495, 'y': 51.487429}",SSEN-2512014150,SSEN-251201415001
251201415001,SSEN,38.0,7182.0,2024-12-16 11:30:00+00:00,"{'x': -0.292495, 'y': 51.487429}",SSEN-2512014150,SSEN-251201415001
251201415001,SSEN,38.0,7953.0,2024-12-16 12:00:00+00:00,"{'x': -0.292495, 'y': 51.487429}",SSEN-2512014150,SSEN-251201415001
251201415001,SSEN,38.0,9122.0,2024-12-16 12:30:00+00:00,"{'x': -0.292495, 'y': 51.487429}",SSEN-2512014150,SSEN-251201415001
251201415001,SSEN,38.0,8431.0,2024-12-16 13:00:00+00:00,"{'x': -0.292495, 'y': 51.487429}",SSEN-2512014150,SSEN-251201415001
251201415001,SSEN,38.0,7533.0,2024-12-16 13:30:00+00:00,"{'x': -0.292495, 'y': 51.487429}",SSEN-2512014150,SSEN-251201415001
251201415001,SSEN,38.0,7811.0,2024-12-16 14:00:00+00:00,"{'x': -0.292495, 'y': 51.487429}",SSEN-2512014150,SSEN-251201415001
251201415001,SSEN,38.0,8619.0,2024-12-16 14:30:00+00:00,"{'x': -0.292495, 'y': 51.487429}",SSEN-2512014150,SSEN-251201415001
251201415001,SSEN,38.0,7712.0,2024-12-16 15:00:00+00:00,"{'x': -0.292495, 'y': 51.487429}",SSEN-2512014150,SSEN-251201415001
251201415001,SSEN,38.0,7923.0,2024-12-16 15:30:00+00:00,"{'x': -0.292495, 'y': 51.487429}",SSEN-2512014150,SSEN-251201415001
251201415001,SSEN,38.0,8360.0,2024-12-16 16:00:00+00:00,"{'x': -0.292495, 'y': 51.487429}",SSEN-2512014150,SSEN-251201415001
251201415001,SSEN,38.0,9112.0,2024-12-16 16:30:00+00:00,"{'x': -0.292495, 'y': 51.487429}",SSEN-2512014150,SSEN-251201415001
251201415001,SSEN,38.0,11025.0,2024-12-16 17:00:00+00:00,"{'x': -0.292495, 'y': 51.487429}",SSEN-2512014150,SSEN-251201415001
251201415001,SSEN,38.0,13934.0,2024-12-16 17:30:00+00:00,"{'x': -0.292495, 'y': 51.487429}",SSEN-2512014150,SSEN-251201415001
251201415001,SSEN,38.0,13112.0,2024-12-16 18:00:00+00:00,"{'x': -0.292495, 'y': 51.487429}",SSEN-2512014150,SSEN-251201415001
251201415001,SSEN,38.0,13136.0,2024-12-16 18:30:00+00:00,"{'x': -0.292495, 'y': 51.487429}",SSEN-2512014150,SSEN-251201415001
251201415001,SSEN,38.0,14759.0,2024-12-16 19:00:00+00:00,"{'x': -0.292495, 'y': 51.487429}",SSEN-2512014150,SSEN-251201415001
251201415001,SSEN,38.0,13996.0,2024-12-16 19:30:00+00:00,"{'x': -0.292495, 'y': 51.487429}",SSEN-2512014150,SSEN-251201415001
251201415001,SSEN,38.0,14132.0,2024-12-16 20:00:00+00:00,"{'x': -0.292495, 'y': 51.487429}",SSEN-2512014150,SSEN-251201415001
251201415001,SSEN,38.0,11913.0,2024-12-16 20:30:00+00:00,"{'x': -0.292495, 'y': 51.487429}",SSEN-2512014150,SSEN-251201415001
251201415001,SSEN,38.0,12472.0,2024-12-16 21:00:00+00:00,"{'x': -0.292495, 'y': 51.487429}",SSEN-2512014150,SSEN-251201415001
251201415001,SSEN,38.0,10401.0,2024-12-16 21:30:00+00:00,"{'x': -0.292495, 'y': 51.487429}",SSEN-2512014150,SSEN-251201415001
251201415001,SSEN,38.0,9612.0,2024-12-16 22:00:00+00:00,"{'x': -0.292495, 'y': 51.487429}",SSEN-2512014150,SSEN-251201415001
251201415001,SSEN,38.0,9579.0,2024-12-16 22:30:00+00:00,"{'x': -0.292495, 'y': 51.487429}",SSEN-2512014150,SSEN-251201415001
251201415001,SSEN,38.0,7984.0,2024-12-16 23:00:00+00:00,"{'x': -0.292495, 'y': 51.487429}",SSEN-2512014150,SSEN-251201415001
251201415001,SSEN,38.0,7863.0,2024-12-16 23:30:00+00:00,"{'x': -0.292495, 'y': 51.487429}",SSEN-2512014150,SSEN-251201415001
251201415001,SSEN,38.0,6827.0,2024-12-17 00:00:00+00:00,"{'x': -0.292495, 'y': 51.487429}",SSEN-2512014150,SSEN-251201415001
251201415001,SSEN,36.0,6228.0,2024-12-17 00:30:00+00:00,"{'x': -0.292495, 'y': 51.487429}",SSEN-2512014150,SSEN-251201415001
251201415001,SSEN,36.0,5065.0,2024-12-17 01:00:00+00:00,"{'x': -0.292495, 'y': 51.487429}",SSEN-2512014150,SSEN-251201415001
251201415001,SSEN,36.0,4886.0,2024-12-17 01:30:00+00:00,"{'x': -0.292495, 'y': 51.487429}",SSEN-2512014150,SSEN-251201415001
251201415001,SSEN,36.0,4857.0,2024-12-17 02:00:00+00:00,"{'x': -0.292495, 'y': 51.487429}",SSEN-2512014150,SSEN-251201415001
251201415001,SSEN,36.0,5092.0,2024-12-17 02:30:00+00:00,"{'x': -0.292495, 'y': 51.487429}",SSEN-2512014150,SSEN-251201415001
251201415001,SSEN,36.0,5010.0,2024-12-17 03:00:00+00:00,"{'x': -0.292495, 'y': 51.487429}",SSEN-2512014150,SSEN-251201415001
251201415001,SSEN,36.0,5100.0,2024-12-17 03:30:00+00:00,"{'x': -0.292495, 'y': 51.487429}",SSEN-2512014150,SSEN-251201415001
251201415001,SSEN,36.0,5321.0,2024-12-17 04:00:00+00:00,"{'x': -0.292495, 'y': 51.487429}",SSEN-2512014150,SSEN-251201415001
251201415001,SSEN,36.0,5718.0,2024-12-17 04:30:00+00:00,"{'x': -0.292495, 'y': 51.487429}",SSEN-2512014150,SSEN-251201415001
251201415001,SSEN,36.0,5248.0,2024-12-17 05:00:00+00:00,"{'x': -0.292495, 'y': 51.487429}",SSEN-2512014150,SSEN-251201415001
251201415001,SSEN,36.0,5521.0,2024-12-17 05:30:00+00:00,"{'x': -0.292495, 'y': 51.487429}",SSEN-2512014150,SSEN-251201415001
251201415001,SSEN,36.0,6268.0,2024-12-17 06:00:00+00:00,"{'x': -0.292495, 'y': 51.487429}",SSEN-2512014150,SSEN-251201415001
251201415001,SSEN,36.0,6094.0,2024-12-17 06:30:00+00:00,"{'x': -0.292495, 'y': 51.487429}",SSEN-2512014150,SSEN-251201415001
251201415001,SSEN,36.0,6504.0,2024-12-17 07:00:00+00:00,"{'x': -0.292495, 'y': 51.487429}",SSEN-2512014150,SSEN-251201415001
251201415001,SSEN,36.0,7411.0,2024-12-17 07:30:00+00:00,"{'x': -0.292495, 'y': 51.487429}",SSEN-2512014150,SSEN-251201415001
251201415001,SSEN,36.0,7242.0,2024-12-17 08:00:00+00:00,"{'x': -0.292495, 'y': 51.487429}",SSEN-2512014150,SSEN-251201415001
251201415001,SSEN,36.0,7688.0,2024-12-17 08:30:00+00:00,"{'x': -0.292495, 'y': 51.487429}",SSEN-2512014150,SSEN-251201415001
251201415001,SSEN,36.0,8180.0,2024-12-17 09:00:00+00:00,"{'x': -0.292495, 'y': 51.487429}",SSEN-2512014150,SSEN-251201415001
251201415001,SSEN,36.0,8168.0,2024-12-17 09:30:00+00:00,"{'x': -0.292495, 'y': 51.487429}",SSEN-2512014150,SSEN-251201415001
251201415001,SSEN,36.0,7159.0,2024-12-17 10:00:00+00:00,"{'x': -0.292495, 'y': 51.487429}",SSEN-2512014150,SSEN-251201415001
251201415001,SSEN,36.0,8231.0,2024-12-17 10:30:00+00:00,"{'x': -0.292495, 'y': 51.487429}",SSEN-2512014150,SSEN-251201415001
251201415001,SSEN,36.0,8151.0,2024-12-17 11:00:00+00:00,"{'x': -0.292495, 'y': 51.487429}",SSEN-2512014150,SSEN-251201415001
251201415001,SSEN,36.0,8425.0,2024-12-17 11:30:00+00:00,"{'x': -0.292495, 'y': 51.487429}",SSEN-2512014150,SSEN-251201415001
251201415001,SSEN,36.0,9211.0,2024-12-17 12:00:00+00:00,"{'x': -0.292495, 'y': 51.487429}",SSEN-2512014150,SSEN-251201415001
251201415001,SSEN,36.0,10486.0,2024-12-17 12:30:00+00:00,"{'x': -0.292495, 'y': 51.487429}",SSEN-2512014150,SSEN-251201415001
251201415001,SSEN,36.0,8192.0,2024-12-17 13:00:00+00:00,"{'x': -0.292495, 'y': 51.487429}",SSEN-2512014150,SSEN-251201415001
251201415001,SSEN,36.0,9174.0,2024-12-17 13:30:00+00:00,"{'x': -0.292495, 'y': 51.487429}",SSEN-2512014150,SSEN-251201415001
251201415001,SSEN,36.0,9900.0,2024-12-17 14:00:00+00:00,"{'x': -0.292495, 'y': 51.487429}",SSEN-2512014150,SSEN-251201415001
251201415001,SSEN,36.0,11155.0,2024-12-17 14:30:00+00:00,"{'x': -0.292495, 'y': 51.487429}",SSEN-2512014150,SSEN-251201415001
251201415001,SSEN,36.0,10359.0,2024-12-17 15:00:00+00:00,"{'x': -0.292495, 'y': 51.487429}",SSEN-2512014150,SSEN-251201415001
251201415001,SSEN,36.0,10057.0,2024-12-17 15:30:00+00:00,"{'x': -0.292495, 'y': 51.487429}",SSEN-2512014150,SSEN-251201415001
251201415001,SSEN,36.0,10727.0,2024-12-17 16:00:00+00:00,"{'x': -0.292495, 'y': 51.487429}",SSEN-2512014150,SSEN-251201415001
251201415001,SSEN,36.0,12301.0,2024-12-17 16:30:00+00:00,"{'x': -0.292495, 'y': 51.487429}",SSEN-2512014150,SSEN-251201415001
251201415001,SSEN,36.0,10885.0,2024-12-17 17:00:00+00:00,"{'x': -0.292495, 'y': 51.487429}",SSEN-2512014150,SSEN-251201415001
251201415001,SSEN,36.0,10848.0,2024-12-17 17:30:00+00:00,"{'x': -0.292495, 'y': 51.487429}",SSEN-2512014150,SSEN-251201415001
251201415001,SSEN,36.0,9648.0,2024-12-17 18:00:00+00:00,"{'x': -0.292495, 'y': 51.487429}",SSEN-2512014150,SSEN-251201415001
251201415001,SSEN,36.0,10976.0,2024-12-17 18:30:00+00:00,"{'x': -0.292495, 'y': 51.487429}",SSEN-2512014150,SSEN-251201415001
251201415001,SSEN,36.0,12016.0,2024-12-17 19:00:00+00:00,"{'x': -0.292495, 'y': 51.487429}",SSEN-2512014150,SSEN-251201415001
251201415001,SSEN,36.0,14365.0,2024-12-17 19:30:00+00:00,"{'x': -0.292495, 'y': 51.487429}",SSEN-2512014150,SSEN-251201415001
251201415001,SSEN,36.0,12753.0,2024-12-17 20:00:00+00:00,"{'x': -0.292495, 'y': 51.487429}",SSEN-2512014150,SSEN-251201415001
251201415001,SSEN,36.0,12678.0,2024-12-17 20:30:00+00:00,"{'x': -0.292495, 'y': 51.487429}",SSEN-2512014150,SSEN-251201415001
251201415001,SSEN,36.0,11250.0,2024-12-17 21:00:00+00:00,"{'x': -0.292495, 'y': 51.487429}",SSEN-2512014150,SSEN-251201415001
251201415001,SSEN,36.0,11029.0,2024-12-17 21:30:00+00:00,"{'x': -0.292495, 'y': 51.487429}",SSEN-2512014150,SSEN-251201415001
251201415001,SSEN,36.0,11451.0,2024-12-17 22:00:00+00:00,"{'x': -0.292495, 'y': 51.487429}",SSEN-2512014150,SSEN-251201415001
251201415001,SSEN,36.0,9958.0,2024-12-17 22:30:00+00:00,"{'x': -0.292495, 'y': 51.487429}",SSEN-2512014150,SSEN-251201415001
251201415001,SSEN,36.0,9287.0,2024-12-17 23:00:00+00:00,"{'x': -0.292495, 'y': 51.487429}",SSEN-2512014150,SSEN-251201415001
251201415001,SSEN,36.0,8108.0,2024-12-17 23:30:00+00:00,"{'x': -0.292495, 'y': 51.487429}",SSEN-2512014150,SSEN-251201415001
251201415001,SSEN,36.0,6438.0,2024-12-18 00:00:00+00:00,"{'x': -0.292495, 'y': 51.487429}",SSEN-2512014150,SSEN-251201415001
251201415001,SSEN,37.0,7586.0,2024-12-18 00:30:00+00:00,"{'x': -0.292495, 'y': 51.487429}",SSEN-2512014150,SSEN-251201415001
251201415001,SSEN,37.0,6454.0,2024-12-18 01:00:00+00:00,"{'x': -0.292495, 'y': 51.487429}",SSEN-2512014150,SSEN-251201415001
251201415001,SSEN,37.0,5719.0,2024-12-18 01:30:00+00:00,"{'x': -0.292495, 'y': 51.487429}",SSEN-2512014150,SSEN-251201415001
251201415001,SSEN,37.0,5607.0,2024-12-18 02:00:00+00:00,"{'x': -0.292495, 'y': 51.487429}",SSEN-2512014150,SSEN-251201415001
251201415001,SSEN,37.0,5863.0,2024-12-18 02:30:00+00:00,"{'x': -0.292495, 'y': 51.487429}",SSEN-2512014150,SSEN-251201415001
251201415001,SSEN,37.0,5167.0,2024-12-18 03:00:00+00:00,"{'x': -0.292495, 'y': 51.487429}",SSEN-2512014150,SSEN-251201415001
251201415001,SSEN,37.0,5847.0,2024-12-18 03:30:00+00:00,"{'x': -0.292495, 'y': 51.487429}",SSEN-2512014150,SSEN-251201415001
251201415001,SSEN,37.0,5589.0,2024-12-18 04:00:00+00:00,"{'x': -0.292495, 'y': 51.487429}",SSEN-2512014150,SSEN-251201415001
251201415001,SSEN,37.0,5452.0,2024-12-18 04:30:00+00:00,"{'x': -0.292495, 'y': 51.487429}",SSEN-2512014150,SSEN-251201415001
251201415001,SSEN,37.0,5513.0,2024-12-18 05:00:00+00:00,"{'x': -0.292495, 'y': 51.487429}",SSEN-2512014150,SSEN-251201415001
251201415001,SSEN,37.0,5735.0,2024-12-18 05:30:00+00:00,"{'x': -0.292495, 'y': 51.487429}",SSEN-2512014150,SSEN-251201415001
251201415001,SSEN,37.0,5809.0,2024-12-18 06:00:00+00:00,"{'x': -0.292495, 'y': 51.487429}",SSEN-2512014150,SSEN-251201415001
251201415001,SSEN,37.0,6430.0,2024-12-18 06:30:00+00:00,"{'x': -0.292495, 'y': 51.487429}",SSEN-2512014150,SSEN-251201415001
251201415001,SSEN,37.0,6745.0,2024-12-18 07:00:00+00:00,"{'x': -0.292495, 'y': 51.487429}",SSEN-2512014150,SSEN-251201415001
251201415001,SSEN,37.0,7762.0,2024-12-18 07:30:00+00:00,"{'x': -0.292495, 'y': 51.487429}",SSEN-2512014150,SSEN-251201415001
251201415001,SSEN,37.0,7453.0,2024-12-18 08:00:00+00:00,"{'x': -0.292495, 'y': 51.487429}",SSEN-2512014150,SSEN-251201415001
251201415001,SSEN,37.0,7784.0,2024-12-18 08:30:00+00:00,"{'x': -0.292495, 'y': 51.487429}",SSEN-2512014150,SSEN-251201415001
251201415001,SSEN,37.0,6939.0,2024-12-18 09:00:00+00:00,"{'x': -0.292495, 'y': 51.487429}",SSEN-2512014150,SSEN-251201415001
251201415001,SSEN,37.0,7351.0,2024-12-18 09:30:00+00:00,"{'x': -0.292495, 'y': 51.487429}",SSEN-2512014150,SSEN-251201415001
251201415001,SSEN,37.0,7399.0,2024-12-18 10:00:00+00:00,"{'x': -0.292495, 'y': 51.487429}",SSEN-2512014150,SSEN-251201415001
251201415001,SSEN,37.0,7466.0,2024-12-18 10:30:00+00:00,"{'x': -0.292495, 'y': 51.487429}",SSEN-2512014150,SSEN-251201415001
251201415001,SSEN,37.0,6612.0,2024-12-18 11:00:00+00:00,"{'x': -0.292495, 'y': 51.487429}",SSEN-2512014150,SSEN-251201415001
251201415001,SSEN,37.0,7539.0,2024-12-18 11:30:00+00:00,"{'x': -0.292495, 'y': 51.487429}",SSEN-2512014150,SSEN-251201415001
251201415001,SSEN,37.0,7160.0,2024-12-18 12:00:00+00:00,"{'x': -0.292495, 'y': 51.487429}",SSEN-2512014150,SSEN-251201415001
251201415001,SSEN,37.0,7215.0,2024-12-18 12:30:00+00:00,"{'x': -0.292495, 'y': 51.487429}",SSEN-2512014150,SSEN-251201415001
251201415001,SSEN,37.0,7695.0,2024-12-18 13:00:00+00:00,"{'x': -0.292495, 'y': 51.487429}",SSEN-2512014150,SSEN-251201415001
251201415001,SSEN,37.0,7574.0,2024-12-18 13:30:00+00:00,"{'x': -0.292495, 'y': 51.487429}",SSEN-2512014150,SSEN-251201415001
251201415001,SSEN,37.0,6833.0,2024-12-18 14:00:00+00:00,"{'x': -0.292495, 'y': 51.487429}",SSEN-2512014150,SSEN-251201415001
251201415001,SSEN,37.0,8386.0,2024-12-18 14:30:00+00:00,"{'x': -0.292495, 'y': 51.487429}",SSEN-2512014150,SSEN-251201415001
251201415001,SSEN,37.0,8262.0,2024-12-18 15:00:00+00:00,"{'x': -0.292495, 'y': 51.487429}",SSEN-2512014150,SSEN-251201415001
251201415001,SSEN,37.0,7126.0,2024-12-18 15:30:00+00:00,"{'x': -0.292495, 'y': 51.487429}",SSEN-2512014150,SSEN-251201415001
251201415001,SSEN,37.0,7592.0,2024-12-18 16:00:00+00:00,"{'x': -0.292495, 'y': 51.487429}",SSEN-2512014150,SSEN-251201415001
251201415001,SSEN,37.0,8071.0,2024-12-18 16:30:00+00:00,"{'x': -0.292495, 'y': 51.487429}",SSEN-2512014150,SSEN-251201415001
251201415001,SSEN,37.0,10657.0,2024-12-18 17:00:00+00:00,"{'x': -0.292495, 'y': 51.487429}",SSEN-2512014150,SSEN-251201415001
251201415001,SSEN,37.0,9902.0,2024-12-18 17:30:00+00:00,"{'x': -0.292495, 'y': 51.487429}",SSEN-2512014150,SSEN-251201415001
251201415001,SSEN,37.0,11360.0,2024-12-18 18:00:00+00:00,"{'x': -0.292495, 'y': 51.487429}",SSEN-2512014150,SSEN-251201415001
251201415001,SSEN,37.0,10169.0,2024-12-18 18:30:00+00:00,"{'x': -0.292495, 'y': 51.487429}",SSEN-2512014150,SSEN-251201415001
251201415001,SSEN,37.0,11758.0,2024-12-18 19:00:00+00:00,"{'x': -0.292495, 'y': 51.487429}",SSEN-2512014150,SSEN-251201415001
251201415001,SSEN,37.0,12477.0,2024-12-18 19:30:00+00:00,"{'x': -0.292495, 'y': 51.487429}",SSEN-2512014150,SSEN-251201415001
251201415001,SSEN,37.0,11782.0,2024-12-18 20:00:00+00:00,"{'x': -0.292495, 'y': 51.487429}",SSEN-2512014150,SSEN-251201415001
251201415001,SSEN,37.0,11104.0,2024-12-18 20:30:00+00:00,"{'x': -0.292495, 'y': 51.487429}",SSEN-2512014150,SSEN-251201415001
251201415001,SSEN,37.0,9774.0,2024-12-18 21:00:00+00:00,"{'x': -0.292495, 'y': 51.487429}",SSEN-2512014150,SSEN-251201415001
251201415001,SSEN,37.0,8677.0,2024-12-18 21:30:00+00:00,"{'x': -0.292495, 'y': 51.487429}",SSEN-2512014150,SSEN-251201415001
251201415001,SSEN,37.0,8975.0,2024-12-18 22:00:00+00:00,"{'x': -0.292495, 'y': 51.487429}",SSEN-2512014150,SSEN-251201415001
251201415001,SSEN,37.0,9170.0,2024-12-18 22:30:00+00:00,"{'x': -0.292495, 'y': 51.487429}",SSEN-2512014150,SSEN-251201415001
251201415001,SSEN,37.0,8638.0,2024-12-18 23:00:00+00:00,"{'x': -0.292495, 'y': 51.487429}",SSEN-2512014150,SSEN-251201415001
251201415001,SSEN,37.0,8231.0,2024-12-18 23:30:00+00:00,"{'x': -0.292495, 'y': 51.487429}",SSEN-2512014150,SSEN-251201415001
251201415001,SSEN,37.0,7100.0,2024-12-19 00:00:00+00:00,"{'x': -0.292495, 'y': 51.487429}",SSEN-2512014150,SSEN-251201415001
251201415001,SSEN,37.0,6824.0,2024-12-19 00:30:00+00:00,"{'x': -0.292495, 'y': 51.487429}",SSEN-2512014150,SSEN-251201415001
251201415001,SSEN,37.0,5785.0,2024-12-19 01:00:00+00:00,"{'x': -0.292495, 'y': 51.487429}",SSEN-2512014150,SSEN-251201415001
251201415001,SSEN,37.0,6305.0,2024-12-19 01:30:00+00:00,"{'x': -0.292495, 'y': 51.487429}",SSEN-2512014150,SSEN-251201415001
251201415001,SSEN,37.0,5724.0,2024-12-19 02:00:00+00:00,"{'x': -0.292495, 'y': 51.487429}",SSEN-2512014150,SSEN-251201415001
251201415001,SSEN,37.0,5042.0,2024-12-19 02:30:00+00:00,"{'x': -0.292495, 'y': 51.487429}",SSEN-2512014150,SSEN-251201415001
251201415001,SSEN,37.0,4770.0,2024-12-19 03:00:00+00:00,"{'x': -0.292495, 'y': 51.487429}",SSEN-2512014150,SSEN-251201415001
251201415001,SSEN,37.0,4817.0,2024-12-19 03:30:00+00:00,"{'x': -0.292495, 'y': 51.487429}",SSEN-2512014150,SSEN-251201415001
251201415001,SSEN,37.0,5086.0,2024-12-19 04:00:00+00:00,"{'x': -0.292495, 'y': 51.487429}",SSEN-2512014150,SSEN-251201415001
251201415001,SSEN,37.0,5155.0,2024-12-19 04:30:00+00:00,"{'x': -0.292495, 'y': 51.487429}",SSEN-2512014150,SSEN-251201415001
251201415001,SSEN,37.0,4884.0,2024-12-19 05:00:00+00:00,"{'x': -0.292495, 'y': 51.487429}",SSEN-2512014150,SSEN-251201415001
251201415001,SSEN,37.0,5114.0,2024-12-19 05:30:00+00:00,"{'x': -0.292495, 'y': 51.487429}",SSEN-2512014150,SSEN-251201415001
251201415001,SSEN,37.0,6021.0,2024-12-19 06:00:00+00:00,"{'x': -0.292495, 'y': 51.487429}",SSEN-2512014150,SSEN-251201415001
251201415001,SSEN,37.0,6014.0,2024-12-19 06:30:00+00:00,"{'x': -0.292495, 'y': 51.487429}",SSEN-2512014150,SSEN-251201415001
251201415001,SSEN,37.0,5987.0,2024-12-19 07:00:00+00:00,"{'x': -0.292495, 'y': 51.487429}",SSEN-2512014150,SSEN-251201415001
251201415001,SSEN,37.0,6663.0,2024-12-19 07:30:00+00:00,"{'x': -0.292495, 'y': 51.487429}",SSEN-2512014150,SSEN-251201415001
251201415001,SSEN,37.0,7214.0,2024-12-19 08:00:00+00:00,"{'x': -0.292495, 'y': 51.487429}",SSEN-2512014150,SSEN-251201415001
251201415001,SSEN,37.0,6985.0,2024-12-19 08:30:00+00:00,"{'x': -0.292495, 'y': 51.487429}",SSEN-2512014150,SSEN-251201415001
251201415001,SSEN,37.0,6402.0,2024-12-19 09:00:00+00:00,"{'x': -0.292495, 'y': 51.487429}",SSEN-2512014150,SSEN-251201415001
251201415001,SSEN,37.0,7055.0,2024-12-19 09:30:00+00:00,"{'x': -0.292495, 'y': 51.487429}",SSEN-2512014150,SSEN-251201415001
251201415001,SSEN,37.0,6758.0,2024-12-19 10:00:00+00:00,"{'x': -0.292495, 'y': 51.487429}",SSEN-2512014150,SSEN-251201415001
251201415001,SSEN,37.0,7488.0,2024-12-19 10:30:00+00:00,"{'x': -0.292495, 'y': 51.487429}",SSEN-2512014150,SSEN-251201415001
251201415001,SSEN,37.0,7733.0,2024-12-19 11:00:00+00:00,"{'x': -0.292495, 'y': 51.487429}",SSEN-2512014150,SSEN-251201415001
251201415001,SSEN,37.0,6763.0,2024-12-19 11:30:00+00:00,"{'x': -0.292495, 'y': 51.487429}",SSEN-2512014150,SSEN-251201415001
251201415001,SSEN,37.0,6107.0,2024-12-19 12:00:00+00:00,"{'x': -0.292495, 'y': 51.487429}",SSEN-2512014150,SSEN-251201415001
251201415001,SSEN,37.0,7489.0,2024-12-19 12:30:00+00:00,"{'x': -0.292495, 'y': 51.487429}",SSEN-2512014150,SSEN-251201415001
251201415001,SSEN,37.0,8027.0,2024-12-19 13:00:00+00:00,"{'x': -0.292495, 'y': 51.487429}",SSEN-2512014150,SSEN-251201415001
251201415001,SSEN,37.0,7748.0,2024-12-19 13:30:00+00:00,"{'x': -0.292495, 'y': 51.487429}",SSEN-2512014150,SSEN-251201415001
251201415001,SSEN,37.0,7892.0,2024-12-19 14:00:00+00:00,"{'x': -0.292495, 'y': 51.487429}",SSEN-2512014150,SSEN-251201415001
251201415001,SSEN,37.0,8202.0,2024-12-19 14:30:00+00:00,"{'x': -0.292495, 'y': 51.487429}",SSEN-2512014150,SSEN-251201415001
251201415001,SSEN,37.0,8092.0,2024-12-19 15:00:00+00:00,"{'x': -0.292495, 'y': 51.487429}",SSEN-2512014150,SSEN-251201415001
251201415001,SSEN,37.0,7688.0,2024-12-19 15:30:00+00:00,"{'x': -0.292495, 'y': 51.487429}",SSEN-2512014150,SSEN-251201415001
251201415001,SSEN,37.0,8008.0,2024-12-19 16:00:00+00:00,"{'x': -0.292495, 'y': 51.487429}",SSEN-2512014150,SSEN-251201415001
251201415001,SSEN,37.0,9534.0,2024-12-19 16:30:00+00:00,"{'x': -0.292495, 'y': 51.487429}",SSEN-2512014150,SSEN-251201415001
251201415001,SSEN,37.0,9618.0,2024-12-19 17:00:00+00:00,"{'x': -0.292495, 'y': 51.487429}",SSEN-2512014150,SSEN-251201415001
251201415001,SSEN,37.0,10221.0,2024-12-19 17:30:00+00:00,"{'x': -0.292495, 'y': 51.487429}",SSEN-2512014150,SSEN-251201415001
251201415001,SSEN,37.0,10287.0,2024-12-19 18:00:00+00:00,"{'x': -0.292495, 'y': 51.487429}",SSEN-2512014150,SSEN-251201415001
251201415001,SSEN,37.0,10479.0,2024-12-19 18:30:00+00:00,"{'x': -0.292495, 'y': 51.487429}",SSEN-2512014150,SSEN-251201415001
251201415001,SSEN,37.0,8720.0,2024-12-19 19:00:00+00:00,"{'x': -0.292495, 'y': 51.487429}",SSEN-2512014150,SSEN-251201415001
251201415001,SSEN,37.0,9270.0,2024-12-19 19:30:00+00:00,"{'x': -0.292495, 'y': 51.487429}",SSEN-2512014150,SSEN-251201415001
251201415001,SSEN,37.0,9190.0,2024-12-19 20:00:00+00:00,"{'x': -0.292495, 'y': 51.487429}",SSEN-2512014150,SSEN-251201415001
251201415001,SSEN,37.0,9605.0,2024-12-19 20:30:00+00:00,"{'x': -0.292495, 'y': 51.487429}",SSEN-2512014150,SSEN-251201415001
251201415001,SSEN,37.0,9753.0,2024-12-19 21:00:00+00:00,"{'x': -0.292495, 'y': 51.487429}",SSEN-2512014150,SSEN-251201415001
251201415001,SSEN,37.0,10306.0,2024-12-19 21:30:00+00:00,"{'x': -0.292495, 'y': 51.487429}",SSEN-2512014150,SSEN-251201415001
251201415001,SSEN,37.0,10619.0,2024-12-19 22:00:00+00:00,"{'x': -0.292495, 'y': 51.487429}",SSEN-2512014150,SSEN-251201415001
251201415001,SSEN,37.0,8896.0,2024-12-19 22:30:00+00:00,"{'x': -0.292495, 'y': 51.487429}",SSEN-2512014150,SSEN-251201415001
251201415001,SSEN,37.0,7733.0,2024-12-19 23:00:00+00:00,"{'x': -0.292495, 'y': 51.487429}",SSEN-2512014150,SSEN-251201415001
251201415001,SSEN,37.0,6652.0,2024-12-19 23:30:00+00:00,"{'x': -0.292495, 'y': 51.487429}",SSEN-2512014150,SSEN-251201415001
251201415001,SSEN,37.0,6649.0,2024-12-20 00:00:00+00:00,"{'x': -0.292495, 'y': 51.487429}",SSEN-2512014150,SSEN-251201415001
251201415001,SSEN,36.0,6436.0,2024-12-20 00:30:00+00:00,"{'x': -0.292495, 'y': 51.487429}",SSEN-2512014150,SSEN-251201415001
251201415001,SSEN,36.0,5700.0,2024-12-20 01:00:00+00:00,"{'x': -0.292495, 'y': 51.487429}",SSEN-2512014150,SSEN-251201415001
251201415001,SSEN,36.0,4882.0,2024-12-20 01:30:00+00:00,"{'x': -0.292495, 'y': 51.487429}",SSEN-2512014150,SSEN-251201415001
251201415001,SSEN,36.0,4851.0,2024-12-20 02:00:00+00:00,"{'x': -0.292495, 'y': 51.487429}",SSEN-2512014150,SSEN-251201415001
251201415001,SSEN,36.0,4891.0,2024-12-20 02:30:00+00:00,"{'x': -0.292495, 'y': 51.487429}",SSEN-2512014150,SSEN-251201415001
251201415001,SSEN,36.0,4673.0,2024-12-20 03:00:00+00:00,"{'x': -0.292495, 'y': 51.487429}",SSEN-2512014150,SSEN-251201415001
251201415001,SSEN,36.0,4791.0,2024-12-20 03:30:00+00:00,"{'x': -0.292495, 'y': 51.487429}",SSEN-2512014150,SSEN-251201415001
251201415001,SSEN,36.0,4820.0,2024-12-20 04:00:00+00:00,"{'x': -0.292495, 'y': 51.487429}",SSEN-2512014150,SSEN-251201415001
251201415001,SSEN,36.0,4843.0,2024-12-20 04:30:00+00:00,"{'x': -0.292495, 'y': 51.487429}",SSEN-2512014150,SSEN-251201415001
251201415001,SSEN,36.0,4648.0,2024-12-20 05:00:00+00:00,"{'x': -0.292495, 'y': 51.487429}",SSEN-2512014150,SSEN-251201415001
251201415001,SSEN,36.0,5252.0,2024-12-20 05:30:00+00:00,"{'x': -0.292495, 'y': 51.487429}",SSEN-2512014150,SSEN-251201415001
251201415001,SSEN,36.0,5778.0,2024-12-20 06:00:00+00:00,"{'x': -0.292495, 'y': 51.487429}",SSEN-2512014150,SSEN-251201415001
251201415001,SSEN,36.0,5780.0,2024-12-20 06:30:00+00:00,"{'x': -0.292495, 'y': 51.487429}",SSEN-2512014150,SSEN-251201415001
251201415001,SSEN,36.0,6146.0,2024-12-20 07:00:00+00:00,"{'x': -0.292495, 'y': 51.487429}",SSEN-2512014150,SSEN-251201415001
251201415001,SSEN,36.0,6959.0,2024-12-20 07:30:00+00:00,"{'x': -0.292495, 'y': 51.487429}",SSEN-2512014150,SSEN-251201415001
251201415001,SSEN,36.0,6649.0,2024-12-20 08:00:00+00:00,"{'x': -0.292495, 'y': 51.487429}",SSEN-2512014150,SSEN-251201415001
251201415001,SSEN,36.0,6855.0,2024-12-20 08:30:00+00:00,"{'x': -0.292495, 'y': 51.487429}",SSEN-2512014150,SSEN-251201415001
251201415001,SSEN,36.0,7195.0,2024-12-20 09:00:00+00:00,"{'x': -0.292495, 'y': 51.487429}",SSEN-2512014150,SSEN-251201415001
251201415001,SSEN,36.0,8079.0,2024-12-20 09:30:00+00:00,"{'x': -0.292495, 'y': 51.487429}",SSEN-2512014150,SSEN-251201415001
251201415001,SSEN,36.0,7795.0,2024-12-20 10:00:00+00:00,"{'x': -0.292495, 'y': 51.487429}",SSEN-2512014150,SSEN-251201415001
251201415001,SSEN,36.0,9418.0,2024-12-20 10:30:00+00:00,"{'x': -0.292495, 'y': 51.487429}",SSEN-2512014150,SSEN-251201415001
251201415001,SSEN,36.0,8878.0,2024-12-20 11:00:00+00:00,"{'x': -0.292495, 'y': 51.487429}",SSEN-2512014150,SSEN-251201415001
251201415001,SSEN,36.0,8647.0,2024-12-20 11:30:00+00:00,"{'x': -0.292495, 'y': 51.487429}",SSEN-2512014150,SSEN-251201415001
251201415001,SSEN,36.0,7901.0,2024-12-20 12:00:00+00:00,"{'x': -0.292495, 'y': 51.487429}",SSEN-2512014150,SSEN-251201415001
251201415001,SSEN,36.0,7530.0,2024-12-20 12:30:00+00:00,"{'x': -0.292495, 'y': 51.487429}",SSEN-2512014150,SSEN-251201415001
251201415001,SSEN,36.0,8098.0,2024-12-20 13:00:00+00:00,"{'x': -0.292495, 'y': 51.487429}",SSEN-2512014150,SSEN-251201415001
251201415001,SSEN,36.0,8146.0,2024-12-20 13:30:00+00:00,"{'x': -0.292495, 'y': 51.487429}",SSEN-2512014150,SSEN-251201415001
251201415001,SSEN,36.0,6938.0,2024-12-20 14:00:00+00:00,"{'x': -0.292495, 'y': 51.487429}",SSEN-2512014150,SSEN-251201415001
251201415001,SSEN,36.0,7462.0,2024-12-20 14:30:00+00:00,"{'x': -0.292495, 'y': 51.487429}",SSEN-2512014150,SSEN-251201415001
251201415001,SSEN,36.0,7685.0,2024-12-20 15:00:00+00:00,"{'x': -0.292495, 'y': 51.487429}",SSEN-2512014150,SSEN-251201415001
251201415001,SSEN,36.0,6933.0,2024-12-20 15:30:00+00:00,"{'x': -0.292495, 'y': 51.487429}",SSEN-2512014150,SSEN-251201415001
251201415001,SSEN,36.0,7529.0,2024-12-20 16:00:00+00:00,"{'x': -0.292495, 'y': 51.487429}",SSEN-2512014150,SSEN-251201415001
251201415001,SSEN,36.0,8310.0,2024-12-20 16:30:00+00:00,"{'x': -0.292495, 'y': 51.487429}",SSEN-2512014150,SSEN-251201415001
251201415001,SSEN,36.0,10232.0,2024-12-20 17:00:00+00:00,"{'x': -0.292495, 'y': 51.487429}",SSEN-2512014150,SSEN-251201415001
251201415001,SSEN,36.0,10398.0,2024-12-20 17:30:00+00:00,"{'x': -0.292495, 'y': 51.487429}",SSEN-2512014150,SSEN-251201415001
251201415001,SSEN,36.0,10986.0,2024-12-20 18:00:00+00:00,"{'x': -0.292495, 'y': 51.487429}",SSEN-2512014150,SSEN-251201415001
251201415001,SSEN,36.0,10113.0,2024-12-20 18:30:00+00:00,"{'x': -0.292495, 'y': 51.487429}",SSEN-2512014150,SSEN-251201415001
251201415001,SSEN,36.0,9558.0,2024-12-20 19:00:00+00:00,"{'x': -0.292495, 'y': 51.487429}",SSEN-2512014150,SSEN-251201415001
251201415001,SSEN,36.0,12459.0,2024-12-20 19:30:00+00:00,"{'x': -0.292495, 'y': 51.487429}",SSEN-2512014150,SSEN-251201415001
251201415001,SSEN,36.0,10232.0,2024-12-20 20:00:00+00:00,"{'x': -0.292495, 'y': 51.487429}",SSEN-2512014150,SSEN-251201415001
251201415001,SSEN,36.0,9707.0,2024-12-20 20:30:00+00:00,"{'x': -0.292495, 'y': 51.487429}",SSEN-2512014150,SSEN-251201415001
251201415001,SSEN,36.0,9961.0,2024-12-20 21:00:00+00:00,"{'x': -0.292495, 'y': 51.487429}",SSEN-2512014150,SSEN-251201415001
251201415001,SSEN,36.0,9489.0,2024-12-20 21:30:00+00:00,"{'x': -0.292495, 'y': 51.487429}",SSEN-2512014150,SSEN-251201415001
251201415001,SSEN,36.0,9193.0,2024-12-20 22:00:00+00:00,"{'x': -0.292495, 'y': 51.487429}",SSEN-2512014150,SSEN-251201415001
251201415001,SSEN,36.0,9122.0,2024-12-20 22:30:00+00:00,"{'x': -0.292495, 'y': 51.487429}",SSEN-2512014150,SSEN-251201415001
251201415001,SSEN,36.0,9190.0,2024-12-20 23:00:00+00:00,"{'x': -0.292495, 'y': 51.487429}",SSEN-2512014150,SSEN-251201415001
251201415001,SSEN,36.0,8255.0,2024-12-20 23:30:00+00:00,"{'x': -0.292495, 'y': 51.487429}",SSEN-2512014150,SSEN-251201415001
251201415001,SSEN,36.0,8207.0,2024-12-21 00:00:00+00:00,"{'x': -0.292495, 'y': 51.487429}",SSEN-2512014150,SSEN-251201415001
251201415001,SSEN,36.0,6557.0,2024-12-21 00:30:00+00:00,"{'x': -0.292495, 'y': 51.487429}",SSEN-2512014150,SSEN-251201415001
251201415001,SSEN,36.0,5786.0,2024-12-21 01:00:00+00:00,"{'x': -0.292495, 'y': 51.487429}",SSEN-2512014150,SSEN-251201415001
251201415001,SSEN,36.0,6216.0,2024-12-21 01:30:00+00:00,"{'x': -0.292495, 'y': 51.487429}",SSEN-2512014150,SSEN-251201415001
251201415001,SSEN,36.0,5456.0,2024-12-21 02:00:00+00:00,"{'x': -0.292495, 'y': 51.487429}",SSEN-2512014150,SSEN-251201415001
251201415001,SSEN,36.0,5482.0,2024-12-21 02:30:00+00:00,"{'x': -0.292495, 'y': 51.487429}",SSEN-2512014150,SSEN-251201415001
251201415001,SSEN,36.0,5185.0,2024-12-21 03:00:00+00:00,"{'x': -0.292495, 'y': 51.487429}",SSEN-2512014150,SSEN-251201415001
251201415001,SSEN,36.0,5975.0,2024-12-21 03:30:00+00:00,"{'x': -0.292495, 'y': 51.487429}",SSEN-2512014150,SSEN-251201415001
251201415001,SSEN,36.0,6300.0,2024-12-21 04:00:00+00:00,"{'x': -0.292495, 'y': 51.487429}",SSEN-2512014150,SSEN-251201415001
251201415001,SSEN,36.0,6003.0,2024-12-21 04:30:00+00:00,"{'x': -0.292495, 'y': 51.487429}",SSEN-2512014150,SSEN-251201415001
251201415001,SSEN,36.0,5413.0,2024-12-21 05:00:00+00:00,"{'x': -0.292495, 'y': 51.487429}",SSEN-2512014150,SSEN-251201415001
251201415001,SSEN,36.0,5022.0,2024-12-21 05:30:00+00:00,"{'x': -0.292495, 'y': 51.487429}",SSEN-2512014150,SSEN-251201415001
251201415001,SSEN,36.0,5661.0,2024-12-21 06:00:00+00:00,"{'x': -0.292495, 'y': 51.487429}",SSEN-2512014150,SSEN-251201415001
251201415001,SSEN,36.0,5627.0,2024-12-21 06:30:00+00:00,"{'x': -0.292495, 'y': 51.487429}",SSEN-2512014150,SSEN-251201415001
251201415001,SSEN,36.0,5485.0,2024-12-21 07:00:00+00:00,"{'x': -0.292495, 'y': 51.487429}",SSEN-2512014150,SSEN-251201415001
251201415001,SSEN,36.0,5225.0,2024-12-21 07:30:00+00:00,"{'x': -0.292495, 'y': 51.487429}",SSEN-2512014150,SSEN-251201415001
251201415001,SSEN,36.0,6604.0,2024-12-21 08:00:00+00:00,"{'x': -0.292495, 'y': 51.487429}",SSEN-2512014150,SSEN-251201415001
251201415001,SSEN,36.0,6457.0,2024-12-21 08:30:00+00:00,"{'x': -0.292495, 'y': 51.487429}",SSEN-2512014150,SSEN-251201415001
251201415001,SSEN,36.0,5362.0,2024-12-21 09:00:00+00:00,"{'x': -0.292495, 'y': 51.487429}",SSEN-2512014150,SSEN-251201415001
251201415001,SSEN,36.0,6100.0,2024-12-21 09:30:00+00:00,"{'x': -0.292495, 'y': 51.487429}",SSEN-2512014150,SSEN-251201415001
251201415001,SSEN,36.0,6759.0,2024-12-21 10:00:00+00:00,"{'x': -0.292495, 'y': 51.487429}",SSEN-2512014150,SSEN-251201415001
251201415001,SSEN,36.0,7338.0,2024-12-21 10:30:00+00:00,"{'x': -0.292495, 'y': 51.487429}",SSEN-2512014150,SSEN-251201415001
251201415001,SSEN,36.0,7148.0,2024-12-21 11:00:00+00:00,"{'x': -0.292495, 'y': 51.487429}",SSEN-2512014150,SSEN-251201415001
251201415001,SSEN,36.0,7825.0,2024-12-21 11:30:00+00:00,"{'x': -0.292495, 'y': 51.487429}",SSEN-2512014150,SSEN-251201415001
251201415001,SSEN,36.0,9123.0,2024-12-21 12:00:00+00:00,"{'x': -0.292495, 'y': 51.487429}",SSEN-2512014150,SSEN-251201415001
251201415001,SSEN,36.0,8975.0,2024-12-21 12:30:00+00:00,"{'x': -0.292495, 'y': 51.487429}",SSEN-2512014150,SSEN-251201415001
251201415001,SSEN,36.0,9623.0,2024-12-21 13:00:00+00:00,"{'x': -0.292495, 'y': 51.487429}",SSEN-2512014150,SSEN-251201415001
251201415001,SSEN,36.0,9429.0,2024-12-21 13:30:00+00:00,"{'x': -0.292495, 'y': 51.487429}",SSEN-2512014150,SSEN-251201415001
251201415001,SSEN,36.0,11916.0,2024-12-21 14:00:00+00:00,"{'x': -0.292495, 'y': 51.487429}",SSEN-2512014150,SSEN-251201415001
251201415001,SSEN,36.0,9736.0,2024-12-21 14:30:00+00:00,"{'x': -0.292495, 'y': 51.487429}",SSEN-2512014150,SSEN-251201415001
251201415001,SSEN,36.0,9425.0,2024-12-21 15:00:00+00:00,"{'x': -0.292495, 'y': 51.487429}",SSEN-2512014150,SSEN-251201415001
251201415001,SSEN,36.0,8797.0,2024-12-21 15:30:00+00:00,"{'x': -0.292495, 'y': 51.487429}",SSEN-2512014150,SSEN-251201415001
251201415001,SSEN,36.0,10453.0,2024-12-21 16:00:00+00:00,"{'x': -0.292495, 'y': 51.487429}",SSEN-2512014150,SSEN-251201415001
251201415001,SSEN,36.0,10893.0,2024-12-21 16:30:00+00:00,"{'x': -0.292495, 'y': 51.487429}",SSEN-2512014150,SSEN-251201415001
251201415001,SSEN,36.0,10364.0,2024-12-21 17:00:00+00:00,"{'x': -0.292495, 'y': 51.487429}",SSEN-2512014150,SSEN-251201415001
251201415001,SSEN,36.0,10524.0,2024-12-21 17:30:00+00:00,"{'x': -0.292495, 'y': 51.487429}",SSEN-2512014150,SSEN-251201415001
251201415001,SSEN,36.0,10386.0,2024-12-21 18:00:00+00:00,"{'x': -0.292495, 'y': 51.487429}",SSEN-2512014150,SSEN-251201415001
251201415001,SSEN,36.0,11113.0,2024-12-21 18:30:00+00:00,"{'x': -0.292495, 'y': 51.487429}",SSEN-2512014150,SSEN-251201415001
251201415001,SSEN,36.0,11476.0,2024-12-21 19:00:00+00:00,"{'x': -0.292495, 'y': 51.487429}",SSEN-2512014150,SSEN-251201415001
251201415001,SSEN,36.0,10611.0,2024-12-21 19:30:00+00:00,"{'x': -0.292495, 'y': 51.487429}",SSEN-2512014150,SSEN-251201415001
251201415001,SSEN,36.0,10771.0,2024-12-21 20:00:00+00:00,"{'x': -0.292495, 'y': 51.487429}",SSEN-2512014150,SSEN-251201415001
251201415001,SSEN,36.0,9303.0,2024-12-21 20:30:00+00:00,"{'x': -0.292495, 'y': 51.487429}",SSEN-2512014150,SSEN-251201415001
251201415001,SSEN,36.0,8829.0,2024-12-21 21:00:00+00:00,"{'x': -0.292495, 'y': 51.487429}",SSEN-2512014150,SSEN-251201415001
251201415001,SSEN,36.0,8583.0,2024-12-21 21:30:00+00:00,"{'x': -0.292495, 'y': 51.487429}",SSEN-2512014150,SSEN-251201415001
251201415001,SSEN,36.0,8774.0,2024-12-21 22:00:00+00:00,"{'x': -0.292495, 'y': 51.487429}",SSEN-2512014150,SSEN-251201415001
251201415001,SSEN,36.0,8088.0,2024-12-21 22:30:00+00:00,"{'x': -0.292495, 'y': 51.487429}",SSEN-2512014150,SSEN-251201415001
251201415001,SSEN,36.0,7479.0,2024-12-21 23:00:00+00:00,"{'x': -0.292495, 'y': 51.487429}",SSEN-2512014150,SSEN-251201415001
251201415001,SSEN,36.0,6870.0,2024-12-21 23:30:00+00:00,"{'x': -0.292495, 'y': 51.487429}",SSEN-2512014150,SSEN-251201415001
251201415001,SSEN,36.0,7481.0,2024-12-22 00:00:00+00:00,"{'x': -0.292495, 'y': 51.487429}",SSEN-2512014150,SSEN-251201415001
251201415001,SSEN,37.0,7060.0,2024-12-22 00:30:00+00:00,"{'x': -0.292495, 'y': 51.487429}",SSEN-2512014150,SSEN-251201415001
251201415001,SSEN,37.0,5579.0,2024-12-22 01:00:00+00:00,"{'x': -0.292495, 'y': 51.487429}",SSEN-2512014150,SSEN-251201415001
251201415001,SSEN,37.0,5444.0,2024-12-22 01:30:00+00:00,"{'x': -0.292495, 'y': 51.487429}",SSEN-2512014150,SSEN-251201415001
251201415001,SSEN,37.0,5117.0,2024-12-22 02:00:00+00:00,"{'x': -0.292495, 'y': 51.487429}",SSEN-2512014150,SSEN-251201415001
251201415001,SSEN,37.0,5323.0,2024-12-22 02:30:00+00:00,"{'x': -0.292495, 'y': 51.487429}",SSEN-2512014150,SSEN-251201415001
251201415001,SSEN,37.0,5478.0,2024-12-22 03:00:00+00:00,"{'x': -0.292495, 'y': 51.487429}",SSEN-2512014150,SSEN-251201415001
251201415001,SSEN,37.0,4964.0,2024-12-22 03:30:00+00:00,"{'x': -0.292495, 'y': 51.487429}",SSEN-2512014150,SSEN-251201415001
251201415001,SSEN,37.0,5027.0,2024-12-22 04:00:00+00:00,"{'x': -0.292495, 'y': 51.487429}",SSEN-2512014150,SSEN-251201415001
251201415001,SSEN,37.0,4724.0,2024-12-22 04:30:00+00:00,"{'x': -0.292495, 'y': 51.487429}",SSEN-2512014150,SSEN-251201415001
251201415001,SSEN,37.0,4728.0,2024-12-22 05:00:00+00:00,"{'x': -0.292495, 'y': 51.487429}",SSEN-2512014150,SSEN-251201415001
251201415001,SSEN,37.0,4641.0,2024-12-22 05:30:00+00:00,"{'x': -0.292495, 'y': 51.487429}",SSEN-2512014150,SSEN-251201415001
251201415001,SSEN,37.0,5029.0,2024-12-22 06:00:00+00:00,"{'x': -0.292495, 'y': 51.487429}",SSEN-2512014150,SSEN-251201415001
251201415001,SSEN,37.0,5346.0,2024-12-22 06:30:00+00:00,"{'x': -0.292495, 'y': 51.487429}",SSEN-2512014150,SSEN-251201415001
251201415001,SSEN,37.0,5251.0,2024-12-22 07:00:00+00:00,"{'x': -0.292495, 'y': 51.487429}",SSEN-2512014150,SSEN-251201415001
251201415001,SSEN,37.0,5415.0,2024-12-22 07:30:00+00:00,"{'x': -0.292495, 'y': 51.487429}",SSEN-2512014150,SSEN-251201415001
251201415001,SSEN,37.0,6246.0,2024-12-22 08:00:00+00:00,"{'x': -0.292495, 'y': 51.487429}",SSEN-2512014150,SSEN-251201415001
251201415001,SSEN,37.0,6698.0,2024-12-22 08:30:00+00:00,"{'x': -0.292495, 'y': 51.487429}",SSEN-2512014150,SSEN-251201415001
251201415001,SSEN,37.0,5496.0,2024-12-22 09:00:00+00:00,"{'x': -0.292495, 'y': 51.487429}",SSEN-2512014150,SSEN-251201415001
251201415001,SSEN,37.0,5897.0,2024-12-22 09:30:00+00:00,"{'x': -0.292495, 'y': 51.487429}",SSEN-2512014150,SSEN-251201415001
251201415001,SSEN,37.0,6464.0,2024-12-22 10:00:00+00:00,"{'x': -0.292495, 'y': 51.487429}",SSEN-2512014150,SSEN-251201415001
251201415001,SSEN,37.0,6652.0,2024-12-22 10:30:00+00:00,"{'x': -0.292495, 'y': 51.487429}",SSEN-2512014150,SSEN-251201415001
251201415001,SSEN,37.0,7536.0,2024-12-22 11:00:00+00:00,"{'x': -0.292495, 'y': 51.487429}",SSEN-2512014150,SSEN-251201415001
251201415001,SSEN,37.0,6696.0,2024-12-22 11:30:00+00:00,"{'x': -0.292495, 'y': 51.487429}",SSEN-2512014150,SSEN-251201415001
251201415001,SSEN,37.0,7054.0,2024-12-22 12:00:00+00:00,"{'x': -0.292495, 'y': 51.487429}",SSEN-2512014150,SSEN-251201415001
251201415001,SSEN,37.0,7001.0,2024-12-22 12:30:00+00:00,"{'x': -0.292495, 'y': 51.487429}",SSEN-2512014150,SSEN-251201415001
251201415001,SSEN,37.0,8143.0,2024-12-22 13:00:00+00:00,"{'x': -0.292495, 'y': 51.487429}",SSEN-2512014150,SSEN-251201415001
251201415001,SSEN,37.0,6789.0,2024-12-22 13:30:00+00:00,"{'x': -0.292495, 'y': 51.487429}",SSEN-2512014150,SSEN-251201415001
251201415001,SSEN,37.0,7554.0,2024-12-22 14:00:00+00:00,"{'x': -0.292495, 'y': 51.487429}",SSEN-2512014150,SSEN-251201415001
251201415001,SSEN,37.0,8987.0,2024-12-22 14:30:00+00:00,"{'x': -0.292495, 'y': 51.487429}",SSEN-2512014150,SSEN-251201415001
251201415001,SSEN,37.0,7981.0,2024-12-22 15:00:00+00:00,"{'x': -0.292495, 'y': 51.487429}",SSEN-2512014150,SSEN-251201415001
251201415001,SSEN,37.0,9014.0,2024-12-22 15:30:00+00:00,"{'x': -0.292495, 'y': 51.487429}",SSEN-2512014150,SSEN-251201415001
251201415001,SSEN,37.0,10554.0,2024-12-22 16:00:00+00:00,"{'x': -0.292495, 'y': 51.487429}",SSEN-2512014150,SSEN-251201415001
251201415001,SSEN,37.0,9105.0,2024-12-22 16:30:00+00:00,"{'x': -0.292495, 'y': 51.487429}",SSEN-2512014150,SSEN-251201415001
251201415001,SSEN,37.0,8950.0,2024-12-22 17:00:00+00:00,"{'x': -0.292495, 'y': 51.487429}",SSEN-2512014150,SSEN-251201415001
251201415001,SSEN,37.0,8899.0,2024-12-22 17:30:00+00:00,"{'x': -0.292495, 'y': 51.487429}",SSEN-2512014150,SSEN-251201415001
251201415001,SSEN,37.0,9058.0,2024-12-22 18:00:00+00:00,"{'x': -0.292495, 'y': 51.487429}",SSEN-2512014150,SSEN-251201415001
251201415001,SSEN,37.0,8230.0,2024-12-22 18:30:00+00:00,"{'x': -0.292495, 'y': 51.487429}",SSEN-2512014150,SSEN-251201415001
251201415001,SSEN,37.0,9678.0,2024-12-22 19:00:00+00:00,"{'x': -0.292495, 'y': 51.487429}",SSEN-2512014150,SSEN-251201415001
251201415001,SSEN,37.0,8774.0,2024-12-22 19:30:00+00:00,"{'x': -0.292495, 'y': 51.487429}",SSEN-2512014150,SSEN-251201415001
251201415001,SSEN,37.0,9366.0,2024-12-22 20:00:00+00:00,"{'x': -0.292495, 'y': 51.487429}",SSEN-2512014150,SSEN-251201415001
251201415001,SSEN,37.0,9088.0,2024-12-22 20:30:00+00:00,"{'x': -0.292495, 'y': 51.487429}",SSEN-2512014150,SSEN-251201415001
251201415001,SSEN,37.0,8153.0,2024-12-22 21:00:00+00:00,"{'x': -0.292495, 'y': 51.487429}",SSEN-2512014150,SSEN-251201415001
251201415001,SSEN,37.0,9628.0,2024-12-22 21:30:00+00:00,"{'x': -0.292495, 'y': 51.487429}",SSEN-2512014150,SSEN-251201415001
251201415001,SSEN,37.0,7960.0,2024-12-22 22:00:00+00:00,"{'x': -0.292495, 'y': 51.487429}",SSEN-2512014150,SSEN-251201415001
251201415001,SSEN,37.0,7554.0,2024-12-22 22:30:00+00:00,"{'x': -0.292495, 'y': 51.487429}",SSEN-2512014150,SSEN-251201415001
251201415001,SSEN,37.0,7691.0,2024-12-22 23:00:00+00:00,"{'x': -0.292495, 'y': 51.487429}",SSEN-2512014150,SSEN-251201415001
251201415001,SSEN,37.0,6890.0,2024-12-22 23:30:00+00:00,"{'x': -0.292495, 'y': 51.487429}",SSEN-2512014150,SSEN-251201415001
251201415001,SSEN,37.0,6067.0,2024-12-23 00:00:00+00:00,"{'x': -0.292495, 'y': 51.487429}",SSEN-2512014150,SSEN-251201415001
251201415001,SSEN,36.0,6459.0,2024-12-23 00:30:00+00:00,"{'x': -0.292495, 'y': 51.487429}",SSEN-2512014150,SSEN-251201415001
251201415001,SSEN,36.0,6065.0,2024-12-23 01:00:00+00:00,"{'x': -0.292495, 'y': 51.487429}",SSEN-2512014150,SSEN-251201415001
251201415001,SSEN,36.0,6084.0,2024-12-23 01:30:00+00:00,"{'x': -0.292495, 'y': 51.487429}",SSEN-2512014150,SSEN-251201415001
251201415001,SSEN,36.0,5340.0,2024-12-23 02:00:00+00:00,"{'x': -0.292495, 'y': 51.487429}",SSEN-2512014150,SSEN-251201415001
251201415001,SSEN,36.0,4841.0,2024-12-23 02:30:00+00:00,"{'x': -0.292495, 'y': 51.487429}",SSEN-2512014150,SSEN-251201415001
251201415001,SSEN,36.0,4845.0,2024-12-23 03:00:00+00:00,"{'x': -0.292495, 'y': 51.487429}",SSEN-2512014150,SSEN-251201415001
251201415001,SSEN,36.0,5000.0,2024-12-23 03:30:00+00:00,"{'x': -0.292495, 'y': 51.487429}",SSEN-2512014150,SSEN-251201415001
251201415001,SSEN,36.0,5006.0,2024-12-23 04:00:00+00:00,"{'x': -0.292495, 'y': 51.487429}",SSEN-2512014150,SSEN-251201415001
251201415001,SSEN,36.0,5077.0,2024-12-23 04:30:00+00:00,"{'x': -0.292495, 'y': 51.487429}",SSEN-2512014150,SSEN-251201415001
251201415001,SSEN,36.0,5140.0,2024-12-23 05:00:00+00:00,"{'x': -0.292495, 'y': 51.487429}",SSEN-2512014150,SSEN-251201415001
251201415001,SSEN,36.0,4898.0,2024-12-23 05:30:00+00:00,"{'x': -0.292495, 'y': 51.487429}",SSEN-2512014150,SSEN-251201415001
251201415001,SSEN,36.0,5081.0,2024-12-23 06:00:00+00:00,"{'x': -0.292495, 'y': 51.487429}",SSEN-2512014150,SSEN-251201415001
251201415001,SSEN,36.0,5228.0,2024-12-23 06:30:00+00:00,"{'x': -0.292495, 'y': 51.487429}",SSEN-2512014150,SSEN-251201415001
251201415001,SSEN,36.0,5199.0,2024-12-23 07:00:00+00:00,"{'x': -0.292495, 'y': 51.487429}",SSEN-2512014150,SSEN-251201415001
251201415001,SSEN,36.0,5479.0,2024-12-23 07:30:00+00:00,"{'x': -0.292495, 'y': 51.487429}",SSEN-2512014150,SSEN-251201415001
251201415001,SSEN,36.0,6032.0,2024-12-23 08:00:00+00:00,"{'x': -0.292495, 'y': 51.487429}",SSEN-2512014150,SSEN-251201415001
251201415001,SSEN,36.0,6275.0,2024-12-23 08:30:00+00:00,"{'x': -0.292495, 'y': 51.487429}",SSEN-2512014150,SSEN-251201415001
251201415001,SSEN,36.0,7166.0,2024-12-23 09:00:00+00:00,"{'x': -0.292495, 'y': 51.487429}",SSEN-2512014150,SSEN-251201415001
251201415001,SSEN,36.0,8413.0,2024-12-23 09:30:00+00:00,"{'x': -0.292495, 'y': 51.487429}",SSEN-2512014150,SSEN-251201415001
251201415001,SSEN,36.0,8286.0,2024-12-23 10:00:00+00:00,"{'x': -0.292495, 'y': 51.487429}",SSEN-2512014150,SSEN-251201415001
251201415001,SSEN,36.0,5803.0,2024-12-23 10:30:00+00:00,"{'x': -0.292495, 'y': 51.487429}",SSEN-2512014150,SSEN-251201415001
251201415001,SSEN,36.0,5915.0,2024-12-23 11:00:00+00:00,"{'x': -0.292495, 'y': 51.487429}",SSEN-2512014150,SSEN-251201415001
251201415001,SSEN,36.0,7239.0,2024-12-23 11:30:00+00:00,"{'x': -0.292495, 'y': 51.487429}",SSEN-2512014150,SSEN-251201415001
251201415001,SSEN,36.0,6779.0,2024-12-23 12:00:00+00:00,"{'x': -0.292495, 'y': 51.487429}",SSEN-2512014150,SSEN-251201415001
251201415001,SSEN,36.0,8696.0,2024-12-23 12:30:00+00:00,"{'x': -0.292495, 'y': 51.487429}",SSEN-2512014150,SSEN-251201415001
251201415001,SSEN,36.0,8329.0,2024-12-23 13:00:00+00:00,"{'x': -0.292495, 'y': 51.487429}",SSEN-2512014150,SSEN-251201415001
251201415001,SSEN,36.0,7064.0,2024-12-23 13:30:00+00:00,"{'x': -0.292495, 'y': 51.487429}",SSEN-2512014150,SSEN-251201415001
251201415001,SSEN,36.0,7043.0,2024-12-23 14:00:00+00:00,"{'x': -0.292495, 'y': 51.487429}",SSEN-2512014150,SSEN-251201415001
251201415001,SSEN,36.0,7798.0,2024-12-23 14:30:00+00:00,"{'x': -0.292495, 'y': 51.487429}",SSEN-2512014150,SSEN-251201415001
251201415001,SSEN,36.0,7513.0,2024-12-23 15:00:00+00:00,"{'x': -0.292495, 'y': 51.487429}",SSEN-2512014150,SSEN-251201415001
251201415001,SSEN,36.0,7947.0,2024-12-23 15:30:00+00:00,"{'x': -0.292495, 'y': 51.487429}",SSEN-2512014150,SSEN-251201415001
251201415001,SSEN,36.0,8357.0,2024-12-23 16:00:00+00:00,"{'x': -0.292495, 'y': 51.487429}",SSEN-2512014150,SSEN-251201415001
251201415001,SSEN,36.0,8155.0,2024-12-23 16:30:00+00:00,"{'x': -0.292495, 'y': 51.487429}",SSEN-2512014150,SSEN-251201415001
251201415001,SSEN,36.0,9809.0,2024-12-23 17:00:00+00:00,"{'x': -0.292495, 'y': 51.487429}",SSEN-2512014150,SSEN-251201415001
251201415001,SSEN,36.0,10670.0,2024-12-23 17:30:00+00:00,"{'x': -0.292495, 'y': 51.487429}",SSEN-2512014150,SSEN-251201415001
251201415001,SSEN,36.0,10398.0,2024-12-23 18:00:00+00:00,"{'x': -0.292495, 'y': 51.487429}",SSEN-2512014150,SSEN-251201415001
251201415001,SSEN,36.0,8095.0,2024-12-23 18:30:00+00:00,"{'x': -0.292495, 'y': 51.487429}",SSEN-2512014150,SSEN-251201415001
251201415001,SSEN,36.0,9981.0,2024-12-23 19:00:00+00:00,"{'x': -0.292495, 'y': 51.487429}",SSEN-2512014150,SSEN-251201415001
251201415001,SSEN,36.0,10384.0,2024-12-23 19:30:00+00:00,"{'x': -0.292495, 'y': 51.487429}",SSEN-2512014150,SSEN-251201415001
251201415001,SSEN,36.0,10104.0,2024-12-23 20:00:00+00:00,"{'x': -0.292495, 'y': 51.487429}",SSEN-2512014150,SSEN-251201415001
251201415001,SSEN,36.0,10370.0,2024-12-23 20:30:00+00:00,"{'x': -0.292495, 'y': 51.487429}",SSEN-2512014150,SSEN-251201415001
251201415001,SSEN,36.0,8000.0,2024-12-23 21:00:00+00:00,"{'x': -0.292495, 'y': 51.487429}",SSEN-2512014150,SSEN-251201415001
251201415001,SSEN,36.0,7558.0,2024-12-23 21:30:00+00:00,"{'x': -0.292495, 'y': 51.487429}",SSEN-2512014150,SSEN-251201415001
251201415001,SSEN,36.0,7396.0,2024-12-23 22:00:00+00:00,"{'x': -0.292495, 'y': 51.487429}",SSEN-2512014150,SSEN-251201415001
251201415001,SSEN,36.0,7586.0,2024-12-23 22:30:00+00:00,"{'x': -0.292495, 'y': 51.487429}",SSEN-2512014150,SSEN-251201415001
251201415001,SSEN,36.0,7244.0,2024-12-23 23:00:00+00:00,"{'x': -0.292495, 'y': 51.487429}",SSEN-2512014150,SSEN-251201415001
251201415001,SSEN,36.0,6747.0,2024-12-23 23:30:00+00:00,"{'x': -0.292495, 'y': 51.487429}",SSEN-2512014150,SSEN-251201415001
251201415001,SSEN,36.0,6060.0,2024-12-24 00:00:00+00:00,"{'x': -0.292495, 'y': 51.487429}",SSEN-2512014150,SSEN-251201415001
251201415001,SSEN,36.0,6569.0,2024-12-24 00:30:00+00:00,"{'x': -0.292495, 'y': 51.487429}",SSEN-2512014150,SSEN-251201415001
251201415001,SSEN,36.0,5672.0,2024-12-24 01:00:00+00:00,"{'x': -0.292495, 'y': 51.487429}",SSEN-2512014150,SSEN-251201415001
251201415001,SSEN,36.0,5043.0,2024-12-24 01:30:00+00:00,"{'x': -0.292495, 'y': 51.487429}",SSEN-2512014150,SSEN-251201415001
251201415001,SSEN,36.0,4904.0,2024-12-24 02:00:00+00:00,"{'x': -0.292495, 'y': 51.487429}",SSEN-2512014150,SSEN-251201415001
251201415001,SSEN,36.0,5049.0,2024-12-24 02:30:00+00:00,"{'x': -0.292495, 'y': 51.487429}",SSEN-2512014150,SSEN-251201415001
251201415001,SSEN,36.0,5187.0,2024-12-24 03:00:00+00:00,"{'x': -0.292495, 'y': 51.487429}",SSEN-2512014150,SSEN-251201415001
251201415001,SSEN,36.0,5355.0,2024-12-24 03:30:00+00:00,"{'x': -0.292495, 'y': 51.487429}",SSEN-2512014150,SSEN-251201415001
251201415001,SSEN,36.0,4803.0,2024-12-24 04:00:00+00:00,"{'x': -0.292495, 'y': 51.487429}",SSEN-2512014150,SSEN-251201415001
251201415001,SSEN,36.0,4992.0,2024-12-24 04:30:00+00:00,"{'x': -0.292495, 'y': 51.487429}",SSEN-2512014150,SSEN-251201415001
251201415001,SSEN,36.0,4576.0,2024-12-24 05:00:00+00:00,"{'x': -0.292495, 'y': 51.487429}",SSEN-2512014150,SSEN-251201415001
251201415001,SSEN,36.0,4478.0,2024-12-24 05:30:00+00:00,"{'x': -0.292495, 'y': 51.487429}",SSEN-2512014150,SSEN-251201415001
251201415001,SSEN,36.0,4924.0,2024-12-24 06:00:00+00:00,"{'x': -0.292495, 'y': 51.487429}",SSEN-2512014150,SSEN-251201415001
251201415001,SSEN,36.0,5069.0,2024-12-24 06:30:00+00:00,"{'x': -0.292495, 'y': 51.487429}",SSEN-2512014150,SSEN-251201415001
251201415001,SSEN,36.0,5143.0,2024-12-24 07:00:00+00:00,"{'x': -0.292495, 'y': 51.487429}",SSEN-2512014150,SSEN-251201415001
251201415001,SSEN,36.0,5247.0,2024-12-24 07:30:00+00:00,"{'x': -0.292495, 'y': 51.487429}",SSEN-2512014150,SSEN-251201415001
251201415001,SSEN,36.0,5414.0,2024-12-24 08:00:00+00:00,"{'x': -0.292495, 'y': 51.487429}",SSEN-2512014150,SSEN-251201415001
251201415001,SSEN,36.0,5331.0,2024-12-24 08:30:00+00:00,"{'x': -0.292495, 'y': 51.487429}",SSEN-2512014150,SSEN-251201415001
251201415001,SSEN,36.0,5435.0,2024-12-24 09:00:00+00:00,"{'x': -0.292495, 'y': 51.487429}",SSEN-2512014150,SSEN-251201415001
251201415001,SSEN,36.0,6126.0,2024-12-24 09:30:00+00:00,"{'x': -0.292495, 'y': 51.487429}",SSEN-2512014150,SSEN-251201415001
251201415001,SSEN,36.0,5242.0,2024-12-24 10:00:00+00:00,"{'x': -0.292495, 'y': 51.487429}",SSEN-2512014150,SSEN-251201415001
251201415001,SSEN,36.0,7743.0,2024-12-24 10:30:00+00:00,"{'x': -0.292495, 'y': 51.487429}",SSEN-2512014150,SSEN-251201415001
251201415001,SSEN,36.0,7342.0,2024-12-24 11:00:00+00:00,"{'x': -0.292495, 'y': 51.487429}",SSEN-2512014150,SSEN-251201415001
251201415001,SSEN,36.0,6524.0,2024-12-24 11:30:00+00:00,"{'x': -0.292495, 'y': 51.487429}",SSEN-2512014150,SSEN-251201415001
251201415001,SSEN,36.0,7377.0,2024-12-24 12:00:00+00:00,"{'x': -0.292495, 'y': 51.487429}",SSEN-2512014150,SSEN-251201415001
251201415001,SSEN,36.0,7623.0,2024-12-24 12:30:00+00:00,"{'x': -0.292495, 'y': 51.487429}",SSEN-2512014150,SSEN-251201415001
251201415001,SSEN,36.0,7400.0,2024-12-24 13:00:00+00:00,"{'x': -0.292495, 'y': 51.487429}",SSEN-2512014150,SSEN-251201415001
251201415001,SSEN,36.0,8410.0,2024-12-24 13:30:00+00:00,"{'x': -0.292495, 'y': 51.487429}",SSEN-2512014150,SSEN-251201415001
251201415001,SSEN,36.0,6787.0,2024-12-24 14:00:00+00:00,"{'x': -0.292495, 'y': 51.487429}",SSEN-2512014150,SSEN-251201415001
251201415001,SSEN,36.0,8371.0,2024-12-24 14:30:00+00:00,"{'x': -0.292495, 'y': 51.487429}",SSEN-2512014150,SSEN-251201415001
251201415001,SSEN,36.0,8794.0,2024-12-24 15:00:00+00:00,"{'x': -0.292495, 'y': 51.487429}",SSEN-2512014150,SSEN-251201415001
251201415001,SSEN,36.0,9068.0,2024-12-24 15:30:00+00:00,"{'x': -0.292495, 'y': 51.487429}",SSEN-2512014150,SSEN-251201415001
251201415001,SSEN,36.0,11308.0,2024-12-24 16:00:00+00:00,"{'x': -0.292495, 'y': 51.487429}",SSEN-2512014150,SSEN-251201415001
251201415001,SSEN,36.0,10720.0,2024-12-24 16:30:00+00:00,"{'x': -0.292495, 'y': 51.487429}",SSEN-2512014150,SSEN-251201415001
251201415001,SSEN,36.0,10433.0,2024-12-24 17:00:00+00:00,"{'x': -0.292495, 'y': 51.487429}",SSEN-2512014150,SSEN-251201415001
251201415001,SSEN,36.0,10122.0,2024-12-24 17:30:00+00:00,"{'x': -0.292495, 'y': 51.487429}",SSEN-2512014150,SSEN-251201415001
251201415001,SSEN,36.0,10619.0,2024-12-24 18:00:00+00:00,"{'x': -0.292495, 'y': 51.487429}",SSEN-2512014150,SSEN-251201415001
251201415001,SSEN,36.0,10522.0,2024-12-24 18:30:00+00:00,"{'x': -0.292495, 'y': 51.487429}",SSEN-2512014150,SSEN-251201415001
251201415001,SSEN,36.0,12841.0,2024-12-24 19:00:00+00:00,"{'x': -0.292495, 'y': 51.487429}",SSEN-2512014150,SSEN-251201415001
251201415001,SSEN,36.0,11218.0,2024-12-24 19:30:00+00:00,"{'x': -0.292495, 'y': 51.487429}",SSEN-2512014150,SSEN-251201415001
251201415001,SSEN,36.0,11617.0,2024-12-24 20:00:00+00:00,"{'x': -0.292495, 'y': 51.487429}",SSEN-2512014150,SSEN-251201415001
251201415001,SSEN,36.0,11341.0,2024-12-24 20:30:00+00:00,"{'x': -0.292495, 'y': 51.487429}",SSEN-2512014150,SSEN-251201415001
251201415001,SSEN,36.0,10403.0,2024-12-24 21:00:00+00:00,"{'x': -0.292495, 'y': 51.487429}",SSEN-2512014150,SSEN-251201415001
251201415001,SSEN,36.0,9034.0,2024-12-24 21:30:00+00:00,"{'x': -0.292495, 'y': 51.487429}",SSEN-2512014150,SSEN-251201415001
251201415001,SSEN,36.0,8689.0,2024-12-24 22:00:00+00:00,"{'x': -0.292495, 'y': 51.487429}",SSEN-2512014150,SSEN-251201415001
251201415001,SSEN,36.0,8169.0,2024-12-24 22:30:00+00:00,"{'x': -0.292495, 'y': 51.487429}",SSEN-2512014150,SSEN-251201415001
251201415001,SSEN,36.0,8938.0,2024-12-24 23:00:00+00:00,"{'x': -0.292495, 'y': 51.487429}",SSEN-2512014150,SSEN-251201415001
251201415001,SSEN,36.0,8258.0,2024-12-24 23:30:00+00:00,"{'x': -0.292495, 'y': 51.487429}",SSEN-2512014150,SSEN-251201415001
251201415001,SSEN,36.0,7832.0,2024-12-25 00:00:00+00:00,"{'x': -0.292495, 'y': 51.487429}",SSEN-2512014150,SSEN-251201415001
251201415001,SSEN,36.0,8542.0,2024-12-25 00:30:00+00:00,"{'x': -0.292495, 'y': 51.487429}",SSEN-2512014150,SSEN-251201415001
251201415001,SSEN,36.0,6303.0,2024-12-25 01:00:00+00:00,"{'x': -0.292495, 'y': 51.487429}",SSEN-2512014150,SSEN-251201415001
251201415001,SSEN,36.0,5892.0,2024-12-25 01:30:00+00:00,"{'x': -0.292495, 'y': 51.487429}",SSEN-2512014150,SSEN-251201415001
251201415001,SSEN,36.0,5016.0,2024-12-25 02:00:00+00:00,"{'x': -0.292495, 'y': 51.487429}",SSEN-2512014150,SSEN-251201415001
251201415001,SSEN,36.0,5228.0,2024-12-25 02:30:00+00:00,"{'x': -0.292495, 'y': 51.487429}",SSEN-2512014150,SSEN-251201415001
251201415001,SSEN,36.0,5163.0,2024-12-25 03:00:00+00:00,"{'x': -0.292495, 'y': 51.487429}",SSEN-2512014150,SSEN-251201415001
251201415001,SSEN,36.0,5088.0,2024-12-25 03:30:00+00:00,"{'x': -0.292495, 'y': 51.487429}",SSEN-2512014150,SSEN-251201415001
251201415001,SSEN,36.0,5690.0,2024-12-25 04:00:00+00:00,"{'x': -0.292495, 'y': 51.487429}",SSEN-2512014150,SSEN-251201415001
251201415001,SSEN,36.0,5648.0,2024-12-25 04:30:00+00:00,"{'x': -0.292495, 'y': 51.487429}",SSEN-2512014150,SSEN-251201415001
251201415001,SSEN,36.0,4865.0,2024-12-25 05:00:00+00:00,"{'x': -0.292495, 'y': 51.487429}",SSEN-2512014150,SSEN-251201415001
251201415001,SSEN,36.0,5041.0,2024-12-25 05:30:00+00:00,"{'x': -0.292495, 'y': 51.487429}",SSEN-2512014150,SSEN-251201415001
251201415001,SSEN,36.0,5551.0,2024-12-25 06:00:00+00:00,"{'x': -0.292495, 'y': 51.487429}",SSEN-2512014150,SSEN-251201415001
251201415001,SSEN,36.0,5674.0,2024-12-25 06:30:00+00:00,"{'x': -0.292495, 'y': 51.487429}",SSEN-2512014150,SSEN-251201415001
251201415001,SSEN,36.0,5464.0,2024-12-25 07:00:00+00:00,"{'x': -0.292495, 'y': 51.487429}",SSEN-2512014150,SSEN-251201415001
251201415001,SSEN,36.0,5356.0,2024-12-25 07:30:00+00:00,"{'x': -0.292495, 'y': 51.487429}",SSEN-2512014150,SSEN-251201415001
251201415001,SSEN,36.0,5741.0,2024-12-25 08:00:00+00:00,"{'x': -0.292495, 'y': 51.487429}",SSEN-2512014150,SSEN-251201415001
251201415001,SSEN,36.0,5423.0,2024-12-25 08:30:00+00:00,"{'x': -0.292495, 'y': 51.487429}",SSEN-2512014150,SSEN-251201415001
251201415001,SSEN,36.0,5052.0,2024-12-25 09:00:00+00:00,"{'x': -0.292495, 'y': 51.487429}",SSEN-2512014150,SSEN-251201415001
251201415001,SSEN,36.0,7315.0,2024-12-25 09:30:00+00:00,"{'x': -0.292495, 'y': 51.487429}",SSEN-2512014150,SSEN-251201415001
251201415001,SSEN,36.0,7057.0,2024-12-25 10:00:00+00:00,"{'x': -0.292495, 'y': 51.487429}",SSEN-2512014150,SSEN-251201415001
251201415001,SSEN,36.0,6950.0,2024-12-25 10:30:00+00:00,"{'x': -0.292495, 'y': 51.487429}",SSEN-2512014150,SSEN-251201415001
251201415001,SSEN,36.0,7426.0,2024-12-25 11:00:00+00:00,"{'x': -0.292495, 'y': 51.487429}",SSEN-2512014150,SSEN-251201415001
251201415001,SSEN,36.0,9455.0,2024-12-25 11:30:00+00:00,"{'x': -0.292495, 'y': 51.487429}",SSEN-2512014150,SSEN-251201415001
251201415001,SSEN,36.0,10032.0,2024-12-25 12:00:00+00:00,"{'x': -0.292495, 'y': 51.487429}",SSEN-2512014150,SSEN-251201415001
251201415001,SSEN,36.0,11172.0,2024-12-25 12:30:00+00:00,"{'x': -0.292495, 'y': 51.487429}",SSEN-2512014150,SSEN-251201415001
251201415001,SSEN,36.0,12482.0,2024-12-25 13:00:00+00:00,"{'x': -0.292495, 'y': 51.487429}",SSEN-2512014150,SSEN-251201415001
251201415001,SSEN,36.0,11536.0,2024-12-25 13:30:00+00:00,"{'x': -0.292495, 'y': 51.487429}",SSEN-2512014150,SSEN-251201415001
251201415001,SSEN,36.0,10684.0,2024-12-25 14:00:00+00:00,"{'x': -0.292495, 'y': 51.487429}",SSEN-2512014150,SSEN-251201415001
251201415001,SSEN,36.0,12028.0,2024-12-25 14:30:00+00:00,"{'x': -0.292495, 'y': 51.487429}",SSEN-2512014150,SSEN-251201415001
251201415001,SSEN,36.0,10664.0,2024-12-25 15:00:00+00:00,"{'x': -0.292495, 'y': 51.487429}",SSEN-2512014150,SSEN-251201415001
251201415001,SSEN,36.0,10252.0,2024-12-25 15:30:00+00:00,"{'x': -0.292495, 'y': 51.487429}",SSEN-2512014150,SSEN-251201415001
251201415001,SSEN,36.0,10173.0,2024-12-25 16:00:00+00:00,"{'x': -0.292495, 'y': 51.487429}",SSEN-2512014150,SSEN-251201415001
251201415001,SSEN,36.0,10405.0,2024-12-25 16:30:00+00:00,"{'x': -0.292495, 'y': 51.487429}",SSEN-2512014150,SSEN-251201415001
251201415001,SSEN,36.0,9922.0,2024-12-25 17:00:00+00:00,"{'x': -0.292495, 'y': 51.487429}",SSEN-2512014150,SSEN-251201415001
251201415001,SSEN,36.0,9821.0,2024-12-25 17:30:00+00:00,"{'x': -0.292495, 'y': 51.487429}",SSEN-2512014150,SSEN-251201415001
251201415001,SSEN,36.0,11471.0,2024-12-25 18:00:00+00:00,"{'x': -0.292495, 'y': 51.487429}",SSEN-2512014150,SSEN-251201415001
251201415001,SSEN,36.0,8424.0,2024-12-25 18:30:00+00:00,"{'x': -0.292495, 'y': 51.487429}",SSEN-2512014150,SSEN-251201415001
251201415001,SSEN,36.0,9221.0,2024-12-25 19:00:00+00:00,"{'x': -0.292495, 'y': 51.487429}",SSEN-2512014150,SSEN-251201415001
251201415001,SSEN,36.0,9208.0,2024-12-25 19:30:00+00:00,"{'x': -0.292495, 'y': 51.487429}",SSEN-2512014150,SSEN-251201415001
251201415001,SSEN,36.0,9519.0,2024-12-25 20:00:00+00:00,"{'x': -0.292495, 'y': 51.487429}",SSEN-2512014150,SSEN-251201415001
251201415001,SSEN,36.0,10160.0,2024-12-25 20:30:00+00:00,"{'x': -0.292495, 'y': 51.487429}",SSEN-2512014150,SSEN-251201415001
251201415001,SSEN,36.0,8346.0,2024-12-25 21:00:00+00:00,"{'x': -0.292495, 'y': 51.487429}",SSEN-2512014150,SSEN-251201415001
251201415001,SSEN,36.0,8322.0,2024-12-25 21:30:00+00:00,"{'x': -0.292495, 'y': 51.487429}",SSEN-2512014150,SSEN-251201415001
251201415001,SSEN,36.0,8060.0,2024-12-25 22:00:00+00:00,"{'x': -0.292495, 'y': 51.487429}",SSEN-2512014150,SSEN-251201415001
251201415001,SSEN,36.0,7346.0,2024-12-25 22:30:00+00:00,"{'x': -0.292495, 'y': 51.487429}",SSEN-2512014150,SSEN-251201415001
251201415001,SSEN,36.0,6964.0,2024-12-25 23:00:00+00:00,"{'x': -0.292495, 'y': 51.487429}",SSEN-2512014150,SSEN-251201415001
251201415001,SSEN,36.0,6579.0,2024-12-25 23:30:00+00:00,"{'x': -0.292495, 'y': 51.487429}",SSEN-2512014150,SSEN-251201415001
251201415001,SSEN,36.0,6730.0,2024-12-26 00:00:00+00:00,"{'x': -0.292495, 'y': 51.487429}",SSEN-2512014150,SSEN-251201415001
251201415001,SSEN,36.0,7277.0,2024-12-26 00:30:00+00:00,"{'x': -0.292495, 'y': 51.487429}",SSEN-2512014150,SSEN-251201415001
251201415001,SSEN,36.0,5924.0,2024-12-26 01:00:00+00:00,"{'x': -0.292495, 'y': 51.487429}",SSEN-2512014150,SSEN-251201415001
251201415001,SSEN,36.0,4881.0,2024-12-26 01:30:00+00:00,"{'x': -0.292495, 'y': 51.487429}",SSEN-2512014150,SSEN-251201415001
251201415001,SSEN,36.0,4730.0,2024-12-26 02:00:00+00:00,"{'x': -0.292495, 'y': 51.487429}",SSEN-2512014150,SSEN-251201415001
251201415001,SSEN,36.0,4634.0,2024-12-26 02:30:00+00:00,"{'x': -0.292495, 'y': 51.487429}",SSEN-2512014150,SSEN-251201415001
251201415001,SSEN,36.0,4433.0,2024-12-26 03:00:00+00:00,"{'x': -0.292495, 'y': 51.487429}",SSEN-2512014150,SSEN-251201415001
251201415001,SSEN,36.0,4474.0,2024-12-26 03:30:00+00:00,"{'x': -0.292495, 'y': 51.487429}",SSEN-2512014150,SSEN-251201415001
251201415001,SSEN,36.0,4626.0,2024-12-26 04:00:00+00:00,"{'x': -0.292495, 'y': 51.487429}",SSEN-2512014150,SSEN-251201415001
251201415001,SSEN,36.0,4737.0,2024-12-26 04:30:00+00:00,"{'x': -0.292495, 'y': 51.487429}",SSEN-2512014150,SSEN-251201415001
251201415001,SSEN,36.0,4611.0,2024-12-26 05:00:00+00:00,"{'x': -0.292495, 'y': 51.487429}",SSEN-2512014150,SSEN-251201415001
251201415001,SSEN,36.0,4513.0,2024-12-26 05:30:00+00:00,"{'x': -0.292495, 'y': 51.487429}",SSEN-2512014150,SSEN-251201415001
251201415001,SSEN,36.0,5059.0,2024-12-26 06:00:00+00:00,"{'x': -0.292495, 'y': 51.487429}",SSEN-2512014150,SSEN-251201415001
251201415001,SSEN,36.0,5101.0,2024-12-26 06:30:00+00:00,"{'x': -0.292495, 'y': 51.487429}",SSEN-2512014150,SSEN-251201415001
251201415001,SSEN,36.0,5196.0,2024-12-26 07:00:00+00:00,"{'x': -0.292495, 'y': 51.487429}",SSEN-2512014150,SSEN-251201415001
251201415001,SSEN,36.0,4988.0,2024-12-26 07:30:00+00:00,"{'x': -0.292495, 'y': 51.487429}",SSEN-2512014150,SSEN-251201415001
251201415001,SSEN,36.0,5569.0,2024-12-26 08:00:00+00:00,"{'x': -0.292495, 'y': 51.487429}",SSEN-2512014150,SSEN-251201415001
251201415001,SSEN,36.0,5892.0,2024-12-26 08:30:00+00:00,"{'x': -0.292495, 'y': 51.487429}",SSEN-2512014150,SSEN-251201415001
251201415001,SSEN,36.0,6475.0,2024-12-26 09:00:00+00:00,"{'x': -0.292495, 'y': 51.487429}",SSEN-2512014150,SSEN-251201415001
251201415001,SSEN,36.0,6743.0,2024-12-26 09:30:00+00:00,"{'x': -0.292495, 'y': 51.487429}",SSEN-2512014150,SSEN-251201415001
251201415001,SSEN,36.0,5785.0,2024-12-26 10:00:00+00:00,"{'x': -0.292495, 'y': 51.487429}",SSEN-2512014150,SSEN-251201415001
251201415001,SSEN,36.0,8370.0,2024-12-26 10:30:00+00:00,"{'x': -0.292495, 'y': 51.487429}",SSEN-2512014150,SSEN-251201415001
251201415001,SSEN,36.0,7727.0,2024-12-26 11:00:00+00:00,"{'x': -0.292495, 'y': 51.487429}",SSEN-2512014150,SSEN-251201415001
251201415001,SSEN,36.0,7101.0,2024-12-26 11:30:00+00:00,"{'x': -0.292495, 'y': 51.487429}",SSEN-2512014150,SSEN-251201415001
251201415001,SSEN,36.0,7848.0,2024-12-26 12:00:00+00:00,"{'x': -0.292495, 'y': 51.487429}",SSEN-2512014150,SSEN-251201415001
251201415001,SSEN,36.0,7520.0,2024-12-26 12:30:00+00:00,"{'x': -0.292495, 'y': 51.487429}",SSEN-2512014150,SSEN-251201415001
251201415001,SSEN,36.0,6838.0,2024-12-26 13:00:00+00:00,"{'x': -0.292495, 'y': 51.487429}",SSEN-2512014150,SSEN-251201415001
251201415001,SSEN,36.0,7627.0,2024-12-26 13:30:00+00:00,"{'x': -0.292495, 'y': 51.487429}",SSEN-2512014150,SSEN-251201415001
251201415001,SSEN,36.0,7689.0,2024-12-26 14:00:00+00:00,"{'x': -0.292495, 'y': 51.487429}",SSEN-2512014150,SSEN-251201415001
251201415001,SSEN,36.0,7247.0,2024-12-26 14:30:00+00:00,"{'x': -0.292495, 'y': 51.487429}",SSEN-2512014150,SSEN-251201415001
251201415001,SSEN,36.0,7762.0,2024-12-26 15:00:00+00:00,"{'x': -0.292495, 'y': 51.487429}",SSEN-2512014150,SSEN-251201415001
251201415001,SSEN,36.0,5922.0,2024-12-26 15:30:00+00:00,"{'x': -0.292495, 'y': 51.487429}",SSEN-2512014150,SSEN-251201415001
251201415001,SSEN,36.0,6330.0,2024-12-26 16:00:00+00:00,"{'x': -0.292495, 'y': 51.487429}",SSEN-2512014150,SSEN-251201415001
251201415001,SSEN,36.0,6788.0,2024-12-26 16:30:00+00:00,"{'x': -0.292495, 'y': 51.487429}",SSEN-2512014150,SSEN-251201415001
251201415001,SSEN,36.0,6964.0,2024-12-26 17:00:00+00:00,"{'x': -0.292495, 'y': 51.487429}",SSEN-2512014150,SSEN-251201415001
251201415001,SSEN,36.0,7371.0,2024-12-26 17:30:00+00:00,"{'x': -0.292495, 'y': 51.487429}",SSEN-2512014150,SSEN-251201415001
251201415001,SSEN,36.0,7276.0,2024-12-26 18:00:00+00:00,"{'x': -0.292495, 'y': 51.487429}",SSEN-2512014150,SSEN-251201415001
251201415001,SSEN,36.0,7068.0,2024-12-26 18:30:00+00:00,"{'x': -0.292495, 'y': 51.487429}",SSEN-2512014150,SSEN-251201415001
251201415001,SSEN,36.0,9112.0,2024-12-26 19:00:00+00:00,"{'x': -0.292495, 'y': 51.487429}",SSEN-2512014150,SSEN-251201415001
251201415001,SSEN,36.0,8789.0,2024-12-26 19:30:00+00:00,"{'x': -0.292495, 'y': 51.487429}",SSEN-2512014150,SSEN-251201415001
251201415001,SSEN,36.0,7469.0,2024-12-26 20:00:00+00:00,"{'x': -0.292495, 'y': 51.487429}",SSEN-2512014150,SSEN-251201415001
251201415001,SSEN,36.0,8542.0,2024-12-26 20:30:00+00:00,"{'x': -0.292495, 'y': 51.487429}",SSEN-2512014150,SSEN-251201415001
251201415001,SSEN,36.0,8528.0,2024-12-26 21:00:00+00:00,"{'x': -0.292495, 'y': 51.487429}",SSEN-2512014150,SSEN-251201415001
251201415001,SSEN,36.0,7889.0,2024-12-26 21:30:00+00:00,"{'x': -0.292495, 'y': 51.487429}",SSEN-2512014150,SSEN-251201415001
251201415001,SSEN,36.0,8204.0,2024-12-26 22:00:00+00:00,"{'x': -0.292495, 'y': 51.487429}",SSEN-2512014150,SSEN-251201415001
251201415001,SSEN,36.0,6925.0,2024-12-26 22:30:00+00:00,"{'x': -0.292495, 'y': 51.487429}",SSEN-2512014150,SSEN-251201415001
251201415001,SSEN,36.0,6477.0,2024-12-26 23:00:00+00:00,"{'x': -0.292495, 'y': 51.487429}",SSEN-2512014150,SSEN-251201415001
251201415001,SSEN,36.0,5906.0,2024-12-26 23:30:00+00:00,"{'x': -0.292495, 'y': 51.487429}",SSEN-2512014150,SSEN-251201415001
251201415001,SSEN,36.0,6239.0,2024-12-27 00:00:00+00:00,"{'x': -0.292495, 'y': 51.487429}",SSEN-2512014150,SSEN-251201415001
251201415001,SSEN,37.0,7361.0,2024-12-27 00:30:00+00:00,"{'x': -0.292495, 'y': 51.487429}",SSEN-2512014150,SSEN-251201415001
251201415001,SSEN,37.0,5233.0,2024-12-27 01:00:00+00:00,"{'x': -0.292495, 'y': 51.487429}",SSEN-2512014150,SSEN-251201415001
251201415001,SSEN,37.0,4778.0,2024-12-27 01:30:00+00:00,"{'x': -0.292495, 'y': 51.487429}",SSEN-2512014150,SSEN-251201415001
251201415001,SSEN,37.0,4742.0,2024-12-27 02:00:00+00:00,"{'x': -0.292495, 'y': 51.487429}",SSEN-2512014150,SSEN-251201415001
251201415001,SSEN,37.0,4750.0,2024-12-27 02:30:00+00:00,"{'x': -0.292495, 'y': 51.487429}",SSEN-2512014150,SSEN-251201415001
251201415001,SSEN,37.0,4667.0,2024-12-27 03:00:00+00:00,"{'x': -0.292495, 'y': 51.487429}",SSEN-2512014150,SSEN-251201415001
251201415001,SSEN,37.0,4621.0,2024-12-27 03:30:00+00:00,"{'x': -0.292495, 'y': 51.487429}",SSEN-2512014150,SSEN-251201415001
251201415001,SSEN,37.0,4657.0,2024-12-27 04:00:00+00:00,"{'x': -0.292495, 'y': 51.487429}",SSEN-2512014150,SSEN-251201415001
251201415001,SSEN,37.0,4718.0,2024-12-27 04:30:00+00:00,"{'x': -0.292495, 'y': 51.487429}",SSEN-2512014150,SSEN-251201415001
251201415001,SSEN,37.0,4634.0,2024-12-27 05:00:00+00:00,"{'x': -0.292495, 'y': 51.487429}",SSEN-2512014150,SSEN-251201415001
251201415001,SSEN,37.0,4721.0,2024-12-27 05:30:00+00:00,"{'x': -0.292495, 'y': 51.487429}",SSEN-2512014150,SSEN-251201415001
251201415001,SSEN,37.0,4946.0,2024-12-27 06:00:00+00:00,"{'x': -0.292495, 'y': 51.487429}",SSEN-2512014150,SSEN-251201415001
251201415001,SSEN,37.0,5017.0,2024-12-27 06:30:00+00:00,"{'x': -0.292495, 'y': 51.487429}",SSEN-2512014150,SSEN-251201415001
251201415001,SSEN,37.0,5147.0,2024-12-27 07:00:00+00:00,"{'x': -0.292495, 'y': 51.487429}",SSEN-2512014150,SSEN-251201415001
251201415001,SSEN,37.0,4766.0,2024-12-27 07:30:00+00:00,"{'x': -0.292495, 'y': 51.487429}",SSEN-2512014150,SSEN-251201415001
251201415001,SSEN,37.0,5320.0,2024-12-27 08:00:00+00:00,"{'x': -0.292495, 'y': 51.487429}",SSEN-2512014150,SSEN-251201415001
251201415001,SSEN,37.0,6092.0,2024-12-27 08:30:00+00:00,"{'x': -0.292495, 'y': 51.487429}",SSEN-2512014150,SSEN-251201415001
251201415001,SSEN,37.0,6690.0,2024-12-27 09:00:00+00:00,"{'x': -0.292495, 'y': 51.487429}",SSEN-2512014150,SSEN-251201415001
251201415001,SSEN,37.0,6662.0,2024-12-27 09:30:00+00:00,"{'x': -0.292495, 'y': 51.487429}",SSEN-2512014150,SSEN-251201415001
251201415001,SSEN,37.0,6591.0,2024-12-27 10:00:00+00:00,"{'x': -0.292495, 'y': 51.487429}",SSEN-2512014150,SSEN-251201415001
251201415001,SSEN,37.0,6623.0,2024-12-27 10:30:00+00:00,"{'x': -0.292495, 'y': 51.487429}",SSEN-2512014150,SSEN-251201415001
251201415001,SSEN,37.0,6252.0,2024-12-27 11:00:00+00:00,"{'x': -0.292495, 'y': 51.487429}",SSEN-2512014150,SSEN-251201415001
251201415001,SSEN,37.0,7333.0,2024-12-27 11:30:00+00:00,"{'x': -0.292495, 'y': 51.487429}",SSEN-2512014150,SSEN-251201415001
251201415001,SSEN,37.0,8131.0,2024-12-27 12:00:00+00:00,"{'x': -0.292495, 'y': 51.487429}",SSEN-2512014150,SSEN-251201415001
251201415001,SSEN,37.0,8709.0,2024-12-27 12:30:00+00:00,"{'x': -0.292495, 'y': 51.487429}",SSEN-2512014150,SSEN-251201415001
251201415001,SSEN,37.0,8042.0,2024-12-27 13:00:00+00:00,"{'x': -0.292495, 'y': 51.487429}",SSEN-2512014150,SSEN-251201415001
251201415001,SSEN,37.0,7747.0,2024-12-27 13:30:00+00:00,"{'x': -0.292495, 'y': 51.487429}",SSEN-2512014150,SSEN-251201415001
251201415001,SSEN,37.0,6931.0,2024-12-27 14:00:00+00:00,"{'x': -0.292495, 'y': 51.487429}",SSEN-2512014150,SSEN-251201415001
251201415001,SSEN,37.0,8539.0,2024-12-27 14:30:00+00:00,"{'x': -0.292495, 'y': 51.487429}",SSEN-2512014150,SSEN-251201415001
251201415001,SSEN,37.0,8424.0,2024-12-27 15:00:00+00:00,"{'x': -0.292495, 'y': 51.487429}",SSEN-2512014150,SSEN-251201415001
251201415001,SSEN,37.0,7181.0,2024-12-27 15:30:00+00:00,"{'x': -0.292495, 'y': 51.487429}",SSEN-2512014150,SSEN-251201415001
251201415001,SSEN,37.0,8429.0,2024-12-27 16:00:00+00:00,"{'x': -0.292495, 'y': 51.487429}",SSEN-2512014150,SSEN-251201415001
251201415001,SSEN,37.0,8782.0,2024-12-27 16:30:00+00:00,"{'x': -0.292495, 'y': 51.487429}",SSEN-2512014150,SSEN-251201415001
251201415001,SSEN,37.0,9200.0,2024-12-27 17:00:00+00:00,"{'x': -0.292495, 'y': 51.487429}",SSEN-2512014150,SSEN-251201415001
251201415001,SSEN,37.0,9792.0,2024-12-27 17:30:00+00:00,"{'x': -0.292495, 'y': 51.487429}",SSEN-2512014150,SSEN-251201415001
251201415001,SSEN,37.0,10413.0,2024-12-27 18:00:00+00:00,"{'x': -0.292495, 'y': 51.487429}",SSEN-2512014150,SSEN-251201415001
251201415001,SSEN,37.0,11089.0,2024-12-27 18:30:00+00:00,"{'x': -0.292495, 'y': 51.487429}",SSEN-2512014150,SSEN-251201415001
251201415001,SSEN,37.0,10813.0,2024-12-27 19:00:00+00:00,"{'x': -0.292495, 'y': 51.487429}",SSEN-2512014150,SSEN-251201415001
251201415001,SSEN,37.0,10471.0,2024-12-27 19:30:00+00:00,"{'x': -0.292495, 'y': 51.487429}",SSEN-2512014150,SSEN-251201415001
251201415001,SSEN,37.0,10514.0,2024-12-27 20:00:00+00:00,"{'x': -0.292495, 'y': 51.487429}",SSEN-2512014150,SSEN-251201415001
251201415001,SSEN,37.0,9571.0,2024-12-27 20:30:00+00:00,"{'x': -0.292495, 'y': 51.487429}",SSEN-2512014150,SSEN-251201415001
251201415001,SSEN,37.0,10936.0,2024-12-27 21:00:00+00:00,"{'x': -0.292495, 'y': 51.487429}",SSEN-2512014150,SSEN-251201415001
251201415001,SSEN,37.0,9476.0,2024-12-27 21:30:00+00:00,"{'x': -0.292495, 'y': 51.487429}",SSEN-2512014150,SSEN-251201415001
251201415001,SSEN,37.0,8784.0,2024-12-27 22:00:00+00:00,"{'x': -0.292495, 'y': 51.487429}",SSEN-2512014150,SSEN-251201415001
251201415001,SSEN,37.0,9192.0,2024-12-27 22:30:00+00:00,"{'x': -0.292495, 'y': 51.487429}",SSEN-2512014150,SSEN-251201415001
251201415001,SSEN,37.0,8910.0,2024-12-27 23:00:00+00:00,"{'x': -0.292495, 'y': 51.487429}",SSEN-2512014150,SSEN-251201415001
251201415001,SSEN,37.0,7104.0,2024-12-27 23:30:00+00:00,"{'x': -0.292495, 'y': 51.487429}",SSEN-2512014150,SSEN-251201415001
251201415001,SSEN,37.0,6255.0,2024-12-28 00:00:00+00:00,"{'x': -0.292495, 'y': 51.487429}",SSEN-2512014150,SSEN-251201415001
251201415001,SSEN,37.0,6112.0,2024-12-28 00:30:00+00:00,"{'x': -0.292495, 'y': 51.487429}",SSEN-2512014150,SSEN-251201415001
251201415001,SSEN,37.0,6475.0,2024-12-28 01:00:00+00:00,"{'x': -0.292495, 'y': 51.487429}",SSEN-2512014150,SSEN-251201415001
251201415001,SSEN,37.0,5777.0,2024-12-28 01:30:00+00:00,"{'x': -0.292495, 'y': 51.487429}",SSEN-2512014150,SSEN-251201415001
251201415001,SSEN,37.0,4921.0,2024-12-28 02:00:00+00:00,"{'x': -0.292495, 'y': 51.487429}",SSEN-2512014150,SSEN-251201415001
251201415001,SSEN,37.0,4955.0,2024-12-28 02:30:00+00:00,"{'x': -0.292495, 'y': 51.487429}",SSEN-2512014150,SSEN-251201415001
251201415001,SSEN,37.0,4807.0,2024-12-28 03:00:00+00:00,"{'x': -0.292495, 'y': 51.487429}",SSEN-2512014150,SSEN-251201415001
251201415001,SSEN,37.0,5530.0,2024-12-28 03:30:00+00:00,"{'x': -0.292495, 'y': 51.487429}",SSEN-2512014150,SSEN-251201415001
251201415001,SSEN,37.0,4863.0,2024-12-28 04:00:00+00:00,"{'x': -0.292495, 'y': 51.487429}",SSEN-2512014150,SSEN-251201415001
251201415001,SSEN,37.0,4796.0,2024-12-28 04:30:00+00:00,"{'x': -0.292495, 'y': 51.487429}",SSEN-2512014150,SSEN-251201415001
251201415001,SSEN,37.0,4842.0,2024-12-28 05:00:00+00:00,"{'x': -0.292495, 'y': 51.487429}",SSEN-2512014150,SSEN-251201415001
251201415001,SSEN,37.0,4701.0,2024-12-28 05:30:00+00:00,"{'x': -0.292495, 'y': 51.487429}",SSEN-2512014150,SSEN-251201415001
251201415001,SSEN,37.0,5637.0,2024-12-28 06:00:00+00:00,"{'x': -0.292495, 'y': 51.487429}",SSEN-2512014150,SSEN-251201415001
251201415001,SSEN,37.0,5187.0,2024-12-28 06:30:00+00:00,"{'x': -0.292495, 'y': 51.487429}",SSEN-2512014150,SSEN-251201415001
251201415001,SSEN,37.0,5306.0,2024-12-28 07:00:00+00:00,"{'x': -0.292495, 'y': 51.487429}",SSEN-2512014150,SSEN-251201415001
251201415001,SSEN,37.0,5317.0,2024-12-28 07:30:00+00:00,"{'x': -0.292495, 'y': 51.487429}",SSEN-2512014150,SSEN-251201415001
251201415001,SSEN,37.0,5186.0,2024-12-28 08:00:00+00:00,"{'x': -0.292495, 'y': 51.487429}",SSEN-2512014150,SSEN-251201415001
251201415001,SSEN,37.0,5691.0,2024-12-28 08:30:00+00:00,"{'x': -0.292495, 'y': 51.487429}",SSEN-2512014150,SSEN-251201415001
251201415001,SSEN,37.0,5634.0,2024-12-28 09:00:00+00:00,"{'x': -0.292495, 'y': 51.487429}",SSEN-2512014150,SSEN-251201415001
251201415001,SSEN,37.0,6025.0,2024-12-28 09:30:00+00:00,"{'x': -0.292495, 'y': 51.487429}",SSEN-2512014150,SSEN-251201415001
251201415001,SSEN,37.0,7025.0,2024-12-28 10:00:00+00:00,"{'x': -0.292495, 'y': 51.487429}",SSEN-2512014150,SSEN-251201415001
251201415001,SSEN,37.0,7174.0,2024-12-28 10:30:00+00:00,"{'x': -0.292495, 'y': 51.487429}",SSEN-2512014150,SSEN-251201415001
251201415001,SSEN,37.0,8011.0,2024-12-28 11:00:00+00:00,"{'x': -0.292495, 'y': 51.487429}",SSEN-2512014150,SSEN-251201415001
251201415001,SSEN,37.0,7310.0,2024-12-28 11:30:00+00:00,"{'x': -0.292495, 'y': 51.487429}",SSEN-2512014150,SSEN-251201415001
251201415001,SSEN,37.0,6535.0,2024-12-28 12:00:00+00:00,"{'x': -0.292495, 'y': 51.487429}",SSEN-2512014150,SSEN-251201415001
251201415001,SSEN,37.0,7420.0,2024-12-28 12:30:00+00:00,"{'x': -0.292495, 'y': 51.487429}",SSEN-2512014150,SSEN-251201415001
251201415001,SSEN,37.0,8706.0,2024-12-28 13:00:00+00:00,"{'x': -0.292495, 'y': 51.487429}",SSEN-2512014150,SSEN-251201415001
251201415001,SSEN,37.0,8817.0,2024-12-28 13:30:00+00:00,"{'x': -0.292495, 'y': 51.487429}",SSEN-2512014150,SSEN-251201415001
251201415001,SSEN,37.0,8627.0,2024-12-28 14:00:00+00:00,"{'x': -0.292495, 'y': 51.487429}",SSEN-2512014150,SSEN-251201415001
251201415001,SSEN,37.0,7549.0,2024-12-28 14:30:00+00:00,"{'x': -0.292495, 'y': 51.487429}",SSEN-2512014150,SSEN-251201415001
251201415001,SSEN,37.0,8953.0,2024-12-28 15:00:00+00:00,"{'x': -0.292495, 'y': 51.487429}",SSEN-2512014150,SSEN-251201415001
251201415001,SSEN,37.0,7937.0,2024-12-28 15:30:00+00:00,"{'x': -0.292495, 'y': 51.487429}",SSEN-2512014150,SSEN-251201415001
251201415001,SSEN,37.0,8399.0,2024-12-28 16:00:00+00:00,"{'x': -0.292495, 'y': 51.487429}",SSEN-2512014150,SSEN-251201415001
251201415001,SSEN,37.0,8077.0,2024-12-28 16:30:00+00:00,"{'x': -0.292495, 'y': 51.487429}",SSEN-2512014150,SSEN-251201415001
251201415001,SSEN,37.0,10054.0,2024-12-28 17:00:00+00:00,"{'x': -0.292495, 'y': 51.487429}",SSEN-2512014150,SSEN-251201415001
251201415001,SSEN,37.0,11092.0,2024-12-28 17:30:00+00:00,"{'x': -0.292495, 'y': 51.487429}",SSEN-2512014150,SSEN-251201415001
251201415001,SSEN,37.0,10516.0,2024-12-28 18:00:00+00:00,"{'x': -0.292495, 'y': 51.487429}",SSEN-2512014150,SSEN-251201415001
251201415001,SSEN,37.0,11359.0,2024-12-28 18:30:00+00:00,"{'x': -0.292495, 'y': 51.487429}",SSEN-2512014150,SSEN-251201415001
251201415001,SSEN,37.0,13229.0,2024-12-28 19:00:00+00:00,"{'x': -0.292495, 'y': 51.487429}",SSEN-2512014150,SSEN-251201415001
251201415001,SSEN,37.0,10744.0,2024-12-28 19:30:00+00:00,"{'x': -0.292495, 'y': 51.487429}",SSEN-2512014150,SSEN-251201415001
251201415001,SSEN,37.0,9506.0,2024-12-28 20:00:00+00:00,"{'x': -0.292495, 'y': 51.487429}",SSEN-2512014150,SSEN-251201415001
251201415001,SSEN,37.0,9144.0,2024-12-28 20:30:00+00:00,"{'x': -0.292495, 'y': 51.487429}",SSEN-2512014150,SSEN-251201415001
251201415001,SSEN,37.0,8257.0,2024-12-28 21:00:00+00:00,"{'x': -0.292495, 'y': 51.487429}",SSEN-2512014150,SSEN-251201415001
251201415001,SSEN,37.0,8004.0,2024-12-28 21:30:00+00:00,"{'x': -0.292495, 'y': 51.487429}",SSEN-2512014150,SSEN-251201415001
251201415001,SSEN,37.0,7882.0,2024-12-28 22:00:00+00:00,"{'x': -0.292495, 'y': 51.487429}",SSEN-2512014150,SSEN-251201415001
251201415001,SSEN,37.0,9251.0,2024-12-28 22:30:00+00:00,"{'x': -0.292495, 'y': 51.487429}",SSEN-2512014150,SSEN-251201415001
251201415001,SSEN,37.0,8177.0,2024-12-28 23:00:00+00:00,"{'x': -0.292495, 'y': 51.487429}",SSEN-2512014150,SSEN-251201415001
251201415001,SSEN,37.0,7161.0,2024-12-28 23:30:00+00:00,"{'x': -0.292495, 'y': 51.487429}",SSEN-2512014150,SSEN-251201415001
251201415001,SSEN,37.0,7270.0,2024-12-29 00:00:00+00:00,"{'x': -0.292495, 'y': 51.487429}",SSEN-2512014150,SSEN-251201415001
251201415001,SSEN,38.0,6712.0,2024-12-29 00:30:00+00:00,"{'x': -0.292495, 'y': 51.487429}",SSEN-2512014150,SSEN-251201415001
251201415001,SSEN,38.0,6034.0,2024-12-29 01:00:00+00:00,"{'x': -0.292495, 'y': 51.487429}",SSEN-2512014150,SSEN-251201415001
251201415001,SSEN,38.0,4910.0,2024-12-29 01:30:00+00:00,"{'x': -0.292495, 'y': 51.487429}",SSEN-2512014150,SSEN-251201415001
251201415001,SSEN,38.0,4658.0,2024-12-29 02:00:00+00:00,"{'x': -0.292495, 'y': 51.487429}",SSEN-2512014150,SSEN-251201415001
251201415001,SSEN,38.0,4720.0,2024-12-29 02:30:00+00:00,"{'x': -0.292495, 'y': 51.487429}",SSEN-2512014150,SSEN-251201415001
251201415001,SSEN,38.0,4896.0,2024-12-29 03:00:00+00:00,"{'x': -0.292495, 'y': 51.487429}",SSEN-2512014150,SSEN-251201415001
251201415001,SSEN,38.0,4775.0,2024-12-29 03:30:00+00:00,"{'x': -0.292495, 'y': 51.487429}",SSEN-2512014150,SSEN-251201415001
251201415001,SSEN,38.0,4851.0,2024-12-29 04:00:00+00:00,"{'x': -0.292495, 'y': 51.487429}",SSEN-2512014150,SSEN-251201415001
251201415001,SSEN,38.0,5007.0,2024-12-29 04:30:00+00:00,"{'x': -0.292495, 'y': 51.487429}",SSEN-2512014150,SSEN-251201415001
251201415001,SSEN,38.0,4924.0,2024-12-29 05:00:00+00:00,"{'x': -0.292495, 'y': 51.487429}",SSEN-2512014150,SSEN-251201415001
251201415001,SSEN,38.0,4618.0,2024-12-29 05:30:00+00:00,"{'x': -0.292495, 'y': 51.487429}",SSEN-2512014150,SSEN-251201415001
251201415001,SSEN,38.0,5240.0,2024-12-29 06:00:00+00:00,"{'x': -0.292495, 'y': 51.487429}",SSEN-2512014150,SSEN-251201415001
251201415001,SSEN,38.0,5381.0,2024-12-29 06:30:00+00:00,"{'x': -0.292495, 'y': 51.487429}",SSEN-2512014150,SSEN-251201415001
251201415001,SSEN,38.0,5335.0,2024-12-29 07:00:00+00:00,"{'x': -0.292495, 'y': 51.487429}",SSEN-2512014150,SSEN-251201415001
251201415001,SSEN,38.0,5084.0,2024-12-29 07:30:00+00:00,"{'x': -0.292495, 'y': 51.487429}",SSEN-2512014150,SSEN-251201415001
251201415001,SSEN,38.0,5430.0,2024-12-29 08:00:00+00:00,"{'x': -0.292495, 'y': 51.487429}",SSEN-2512014150,SSEN-251201415001
251201415001,SSEN,38.0,5498.0,2024-12-29 08:30:00+00:00,"{'x': -0.292495, 'y': 51.487429}",SSEN-2512014150,SSEN-251201415001
251201415001,SSEN,38.0,5431.0,2024-12-29 09:00:00+00:00,"{'x': -0.292495, 'y': 51.487429}",SSEN-2512014150,SSEN-251201415001
251201415001,SSEN,38.0,6131.0,2024-12-29 09:30:00+00:00,"{'x': -0.292495, 'y': 51.487429}",SSEN-2512014150,SSEN-251201415001
251201415001,SSEN,38.0,7119.0,2024-12-29 10:00:00+00:00,"{'x': -0.292495, 'y': 51.487429}",SSEN-2512014150,SSEN-251201415001
251201415001,SSEN,38.0,6862.0,2024-12-29 10:30:00+00:00,"{'x': -0.292495, 'y': 51.487429}",SSEN-2512014150,SSEN-251201415001
251201415001,SSEN,38.0,6631.0,2024-12-29 11:00:00+00:00,"{'x': -0.292495, 'y': 51.487429}",SSEN-2512014150,SSEN-251201415001
251201415001,SSEN,38.0,7210.0,2024-12-29 11:30:00+00:00,"{'x': -0.292495, 'y': 51.487429}",SSEN-2512014150,SSEN-251201415001
251201415001,SSEN,38.0,6909.0,2024-12-29 12:00:00+00:00,"{'x': -0.292495, 'y': 51.487429}",SSEN-2512014150,SSEN-251201415001
251201415001,SSEN,38.0,7203.0,2024-12-29 12:30:00+00:00,"{'x': -0.292495, 'y': 51.487429}",SSEN-2512014150,SSEN-251201415001
251201415001,SSEN,38.0,7957.0,2024-12-29 13:00:00+00:00,"{'x': -0.292495, 'y': 51.487429}",SSEN-2512014150,SSEN-251201415001
251201415001,SSEN,38.0,7862.0,2024-12-29 13:30:00+00:00,"{'x': -0.292495, 'y': 51.487429}",SSEN-2512014150,SSEN-251201415001
251201415001,SSEN,38.0,8416.0,2024-12-29 14:00:00+00:00,"{'x': -0.292495, 'y': 51.487429}",SSEN-2512014150,SSEN-251201415001
251201415001,SSEN,38.0,8705.0,2024-12-29 14:30:00+00:00,"{'x': -0.292495, 'y': 51.487429}",SSEN-2512014150,SSEN-251201415001
251201415001,SSEN,38.0,8350.0,2024-12-29 15:00:00+00:00,"{'x': -0.292495, 'y': 51.487429}",SSEN-2512014150,SSEN-251201415001
251201415001,SSEN,38.0,7589.0,2024-12-29 15:30:00+00:00,"{'x': -0.292495, 'y': 51.487429}",SSEN-2512014150,SSEN-251201415001
251201415001,SSEN,38.0,8758.0,2024-12-29 16:00:00+00:00,"{'x': -0.292495, 'y': 51.487429}",SSEN-2512014150,SSEN-251201415001
251201415001,SSEN,38.0,8763.0,2024-12-29 16:30:00+00:00,"{'x': -0.292495, 'y': 51.487429}",SSEN-2512014150,SSEN-251201415001
251201415001,SSEN,38.0,8733.0,2024-12-29 17:00:00+00:00,"{'x': -0.292495, 'y': 51.487429}",SSEN-2512014150,SSEN-251201415001
251201415001,SSEN,38.0,8779.0,2024-12-29 17:30:00+00:00,"{'x': -0.292495, 'y': 51.487429}",SSEN-2512014150,SSEN-251201415001
251201415001,SSEN,38.0,9734.0,2024-12-29 18:00:00+00:00,"{'x': -0.292495, 'y': 51.487429}",SSEN-2512014150,SSEN-251201415001
251201415001,SSEN,38.0,11000.0,2024-12-29 18:30:00+00:00,"{'x': -0.292495, 'y': 51.487429}",SSEN-2512014150,SSEN-251201415001
251201415001,SSEN,38.0,10347.0,2024-12-29 19:00:00+00:00,"{'x': -0.292495, 'y': 51.487429}",SSEN-2512014150,SSEN-251201415001
251201415001,SSEN,38.0,11185.0,2024-12-29 19:30:00+00:00,"{'x': -0.292495, 'y': 51.487429}",SSEN-2512014150,SSEN-251201415001
251201415001,SSEN,38.0,11699.0,2024-12-29 20:00:00+00:00,"{'x': -0.292495, 'y': 51.487429}",SSEN-2512014150,SSEN-251201415001
251201415001,SSEN,38.0,9804.0,2024-12-29 20:30:00+00:00,"{'x': -0.292495, 'y': 51.487429}",SSEN-2512014150,SSEN-251201415001
251201415001,SSEN,38.0,8327.0,2024-12-29 21:00:00+00:00,"{'x': -0.292495, 'y': 51.487429}",SSEN-2512014150,SSEN-251201415001
251201415001,SSEN,38.0,8361.0,2024-12-29 21:30:00+00:00,"{'x': -0.292495, 'y': 51.487429}",SSEN-2512014150,SSEN-251201415001
251201415001,SSEN,38.0,9054.0,2024-12-29 22:00:00+00:00,"{'x': -0.292495, 'y': 51.487429}",SSEN-2512014150,SSEN-251201415001
251201415001,SSEN,38.0,8390.0,2024-12-29 22:30:00+00:00,"{'x': -0.292495, 'y': 51.487429}",SSEN-2512014150,SSEN-251201415001
251201415001,SSEN,38.0,6987.0,2024-12-29 23:00:00+00:00,"{'x': -0.292495, 'y': 51.487429}",SSEN-2512014150,SSEN-251201415001
251201415001,SSEN,38.0,8723.0,2024-12-29 23:30:00+00:00,"{'x': -0.292495, 'y': 51.487429}",SSEN-2512014150,SSEN-251201415001
251201415001,SSEN,38.0,7525.0,2024-12-30 00:00:00+00:00,"{'x': -0.292495, 'y': 51.487429}",SSEN-2512014150,SSEN-251201415001
251201415001,SSEN,38.0,6434.0,2024-12-30 00:30:00+00:00,"{'x': -0.292495, 'y': 51.487429}",SSEN-2512014150,SSEN-251201415001
251201415001,SSEN,38.0,6214.0,2024-12-30 01:00:00+00:00,"{'x': -0.292495, 'y': 51.487429}",SSEN-2512014150,SSEN-251201415001
251201415001,SSEN,38.0,5478.0,2024-12-30 01:30:00+00:00,"{'x': -0.292495, 'y': 51.487429}",SSEN-2512014150,SSEN-251201415001
251201415001,SSEN,38.0,5183.0,2024-12-30 02:00:00+00:00,"{'x': -0.292495, 'y': 51.487429}",SSEN-2512014150,SSEN-251201415001
251201415001,SSEN,38.0,5011.0,2024-12-30 02:30:00+00:00,"{'x': -0.292495, 'y': 51.487429}",SSEN-2512014150,SSEN-251201415001
251201415001,SSEN,38.0,5030.0,2024-12-30 03:00:00+00:00,"{'x': -0.292495, 'y': 51.487429}",SSEN-2512014150,SSEN-251201415001
251201415001,SSEN,38.0,4959.0,2024-12-30 03:30:00+00:00,"{'x': -0.292495, 'y': 51.487429}",SSEN-2512014150,SSEN-251201415001
251201415001,SSEN,38.0,5094.0,2024-12-30 04:00:00+00:00,"{'x': -0.292495, 'y': 51.487429}",SSEN-2512014150,SSEN-251201415001
251201415001,SSEN,38.0,4889.0,2024-12-30 04:30:00+00:00,"{'x': -0.292495, 'y': 51.487429}",SSEN-2512014150,SSEN-251201415001
251201415001,SSEN,38.0,4911.0,2024-12-30 05:00:00+00:00,"{'x': -0.292495, 'y': 51.487429}",SSEN-2512014150,SSEN-251201415001
251201415001,SSEN,38.0,4907.0,2024-12-30 05:30:00+00:00,"{'x': -0.292495, 'y': 51.487429}",SSEN-2512014150,SSEN-251201415001
251201415001,SSEN,38.0,5235.0,2024-12-30 06:00:00+00:00,"{'x': -0.292495, 'y': 51.487429}",SSEN-2512014150,SSEN-251201415001
251201415001,SSEN,38.0,5311.0,2024-12-30 06:30:00+00:00,"{'x': -0.292495, 'y': 51.487429}",SSEN-2512014150,SSEN-251201415001
251201415001,SSEN,38.0,5296.0,2024-12-30 07:00:00+00:00,"{'x': -0.292495, 'y': 51.487429}",SSEN-2512014150,SSEN-251201415001
251201415001,SSEN,38.0,5035.0,2024-12-30 07:30:00+00:00,"{'x': -0.292495, 'y': 51.487429}",SSEN-2512014150,SSEN-251201415001
251201415001,SSEN,38.0,5252.0,2024-12-30 08:00:00+00:00,"{'x': -0.292495, 'y': 51.487429}",SSEN-2512014150,SSEN-251201415001
251201415001,SSEN,38.0,6614.0,2024-12-30 08:30:00+00:00,"{'x': -0.292495, 'y': 51.487429}",SSEN-2512014150,SSEN-251201415001
251201415001,SSEN,38.0,6574.0,2024-12-30 09:00:00+00:00,"{'x': -0.292495, 'y': 51.487429}",SSEN-2512014150,SSEN-251201415001
251201415001,SSEN,38.0,6452.0,2024-12-30 09:30:00+00:00,"{'x': -0.292495, 'y': 51.487429}",SSEN-2512014150,SSEN-251201415001
251201415001,SSEN,38.0,6382.0,2024-12-30 10:00:00+00:00,"{'x': -0.292495, 'y': 51.487429}",SSEN-2512014150,SSEN-251201415001
251201415001,SSEN,38.0,6306.0,2024-12-30 10:30:00+00:00,"{'x': -0.292495, 'y': 51.487429}",SSEN-2512014150,SSEN-251201415001
251201415001,SSEN,38.0,6513.0,2024-12-30 11:00:00+00:00,"{'x': -0.292495, 'y': 51.487429}",SSEN-2512014150,SSEN-251201415001
251201415001,SSEN,38.0,7104.0,2024-12-30 11:30:00+00:00,"{'x': -0.292495, 'y': 51.487429}",SSEN-2512014150,SSEN-251201415001
251201415001,SSEN,38.0,9458.0,2024-12-30 12:00:00+00:00,"{'x': -0.292495, 'y': 51.487429}",SSEN-2512014150,SSEN-251201415001
251201415001,SSEN,38.0,8349.0,2024-12-30 12:30:00+00:00,"{'x': -0.292495, 'y': 51.487429}",SSEN-2512014150,SSEN-251201415001
251201415001,SSEN,38.0,8067.0,2024-12-30 13:00:00+00:00,"{'x': -0.292495, 'y': 51.487429}",SSEN-2512014150,SSEN-251201415001
251201415001,SSEN,38.0,8565.0,2024-12-30 13:30:00+00:00,"{'x': -0.292495, 'y': 51.487429}",SSEN-2512014150,SSEN-251201415001
251201415001,SSEN,38.0,10406.0,2024-12-30 14:00:00+00:00,"{'x': -0.292495, 'y': 51.487429}",SSEN-2512014150,SSEN-251201415001
251201415001,SSEN,38.0,11590.0,2024-12-30 14:30:00+00:00,"{'x': -0.292495, 'y': 51.487429}",SSEN-2512014150,SSEN-251201415001
251201415001,SSEN,38.0,8131.0,2024-12-30 15:00:00+00:00,"{'x': -0.292495, 'y': 51.487429}",SSEN-2512014150,SSEN-251201415001
251201415001,SSEN,38.0,7451.0,2024-12-30 15:30:00+00:00,"{'x': -0.292495, 'y': 51.487429}",SSEN-2512014150,SSEN-251201415001
251201415001,SSEN,38.0,8110.0,2024-12-30 16:00:00+00:00,"{'x': -0.292495, 'y': 51.487429}",SSEN-2512014150,SSEN-251201415001
251201415001,SSEN,38.0,8502.0,2024-12-30 16:30:00+00:00,"{'x': -0.292495, 'y': 51.487429}",SSEN-2512014150,SSEN-251201415001
251201415001,SSEN,38.0,8654.0,2024-12-30 17:00:00+00:00,"{'x': -0.292495, 'y': 51.487429}",SSEN-2512014150,SSEN-251201415001
251201415001,SSEN,38.0,8291.0,2024-12-30 17:30:00+00:00,"{'x': -0.292495, 'y': 51.487429}",SSEN-2512014150,SSEN-251201415001
251201415001,SSEN,38.0,8706.0,2024-12-30 18:00:00+00:00,"{'x': -0.292495, 'y': 51.487429}",SSEN-2512014150,SSEN-251201415001
251201415001,SSEN,38.0,8903.0,2024-12-30 18:30:00+00:00,"{'x': -0.292495, 'y': 51.487429}",SSEN-2512014150,SSEN-251201415001
251201415001,SSEN,38.0,11134.0,2024-12-30 19:00:00+00:00,"{'x': -0.292495, 'y': 51.487429}",SSEN-2512014150,SSEN-251201415001
251201415001,SSEN,38.0,11090.0,2024-12-30 19:30:00+00:00,"{'x': -0.292495, 'y': 51.487429}",SSEN-2512014150,SSEN-251201415001
251201415001,SSEN,38.0,11579.0,2024-12-30 20:00:00+00:00,"{'x': -0.292495, 'y': 51.487429}",SSEN-2512014150,SSEN-251201415001
251201415001,SSEN,38.0,12114.0,2024-12-30 20:30:00+00:00,"{'x': -0.292495, 'y': 51.487429}",SSEN-2512014150,SSEN-251201415001
251201415001,SSEN,38.0,11881.0,2024-12-30 21:00:00+00:00,"{'x': -0.292495, 'y': 51.487429}",SSEN-2512014150,SSEN-251201415001
251201415001,SSEN,38.0,10821.0,2024-12-30 21:30:00+00:00,"{'x': -0.292495, 'y': 51.487429}",SSEN-2512014150,SSEN-251201415001
251201415001,SSEN,38.0,10120.0,2024-12-30 22:00:00+00:00,"{'x': -0.292495, 'y': 51.487429}",SSEN-2512014150,SSEN-251201415001
251201415001,SSEN,38.0,10254.0,2024-12-30 22:30:00+00:00,"{'x': -0.292495, 'y': 51.487429}",SSEN-2512014150,SSEN-251201415001
251201415001,SSEN,38.0,9184.0,2024-12-30 23:00:00+00:00,"{'x': -0.292495, 'y': 51.487429}",SSEN-2512014150,SSEN-251201415001
251201415001,SSEN,38.0,7831.0,2024-12-30 23:30:00+00:00,"{'x': -0.292495, 'y': 51.487429}",SSEN-2512014150,SSEN-251201415001
251201415001,SSEN,38.0,8124.0,2024-12-31 00:00:00+00:00,"{'x': -0.292495, 'y': 51.487429}",SSEN-2512014150,SSEN-251201415001
251201415001,SSEN,36.0,8881.0,2024-12-31 00:30:00+00:00,"{'x': -0.292495, 'y': 51.487429}",SSEN-2512014150,SSEN-251201415001
251201415001,SSEN,36.0,7381.0,2024-12-31 01:00:00+00:00,"{'x': -0.292495, 'y': 51.487429}",SSEN-2512014150,SSEN-251201415001
251201415001,SSEN,36.0,5244.0,2024-12-31 01:30:00+00:00,"{'x': -0.292495, 'y': 51.487429}",SSEN-2512014150,SSEN-251201415001
251201415001,SSEN,36.0,5297.0,2024-12-31 02:00:00+00:00,"{'x': -0.292495, 'y': 51.487429}",SSEN-2512014150,SSEN-251201415001
251201415001,SSEN,36.0,5057.0,2024-12-31 02:30:00+00:00,"{'x': -0.292495, 'y': 51.487429}",SSEN-2512014150,SSEN-251201415001
251201415001,SSEN,36.0,5152.0,2024-12-31 03:00:00+00:00,"{'x': -0.292495, 'y': 51.487429}",SSEN-2512014150,SSEN-251201415001
251201415001,SSEN,36.0,5101.0,2024-12-31 03:30:00+00:00,"{'x': -0.292495, 'y': 51.487429}",SSEN-2512014150,SSEN-251201415001
251201415001,SSEN,36.0,4853.0,2024-12-31 04:00:00+00:00,"{'x': -0.292495, 'y': 51.487429}",SSEN-2512014150,SSEN-251201415001
251201415001,SSEN,36.0,5218.0,2024-12-31 04:30:00+00:00,"{'x': -0.292495, 'y': 51.487429}",SSEN-2512014150,SSEN-251201415001
251201415001,SSEN,36.0,5080.0,2024-12-31 05:00:00+00:00,"{'x': -0.292495, 'y': 51.487429}",SSEN-2512014150,SSEN-251201415001
251201415001,SSEN,36.0,4750.0,2024-12-31 05:30:00+00:00,"{'x': -0.292495, 'y': 51.487429}",SSEN-2512014150,SSEN-251201415001
251201415001,SSEN,36.0,4852.0,2024-12-31 06:00:00+00:00,"{'x': -0.292495, 'y': 51.487429}",SSEN-2512014150,SSEN-251201415001
251201415001,SSEN,36.0,4849.0,2024-12-31 06:30:00+00:00,"{'x': -0.292495, 'y': 51.487429}",SSEN-2512014150,SSEN-251201415001
251201415001,SSEN,36.0,4836.0,2024-12-31 07:00:00+00:00,"{'x': -0.292495, 'y': 51.487429}",SSEN-2512014150,SSEN-251201415001
251201415001,SSEN,36.0,5022.0,2024-12-31 07:30:00+00:00,"{'x': -0.292495, 'y': 51.487429}",SSEN-2512014150,SSEN-251201415001
251201415001,SSEN,36.0,4988.0,2024-12-31 08:00:00+00:00,"{'x': -0.292495, 'y': 51.487429}",SSEN-2512014150,SSEN-251201415001
251201415001,SSEN,36.0,4869.0,2024-12-31 08:30:00+00:00,"{'x': -0.292495, 'y': 51.487429}",SSEN-2512014150,SSEN-251201415001
251201415001,SSEN,36.0,5309.0,2024-12-31 09:00:00+00:00,"{'x': -0.292495, 'y': 51.487429}",SSEN-2512014150,SSEN-251201415001
251201415001,SSEN,36.0,5706.0,2024-12-31 09:30:00+00:00,"{'x': -0.292495, 'y': 51.487429}",SSEN-2512014150,SSEN-251201415001
251201415001,SSEN,36.0,6775.0,2024-12-31 10:00:00+00:00,"{'x': -0.292495, 'y': 51.487429}",SSEN-2512014150,SSEN-251201415001
251201415001,SSEN,36.0,7479.0,2024-12-31 10:30:00+00:00,"{'x': -0.292495, 'y': 51.487429}",SSEN-2512014150,SSEN-251201415001
251201415001,SSEN,36.0,7549.0,2024-12-31 11:00:00+00:00,"{'x': -0.292495, 'y': 51.487429}",SSEN-2512014150,SSEN-251201415001
251201415001,SSEN,36.0,6425.0,2024-12-31 11:30:00+00:00,"{'x': -0.292495, 'y': 51.487429}",SSEN-2512014150,SSEN-251201415001
251201415001,SSEN,36.0,6180.0,2024-12-31 12:00:00+00:00,"{'x': -0.292495, 'y': 51.487429}",SSEN-2512014150,SSEN-251201415001
251201415001,SSEN,36.0,6309.0,2024-12-31 12:30:00+00:00,"{'x': -0.292495, 'y': 51.487429}",SSEN-2512014150,SSEN-251201415001
251201415001,SSEN,36.0,7252.0,2024-12-31 13:00:00+00:00,"{'x': -0.292495, 'y': 51.487429}",SSEN-2512014150,SSEN-251201415001
251201415001,SSEN,36.0,8237.0,2024-12-31 13:30:00+00:00,"{'x': -0.292495, 'y': 51.487429}",SSEN-2512014150,SSEN-251201415001
251201415001,SSEN,36.0,7162.0,2024-12-31 14:00:00+00:00,"{'x': -0.292495, 'y': 51.487429}",SSEN-2512014150,SSEN-251201415001
251201415001,SSEN,36.0,7887.0,2024-12-31 14:30:00+00:00,"{'x': -0.292495, 'y': 51.487429}",SSEN-2512014150,SSEN-251201415001
251201415001,SSEN,36.0,12247.0,2024-12-31 15:00:00+00:00,"{'x': -0.292495, 'y': 51.487429}",SSEN-2512014150,SSEN-251201415001
251201415001,SSEN,36.0,12360.0,2024-12-31 15:30:00+00:00,"{'x': -0.292495, 'y': 51.487429}",SSEN-2512014150,SSEN-251201415001
251201415001,SSEN,36.0,10172.0,2024-12-31 16:00:00+00:00,"{'x': -0.292495, 'y': 51.487429}",SSEN-2512014150,SSEN-251201415001
251201415001,SSEN,36.0,9967.0,2024-12-31 16:30:00+00:00,"{'x': -0.292495, 'y': 51.487429}",SSEN-2512014150,SSEN-251201415001
251201415001,SSEN,36.0,11105.0,2024-12-31 17:00:00+00:00,"{'x': -0.292495, 'y': 51.487429}",SSEN-2512014150,SSEN-251201415001
251201415001,SSEN,36.0,10889.0,2024-12-31 17:30:00+00:00,"{'x': -0.292495, 'y': 51.487429}",SSEN-2512014150,SSEN-251201415001
251201415001,SSEN,36.0,10334.0,2024-12-31 18:00:00+00:00,"{'x': -0.292495, 'y': 51.487429}",SSEN-2512014150,SSEN-251201415001
251201415001,SSEN,36.0,13108.0,2024-12-31 18:30:00+00:00,"{'x': -0.292495, 'y': 51.487429}",SSEN-2512014150,SSEN-251201415001
251201415001,SSEN,36.0,12436.0,2024-12-31 19:00:00+00:00,"{'x': -0.292495, 'y': 51.487429}",SSEN-2512014150,SSEN-251201415001
251201415001,SSEN,36.0,11741.0,2024-12-31 19:30:00+00:00,"{'x': -0.292495, 'y': 51.487429}",SSEN-2512014150,SSEN-251201415001
251201415001,SSEN,36.0,11698.0,2024-12-31 20:00:00+00:00,"{'x': -0.292495, 'y': 51.487429}",SSEN-2512014150,SSEN-251201415001
251201415001,SSEN,36.0,13730.0,2024-12-31 20:30:00+00:00,"{'x': -0.292495, 'y': 51.487429}",SSEN-2512014150,SSEN-251201415001
251201415001,SSEN,36.0,12929.0,2024-12-31 21:00:00+00:00,"{'x': -0.292495, 'y': 51.487429}",SSEN-2512014150,SSEN-251201415001
251201415001,SSEN,36.0,10094.0,2024-12-31 21:30:00+00:00,"{'x': -0.292495, 'y': 51.487429}",SSEN-2512014150,SSEN-251201415001
251201415001,SSEN,36.0,9032.0,2024-12-31 22:00:00+00:00,"{'x': -0.292495, 'y': 51.487429}",SSEN-2512014150,SSEN-251201415001
251201415001,SSEN,36.0,9959.0,2024-12-31 22:30:00+00:00,"{'x': -0.292495, 'y': 51.487429}",SSEN-2512014150,SSEN-251201415001
251201415001,SSEN,36.0,9000.0,2024-12-31 23:00:00+00:00,"{'x': -0.292495, 'y': 51.487429}",SSEN-2512014150,SSEN-251201415001
251201415001,SSEN,36.0,9783.0,2024-12-31 23:30:00+00:00,"{'x': -0.292495, 'y': 51.487429}",SSEN-2512014150,SSEN-251201415001
